625
594
544
580
534
465
464
464
456
403
400
448
368
368
389
342
284
266
240
296
304
312
272
10000
225
448
548
721
912
1070
1196
1287
1425
1498
1681
1760
1813
1849
2030
2069
2096
2131
2239
2267
2383
2383
2435
2509
2519
2535
2559
2559
2615
2559
2769
2815
2751
2751
2763
2879
2807
2875
2800
2917
2859
2926
2927
2983
3035
2993
2975
2987
2999
2997
10000
2947
2605
2517
2383
2224
2087
2007
1824
1744
1639
1467
1446
1378
1287
1264
1188
1136
1074
1010
858
912
920
836
854
744
789
681
642
558
608
533
560
608
528
541
464
464
308
370
416
330
313
354
362
320
273
304
298
290
160
10000
260
448
613
717
822
1021
1088
1275
1424
1513
1744
1696
1777
1877
1966
1937
2114
2165
2227
2287
2399
2375
2431
2479
2511
2547
2638
2595
2667
2612
2719
2773
2811
2768
2767
2803
2833
2839
2943
2879
2907
2897
2923
2955
3007
2960
3045
3039
2997
2992
10000
2907
2710
2487
2320
2287
2013
1971
1870
1751
1658
1563
1451
1386
1266
1194
1168
1162
1021
1064
896
882
812
810
806
704
726
666
586
624
597
562
560
504
409
416
410
428
424
401
372
293
304
374
304
310
282
291
280
268
283
10000
256
464
629
686
848
949
1080
1191
1296
1520
1664
1660
1774
1836
1936
2070
2047
2160
2188
2241
2250
2417
2471
2455
2545
2510
2479
2590
2673
2671
2661
2719
2735
2861
2847
2775
2801
2865
2927
2893
2833
2886
2975
2934
2935
2917
3019
3023
3039
2979
10000
2851
2716
2527
2327
2181
2029
1918
1853
1717
1652
1586
1405
1351
1323
1254
1146
1100
1004
968
944
937
896
828
819
748
708
678
650
616
581
628
536
528
516
488
434
432
352
336
392
368
306
320
240
256
268
288
304
184
256
10000
260
400
562
724
864
1001
1104
1310
1347
1426
1664
1664
1697
1872
1922
1999
2071
2158
2224
2271
2319
2371
2423
2462
2491
2543
2559
2559
2638
2619
2607
2747
2738
2746
2783
2759
2699
2832
2865
2869
2919
2861
2951
2875
3007
2987
2963
3031
2983
3035
10000
2877
2719
2550
2311
2223
2014
1947
1815
1762
1681
1570
1444
1356
1346
1218
1152
1053
971
992
944
951
918
885
826
818
692
722
723
666
560
577
546
564
544
464
502
470
422
330
372
348
384
324
308
304
296
325
272
208
244
10000
194
461
652
756
848
1034
1184
1295
1350
1461
1610
1692
1779
1878
1984
2027
2089
2185
2214
2303
2363
2352
2342
2381
2478
2493
2537
2639
2653
2639
2742
2739
2735
2754
2819
2773
2798
2867
2821
2899
2855
2803
2951
2931
3007
2983
2995
2993
2967
2983
10000
2903
2629
2559
2303
2175
2071
1939
1770
1733
1575
1467
1470
1265
1296
1248
1144
1088
988
1070
934
845
837
768
800
712
697
689
592
680
604
492
464
562
509
408
400
369
410
449
336
346
342
329
321
384
232
304
306
234
232
10000
200
392
624
754
892
1056
1158
1312
1376
1580
1600
1680
1788
1936
1991
2059
2047
2225
2247
2343
2381
2447
2410
2445
2607
2598
2559
2635
2705
2671
2675
2755
2787
2775
2823
2851
2807
2877
2827
2853
2887
2875
2951
2915
2919
2955
2949
2991
2979
2995
10000
2827
2667
2454
2332
2179
2047
1917
1791
1686
1607
1585
1404
1371
1281
1173
1140
1090
1029
1040
917
825
833
793
773
697
738
688
646
608
568
617
594
480
472
410
410
409
388
368
376
357
405
338
272
282
342
296
306
344
280
10000
208
378
589
732
880
1088
1160
1231
1404
1518
1632
1742
1761
1874
1926
2094
2042
2221
2225
2197
2287
2361
2399
2414
2467
2640
2583
2594
2667
2658
2687
2733
2726
2767
2659
2819
2786
2935
2887
2847
2865
2991
2981
2891
2961
2971
2983
3010
3054
3135
10000
2867
2751
2467
2365
2283
2085
1891
1796
1678
1611
1535
1451
1365
1317
1264
1152
1074
1041
960
917
836
849
800
810
768
713
646
683
592
592
624
568
522
560
576
448
496
482
448
384
400
416
336
304
256
340
226
232
232
192
10000
208
476
579
656
880
988
1082
1281
1328
1444
1577
1678
1805
1857
1967
1950
2066
2179
2205
2224
2349
2375
2431
2435
2517
2543
2559
2551
2643
2640
2695
2723
2800
2759
2832
2749
2763
2919
2765
2863
2935
2927
2915
2897
2983
2897
2935
2855
2995
3037
10000
2931
2695
2559
2351
2162
2131
2013
1872
1786
1666
1535
1462
1379
1351
1236
1185
1114
1124
957
926
962
890
833
770
738
690
714
627
566
589
584
576
556
486
400
388
400
480
378
360
368
204
320
358
298
320
320
276
320
260
10000
172
434
654
762
824
1006
1177
1293
1336
1511
1648
1688
1808
1856
1929
2014
2046
2115
2175
2288
2343
2301
2410
2503
2447
2555
2539
2623
2643
2706
2710
2719
2822
2739
2707
2807
2935
2919
2863
2883
2927
2903
2919
3007
3015
3007
2983
3007
3053
2987
10000
2927
2670
2539
2405
2241
2078
2023
1863
1708
1605
1475
1456
1344
1309
1247
1156
1051
1016
987
916
907
861
832
853
756
798
704
708
708
581
600
596
482
528
480
502
416
464
365
456
384
389
378
342
324
328
232
256
256
227
10000
224
418
554
640
928
968
1129
1209
1352
1465
1585
1739
1672
1869
1904
2037
2103
2165
2157
2319
2315
2303
2415
2495
2461
2542
2638
2640
2631
2673
2722
2763
2795
2797
2655
2815
2877
2789
2903
2903
2896
2899
2927
2897
2939
3095
2982
2989
2911
2983
10000
2897
2707
2539
2350
2231
2143
1980
1841
1761
1646
1503
1477
1447
1344
1265
1213
1201
1052
1019
973
904
810
832
773
721
768
680
632
640
576
520
494
440
470
421
462
496
441
368
372
336
386
340
394
356
276
388
310
304
376
10000
294
440
594
738
796
1013
1136
1292
1366
1459
1583
1681
1822
1848
1904
1959
2029
2160
2215
2294
2266
2287
2434
2416
2431
2555
2611
2595
2687
2625
2693
2758
2751
2735
2711
2783
2823
2814
2799
2898
2957
2927
2942
2987
3023
2967
2966
3025
3023
3043
10000
2882
2768
2519
2370
2241
2095
1988
1849
1696
1670
1467
1464
1402
1316
1232
1195
1187
1040
944
916
921
904
880
752
752
762
704
656
614
472
592
592
520
557
544
344
432
484
424
448
424
417
390
348
352
260
344
264
224
292
10000
194
416
560
680
805
1004
1082
1234
1345
1439
1584
1645
1722
1823
1929
1990
2158
2157
2202
2275
2343
2369
2414
2419
2502
2534
2645
2623
2623
2741
2703
2703
2719
2774
2797
2783
2832
2815
2855
2923
2895
2859
2931
2879
2963
2971
3006
2929
2991
3055
10000
2821
2659
2546
2389
2298
2097
1915
1874
1790
1664
1669
1473
1434
1322
1286
1173
1141
1020
997
896
920
912
784
720
736
674
682
692
684
568
684
576
488
488
494
456
410
464
418
388
362
336
304
290
320
352
288
300
272
288
10000
272
419
576
704
845
1003
1102
1210
1372
1381
1611
1664
1739
1859
1921
2017
2064
2129
2223
2215
2303
2363
2370
2426
2519
2559
2613
2608
2627
2719
2743
2747
2749
2754
2781
2800
2851
2861
2829
2890
2815
2878
2931
2995
2959
2959
2981
3023
3039
2950
10000
2931
2641
2499
2326
2215
2070
1906
1907
1712
1596
1594
1408
1344
1366
1168
1195
1072
1009
1040
967
880
868
860
806
768
708
672
626
634
572
656
594
565
528
493
384
466
432
384
389
362
400
392
308
320
320
272
336
265
192
10000
80
374
592
656
824
1005
1137
1228
1465
1416
1514
1679
1685
1869
1873
2002
2059
2191
2239
2206
2354
2385
2423
2527
2519
2559
2546
2608
2675
2723
2723
2704
2787
2747
2703
2815
2799
2793
2809
2823
2833
2887
2938
2959
2983
2910
2922
2999
2995
3005
10000
2930
2737
2493
2335
2241
2197
1948
1838
1726
1623
1607
1535
1372
1305
1314
1159
1062
1072
978
973
930
914
876
768
708
785
664
657
594
594
590
536
568
547
476
497
434
384
376
413
368
352
340
368
236
368
348
336
280
256
10000
262
376
628
768
901
984
1138
1252
1403
1488
1568
1693
1695
1898
1909
2033
1986
2117
2182
2299
2318
2333
2363
2416
2455
2466
2590
2639
2655
2695
2734
2699
2757
2743
2795
2795
2831
2879
3022
2911
2843
2979
2959
2967
2951
2951
3014
2971
3026
3063
10000
2861
2727
2497
2359
2215
1984
1972
1877
1719
1619
1568
1435
1363
1300
1237
1180
1115
1168
966
930
930
848
812
857
736
731
650
650
660
624
624
557
508
500
480
464
476
424
406
410
448
368
384
370
288
266
277
273
272
209
10000
184
345
634
656
816
962
1178
1220
1344
1424
1571
1655
1687
1836
1943
1971
2087
2082
2242
2239
2313
2383
2461
2418
2463
2463
2519
2599
2675
2675
2642
2687
2795
2707
2681
2771
2799
2855
2839
2791
2832
2930
2939
2961
2897
2943
2883
2941
3047
2987
10000
2869
2711
2550
2326
2231
2055
1968
1934
1740
1662
1564
1465
1408
1340
1196
1052
1108
1027
962
996
848
872
832
960
832
722
732
704
640
528
532
544
480
517
470
372
448
434
320
400
352
368
338
306
300
288
353
320
224
256
10000
304
384
576
710
826
960
1082
1190
1360
1554
1602
1653
1777
1871
2005
2094
2110
2089
2181
2192
2279
2349
2399
2517
2559
2519
2559
2643
2637
2649
2723
2739
2767
2767
2759
2807
2851
2855
2835
2846
2875
2998
2960
2993
2963
2999
2950
2887
3007
2923
10000
2896
2685
2531
2277
2235
2075
2009
1841
1787
1659
1535
1459
1376
1362
1212
1136
1109
1120
998
886
896
856
907
784
774
752
688
672
668
625
576
530
442
560
493
432
464
416
454
422
348
356
304
320
273
268
228
256
320
280
10000
177
397
608
688
866
992
1088
1209
1371
1472
1585
1634
1731
1828
1939
1974
2047
2192
2203
2211
2278
2311
2395
2427
2559
2471
2543
2631
2595
2623
2672
2714
2781
2768
2775
2799
2815
2794
2839
2815
2887
2787
2903
2887
2990
2959
2929
3011
2987
2962
10000
2907
2707
2451
2303
2167
2102
1983
1872
1805
1676
1582
1398
1456
1345
1216
1203
1075
976
1008
947
865
864
801
788
686
690
634
656
592
625
490
464
557
432
472
460
453
420
402
330
332
306
336
356
308
320
226
288
232
284
10000
236
432
592
729
850
960
1044
1226
1322
1467
1535
1648
1760
1776
1923
2000
2075
2064
2179
2320
2321
2315
2403
2338
2475
2558
2615
260
376
368
368
328
320
264
272
240
288
256
218
10000
168
450
528
714
846
1076
1147
1186
1392
1477
1621
1750
1838
1937
1987
2031
2134
2228
2210
2291
2355
2399
2462
2557
2551
2595
2611
2591
2704
2775
2763
2731
2803
2799
2827
2769
2845
2863
2931
2896
2993
2949
2899
2943
2951
3007
3024
3007
3015
2987
10000
2903
2727
2503
2327
2211
2065
1951
1788
1773
1616
1535
1376
1340
1249
1188
1113
1046
916
918
974
931
846
793
840
752
668
668
624
560
578
572
576
516
467
501
432
428
400
356
441
352
322
296
320
304
272
290
217
218
272
10000
130
368
582
672
881
1003
1129
1263
1395
1552
1616
1744
1743
1937
1895
2095
2157
2153
2300
2323
2431
2411
2545
2541
2555
2608
2619
2643
2683
2733
2663
2727
2779
2731
2794
2859
2879
2897
2802
2927
2838
2971
2961
2997
3007
2951
2982
2987
2951
3039
10000
2911
2719
2458
2351
2206
2043
1901
1828
1733
1590
1586
1426
1419
1280
1234
1168
1072
1080
948
944
832
816
818
769
692
645
666
496
624
561
496
486
481
498
458
402
384
372
396
339
296
308
288
288
264
248
256
194
210
184
10000
176
378
582
698
897
1009
1130
1241
1396
1493
1691
1677
1829
1888
1998
2082
2118
2170
2257
2333
2321
2411
2527
2494
2611
2601
2583
2586
2711
2701
2719
2783
2834
2783
2805
2833
2813
2863
2871
2915
2983
2991
2973
2911
2955
2941
2999
3030
3039
3013
10000
2864
2695
2559
2347
2182
2070
1941
1754
1709
1600
1483
1461
1328
1298
1254
1140
1056
1046
925
936
820
845
772
758
723
680
628
632
576
563
564
514
452
468
432
424
406
428
373
320
340
336
353
288
282
218
240
226
272
234
10000
205
352
544
696
873
916
1072
1248
1397
1473
1574
1725
1870
1855
1953
1999
2167
2163
2224
2303
2385
2429
2407
2487
2543
2618
2701
2687
2618
2683
2723
2783
2827
2800
2807
2803
2871
2891
2885
2967
2906
2915
2943
3029
2931
2991
2991
2997
3055
3003
10000
2943
2687
2539
2255
2135
2027
1854
1872
1756
1637
1572
1411
1324
1290
1197
1136
1066
1052
980
912
892
768
818
786
720
684
656
610
592
520
472
528
528
474
484
410
432
416
284
354
353
368
320
272
282
244
202
256
160
272
10000
218
372
610
721
811
976
1110
1256
1312
1527
1617
1737
1805
1908
2032
1970
2133
2094
2223
2343
2355
2413
2449
2512
2559
2535
2559
2559
2599
2686
2723
2737
2747
2758
2783
2851
2863
2869
2879
2845
2831
2883
2963
2927
3071
2986
2983
2975
3059
3019
10000
2899
2736
2479
2395
2253
2076
1969
1755
1659
1632
1535
1413
1376
1329
1213
1149
1074
1080
944
864
912
859
759
739
723
689
686
658
614
646
568
582
496
496
474
405
400
421
361
386
384
368
352
320
196
244
274
241
288
194
10000
300
416
540
728
816
1048
1138
1274
1362
1448
1584
1699
1863
1827
1950
2030
2127
2245
2294
2353
2313
2322
2453
2495
2549
2559
2655
2641
2679
2735
2693
2722
2791
2749
2734
2857
2887
2854
2883
2911
2973
2981
3003
2957
2959
2959
2887
3019
2979
3039
10000
2899
2719
2515
2258
2221
2071
1991
1830
1719
1590
1478
1385
1347
1315
1190
1104
1132
1069
976
928
818
868
716
745
705
640
682
611
602
533
562
468
469
420
448
424
397
373
300
314
288
308
296
266
304
292
240
234
234
204
10000
208
386
566
705
816
896
1040
1280
1341
1487
1614
1749
1787
1959
1953
2105
2131
2117
2295
2335
2405
2381
2503
2511
2511
2559
2615
2639
2743
2673
2619
2683
2800
2791
2847
2843
2867
2875
2834
2935
2997
3003
2960
2941
2973
2928
3027
2974
3005
2999
10000
2875
2694
2507
2350
2259
2042
1895
1806
1744
1593
1489
1393
1374
1283
1201
1136
1022
1008
922
904
852
789
828
736
774
661
608
630
560
562
500
576
528
464
478
420
418
384
352
368
352
336
304
246
256
358
296
228
232
224
10000
152
416
598
680
888
988
1162
1232
1354
1568
1621
1680
1808
1931
1979
2019
2093
2181
2237
2319
2426
2367
2494
2513
2546
2539
2559
2663
2647
2659
2709
2747
2779
2751
2747
2795
2868
2831
2821
2939
2867
2943
2975
2951
2935
2971
3043
3015
2949
3059
10000
2879
2725
2512
2391
2213
2010
1925
1851
1694
1616
1534
1494
1426
1245
1184
1148
1042
1018
1049
880
901
800
800
752
680
660
609
612
628
546
468
560
449
488
456
428
432
352
336
321
336
384
320
300
329
320
259
304
192
208
10000
256
370
589
722
843
878
1114
1248
1373
1520
1655
1750
1798
1923
1978
2064
2074
2235
2259
2253
2375
2435
2487
2467
2549
2559
2615
2671
2738
2669
2795
2727
2763
2802
2782
2854
2843
2891
2891
2871
3011
2879
2896
3019
2911
2919
2971
2983
3047
3007
10000
2911
2695
2527
2397
2221
2077
1945
1802
1690
1584
1511
1463
1355
1228
1152
1166
986
976
980
912
868
849
778
708
749
656
648
601
673
598
560
546
510
488
434
466
322
406
384
353
336
336
348
272
284
240
322
320
246
256
10000
96
320
554
664
880
880
1006
1198
1344
1508
1584
1664
1751
1859
2007
2011
2073
2189
2256
2352
2357
2426
2477
2481
2559
2559
2608
2639
2691
2735
2709
2608
2781
2815
2783
2787
2864
2871
2799
2911
2871
2911
2966
2943
2943
2973
2951
3013
2982
2961
10000
2871
2683
2475
2431
2225
1998
1889
1834
1761
1648
1552
1431
1345
1291
1193
1149
1088
881
942
930
810
842
828
752
713
640
614
662
614
596
524
538
498
432
378
412
392
449
356
354
320
400
268
324
298
242
202
236
304
240
10000
217
400
538
745
838
968
1184
1201
1378
1375
1639
1743
1776
1871
2022
2015
2096
2157
2187
2291
2322
2375
2415
2469
2641
2527
2559
2631
2763
2606
2735
2775
2695
2732
2861
2815
2791
2879
2933
2911
2930
2927
3055
2949
2918
2929
3047
3039
2995
2907
10000
2887
2695
2547
2341
2189
2128
1969
1767
1681
1614
1446
1455
1355
1258
1166
1172
1040
1008
912
913
768
804
816
756
704
576
674
588
544
510
556
464
460
464
496
432
448
384
384
352
340
313
256
256
314
222
330
264
216
228
10000
208
368
488
673
786
1035
1122
1343
1394
1500
1523
1710
1850
1918
1953
2077
2091
2227
2226
2340
2352
2355
2471
2495
2499
2657
2559
2679
2709
2701
2706
2727
2771
2833
2847
2815
2837
2885
2885
2855
2863
2863
2975
2911
2975
3005
2967
3035
3025
3039
10000
2939
2714
2531
2333
2175
2017
1943
1831
1808
1602
1520
1374
1350
1325
1198
1235
1082
1002
912
885
848
777
837
736
708
640
640
688
624
604
562
496
458
400
426
426
448
368
296
370
394
304
330
265
304
320
240
208
256
194
10000
200
384
525
674
860
962
1107
1237
1397
1488
1673
1730
1815
1923
1918
1985
2133
2192
2235
2283
2310
2363
2426
2527
2531
2613
2613
2611
2691
2731
2641
2639
2746
2735
2807
2782
2891
2875
2878
2918
2911
2899
2909
2987
2987
2961
3045
3025
3006
2990
10000
2951
2675
2551
2331
2227
2070
1943
1813
1731
1629
1522
1397
1338
1328
1184
1200
1008
1090
944
848
828
810
776
744
752
718
636
590
576
530
506
552
456
496
436
496
368
364
400
314
313
268
308
288
302
321
170
233
224
234
10000
176
336
560
692
816
944
1095
1225
1367
1535
1603
1713
1739
1897
2032
2094
2102
2175
2224
2339
2357
2382
2446
2525
2544
2599
2619
2633
2747
2715
2620
2763
2783
2815
2755
2885
2837
2906
2867
2943
2883
2935
2943
2983
2993
2875
2969
2982
3103
2995
10000
2951
2655
2493
2354
2159
2082
1926
1778
1723
1535
1612
1414
1296
1318
1212
1113
1104
1068
967
928
918
860
768
771
749
741
627
596
560
600
556
576
384
480
432
373
448
376
434
364
400
330
268
320
272
224
300
188
296
210
10000
224
424
628
782
858
934
1082
1294
1379
1498
1611
1629
1787
1870
1905
2111
2153
2134
2256
2326
2416
2422
2450
2475
2559
2490
2535
2634
2659
2705
2786
2686
2803
2815
2799
2779
2895
2911
2911
2935
2911
2855
2951
2935
2923
2955
3011
3039
3055
2949
10000
2935
2683
2475
2358
2183
2081
1919
1818
1722
1639
1477
1421
1305
1280
1164
1129
926
941
972
910
853
856
832
704
732
728
662
640
593
544
530
608
498
448
522
452
388
480
365
336
438
300
320
324
256
280
256
230
246
256
10000
232
396
540
651
848
1008
1040
1237
1411
1456
1645
1733
1839
1846
2011
2087
2160
2224
2224
2303
2381
2379
2475
2485
2527
2589
2559
2735
2647
2683
2735
2813
2871
2813
2807
2849
2827
2831
2871
3006
2911
2895
2855
3003
2983
3011
2951
2989
3024
3038
10000
2919
2679
2503
2331
2209
2019
1917
1809
1774
1627
1505
1418
1401
1264
1169
1168
1166
994
976
882
834
848
866
858
746
709
744
581
632
608
552
500
504
481
514
428
450
404
332
346
324
350
312
320
262
320
282
260
240
245
10000
228
390
577
658
869
992
1093
1267
1353
1437
1468
1616
1770
1887
1914
2000
2017
2145
2211
2258
2325
2369
2423
2387
2506
2507
2533
2623
2615
2609
2649
2659
2751
2738
2813
2757
2795
2831
2843
2895
2955
2941
2928
2909
2943
2983
2965
2963
2959
3019
10000
2879
2634
2559
2407
2219
2069
1931
1874
1778
1709
1520
1471
1368
1296
1334
1169
1088
1008
985
1018
852
840
881
706
787
762
725
658
680
614
544
580
552
476
466
434
449
440
388
384
404
360
336
342
320
280
312
282
256
240
10000
204
405
553
704
854
970
1081
1222
1346
1498
1562
1648
1734
1906
1915
2047
2118
2119
2229
2237
2291
2384
2435
2479
2506
2512
2603
2594
2618
2659
2773
2694
2703
2747
2783
2839
2863
2831
2899
2878
2917
2931
2879
2934
2975
2915
2931
2911
2928
2933
10000
2863
2723
2499
2371
2224
2158
1961
1859
1703
1653
1553
1493
1431
1280
1290
1182
1152
1078
1007
1006
880
846
868
778
738
688
729
688
676
592
490
566
493
472
410
456
396
396
416
394
448
320
304
281
312
280
320
283
284
240
10000
236
432
526
652
848
876
1120
1233
1363
1484
1616
1679
1739
1762
1889
2027
2010
2131
2227
2231
2290
2303
2399
2438
2447
2479
2555
2586
2636
2705
2723
2757
2723
2759
2831
2887
2863
2837
2843
2903
2917
2879
2975
2909
2963
2898
2907
2963
3047
2960
10000
2887
2735
2543
2363
2237
2094
1966
1798
1792
1665
1535
1445
1383
1280
1273
1198
1089
1104
924
929
900
867
832
817
759
768
693
695
576
584
649
592
564
528
492
416
462
515
352
354
368
340
358
372
331
320
312
272
216
185
10000
176
368
464
704
836
990
1010
1225
1341
1424
1535
1668
1802
1883
1855
1943
2095
2158
2163
2224
2306
2373
2386
2543
2430
2535
2608
2645
2637
2672
2768
2747
2803
2715
2802
2831
2831
2839
2845
2833
2855
2891
2895
2901
2971
2965
3023
3039
2915
2918
10000
2891
2709
2527
2370
2255
2077
2003
1925
1735
1674
1527
1444
1383
1354
1280
1148
1114
1072
1044
986
938
854
877
800
768
716
720
625
616
534
572
528
525
460
469
394
464
416
419
428
392
320
356
336
256
320
330
281
240
256
10000
234
368
629
752
862
992
1161
1240
1327
1495
1489
1651
1753
1872
1902
2000
2095
2083
2147
2295
2308
2467
2387
2423
2481
2480
2590
2635
2651
2671
2691
2679
2807
2690
2837
2867
2835
2855
2846
2871
2943
2901
2965
2940
2929
2967
3021
2935
2975
3011
10000
2915
2717
2543
2321
2196
2163
2059
1872
1675
1648
1507
1514
1459
1325
1264
1230
1105
1090
976
944
901
892
795
752
812
778
682
625
616
596
556
586
576
544
518
500
416
384
384
413
353
420
330
354
276
280
304
272
240
304
10000
257
401
576
690
832
972
1042
1209
1296
1511
1591
1648
1817
1804
1923
2037
2111
2143
2152
2271
2303
2373
2401
2423
2507
2557
2539
2623
2703
2685
2671
2758
2687
2763
2767
2831
2789
2791
2859
2875
2879
2927
2918
2953
2919
2967
2906
2971
2959
2943
10000
2863
2679
2535
2375
2191
2062
1968
1776
1744
1662
1632
1471
1478
1307
1157
1168
1168
1051
988
949
940
885
816
704
720
752
682
674
640
497
588
540
528
492
459
433
417
432
386
410
404
356
352
352
240
324
304
264
272
336
10000
310
458
610
720
839
986
1154
1216
1323
1491
1628
1642
1761
1861
1919
1968
2047
2096
2190
2266
2253
2347
2413
2423
2475
2471
2513
2559
2629
2661
2685
2821
2813
2738
2735
2758
2779
2891
2847
2927
2907
2919
2928
2927
2859
2943
2943
2971
2939
2943
10000
2963
2646
2523
2379
2241
2096
1967
1837
1717
1650
1535
1444
1344
1296
1236
1195
1164
1005
1034
970
912
865
854
744
821
716
692
668
609
641
580
640
530
560
453
481
376
432
426
388
308
280
368
329
280
320
354
320
232
256
10000
256
432
484
694
812
866
1056
1164
1303
1378
1597
1671
1693
1872
1926
1994
1999
2215
2256
2263
2351
2323
2434
2389
2471
2523
2512
2619
2659
2679
2691
2733
2669
2747
2779
2811
2847
2833
2871
2879
2958
2928
2934
2947
2979
2927
2999
2992
2971
3071
10000
2815
2703
2559
2375
2251
2145
2023
1906
1807
1706
1617
1469
1385
1354
1280
1200
1130
1045
992
1008
949
880
816
820
793
708
704
666
592
565
562
576
552
482
452
507
490
384
384
384
362
401
368
293
298
256
256
284
304
256
10000
246
369
572
704
802
960
1118
1239
1383
1458
1568
1712
1821
1840
1931
2043
2031
2112
2214
2230
2357
2315
2391
2517
2423
2498
2591
2591
2626
2642
2703
2651
2625
2799
2811
2835
2830
2871
2846
2837
2911
2955
2947
2929
2971
2993
2983
2999
2973
2963
10000
2959
2711
2498
2353
2243
2103
1914
1869
1735
1647
1585
1501
1399
1313
1300
1193
1058
986
994
925
967
858
864
758
760
717
716
684
589
600
610
624
566
484
587
480
422
500
375
409
304
342
377
356
304
336
288
306
274
265
10000
240
416
546
758
806
1002
1100
1200
1353
1471
1604
1657
1773
1895
2001
2039
2007
2151
2258
2224
2282
2385
2413
2450
2481
2513
2587
2639
2667
2639
2691
2768
2730
2799
2733
2775
2803
2815
2879
2864
2879
3003
2867
2911
2943
2971
2979
2943
2962
2967
10000
2875
2775
2450
2391
2178
2125
1990
1923
1808
1718
1590
1462
1424
1362
1233
1172
1136
1091
1072
901
937
921
824
802
761
804
673
618
612
608
509
570
576
480
432
400
492
428
423
282
356
400
358
308
257
304
288
304
233
240
10000
257
400
530
790
841
954
1057
1246
1356
1479
1527
1651
1771
1785
1937
1973
2059
2134
2287
2239
2259
2333
2375
2357
2447
2661
2590
2640
2607
2559
2675
2678
2736
2705
2801
2800
2783
2768
2823
2879
2863
2874
2898
2875
2855
2960
2991
3007
2963
2983
10000
2854
2711
2495
2323
2189
2043
1875
1910
1775
1625
1493
1452
1406
1356
1214
1120
1168
1056
1028
902
898
918
810
754
800
720
664
656
688
569
592
544
531
473
480
522
449
454
448
368
456
416
368
338
272
256
264
288
300
248
10000
224
432
486
640
749
956
968
1133
1360
1478
1511
1666
1712
1776
1927
1970
2106
2179
2209
2239
2267
2352
2377
2451
2541
2559
2512
2598
2603
2663
2711
2723
2778
2802
2815
2771
2768
2829
2807
2805
2803
2903
2929
2973
2927
2983
2917
2909
3007
2967
10000
2851
2735
2559
2398
2267
2153
2000
1986
1717
1712
1600
1440
1443
1311
1240
1150
1105
1088
986
956
916
866
832
840
764
672
626
694
659
552
608
516
438
536
521
437
402
386
384
408
352
372
344
256
242
356
304
280
310
306
10000
256
416
616
649
784
1072
1210
1261
1373
1419
1566
1622
1753
1885
1887
2002
2091
2159
2162
2224
2307
2375
2416
2455
2480
2514
2607
2687
2519
2695
2671
2671
2723
2747
2790
2774
2795
2838
2863
2919
2895
2911
2949
2925
2961
3037
2927
2975
2963
2943
10000
2851
2709
2535
2362
2190
2102
1950
1798
1718
1639
1629
1445
1380
1296
1280
1154
1072
1152
1060
989
922
866
752
873
725
768
713
657
625
603
580
564
496
516
504
456
470
402
452
402
404
352
320
313
305
336
328
244
336
224
10000
176
464
489
688
864
896
1072
1214
1307
1418
1648
1635
1746
1844
1896
2059
2064
2135
2247
2303
2343
2398
2351
2463
2449
2559
2519
2609
2631
2631
2677
2677
2763
2791
2705
2803
2805
2805
2895
2862
2839
2839
2863
2903
2933
2917
3039
2961
3014
2957
10000
2915
2717
2531
2367
2303
2079
1941
1866
1808
1632
1614
1488
1340
1354
1274
1184
1152
1104
981
952
914
832
786
781
752
674
656
642
632
629
560
528
520
476
448
496
352
344
385
410
352
336
336
298
306
272
288
258
243
256
10000
260
464
613
705
860
1044
1136
1266
1408
1487
1587
1696
1840
1874
1945
1990
2077
2095
2206
2262
2288
2347
2473
2433
2453
2491
2511
2642
2647
2707
2667
2687
2737
2775
2851
2815
2879
2867
2929
2887
2923
2918
2963
2886
2927
2993
2949
2981
3031
3030
10000
2939
2655
2510
2387
2179
2095
1919
1808
1689
1638
1562
1409
1393
1270
1218
1194
1045
1074
1033
933
870
880
861
825
794
742
698
672
616
550
552
536
572
545
496
493
452
460
450
352
432
384
336
296
296
320
276
272
272
267
10000
256
360
538
672
873
960
1040
1210
1317
1445
1554
1648
1732
1819
1936
2015
2001
2113
2215
2239
2351
2367
2326
2411
2469
2559
2559
2604
2679
2640
2691
2759
2799
2797
2787
2829
2879
2885
2863
2893
2837
2928
2879
2943
2987
3024
2925
2995
3029
2949
10000
2973
2763
2451
2421
2231
2097
1999
1867
1790
1711
1591
1461
1443
1339
1280
1190
1100
1040
994
972
916
880
768
818
730
694
720
697
658
597
608
564
548
502
410
465
480
432
336
384
392
436
336
305
300
256
313
257
313
292
10000
236
427
544
752
848
918
1082
1254
1327
1472
1531
1681
1765
1840
1939
2010
2107
2141
2219
2291
2334
2439
2363
2477
2471
2543
2586
2545
2631
2631
2813
2671
2743
2719
2827
2822
2855
2807
2791
2847
2943
2903
2895
2951
2928
3191
3025
3011
3007
3011
10000
2871
2736
2527
2369
2237
2058
1993
1843
1718
1604
1584
1488
1445
1360
1250
1130
1120
1008
1040
950
902
920
835
808
762
678
754
722
664
544
634
544
596
496
448
469
458
416
384
409
329
345
312
344
368
336
304
248
282
256
10000
130
384
576
660
784
890
1015
1198
1298
1408
1531
1612
1702
1819
1931
1931
2086
2090
2270
2225
2288
2367
2407
2383
2495
2559
2519
2595
2678
2631
2699
2771
2753
2718
2801
2801
2775
2815
2893
2915
2879
2939
2935
2827
2957
2935
2939
2993
2955
3027
10000
2901
2737
2557
2399
2286
2090
1986
1856
1772
1683
1565
1489
1491
1341
1237
1168
1181
1100
1014
957
913
844
778
768
778
697
704
657
590
538
552
592
540
550
520
428
465
384
422
368
348
336
336
339
308
340
320
361
272
226
10000
224
493
601
716
836
1003
1096
1280
1310
1409
1623
1677
1799
1866
1927
1968
2047
2096
2186
2219
2385
2357
2395
2437
2428
2594
2597
2558
2687
2607
2687
2693
2759
2815
2847
2806
2815
2799
2815
2919
2930
2939
2987
2934
2863
2955
2999
2943
3003
3031
10000
2887
2679
2515
2422
2275
2165
1999
1903
1761
1629
1488
1488
1402
1331
1193
1209
1138
1152
981
919
949
896
850
824
805
736
713
768
642
613
552
592
550
560
442
432
458
448
386
405
298
340
296
320
328
304
276
322
242
272
10000
240
406
564
715
813
970
1136
1206
1355
1410
1535
1661
1761
1877
1903
1937
2098
2101
2253
2278
2319
2407
2447
2431
2558
2533
2611
2610
2695
2609
2751
2670
2687
2819
2769
2791
2791
2815
2862
2875
2886
2907
2886
2991
2985
3021
2929
2951
2959
3088
10000
2865
2715
2527
2423
2261
2119
1971
1901
1785
1632
1621
1500
1396
1353
1232
1205
1127
1069
970
939
886
924
877
781
720
768
678
666
688
578
553
616
552
484
488
456
428
370
432
371
322
354
324
304
276
301
304
256
312
305
10000
280
432
480
745
842
984
1104
1177
1298
1504
1455
1653
1762
1840
1943
2010
2093
2126
2195
2173
2233
2349
2371
2475
2539
2507
2635
2559
2629
2640
2723
2683
2733
2739
2800
2807
2803
2821
2832
2887
2894
2894
2959
2943
2995
2957
2975
2971
3005
3067
10000
2830
2745
2521
2333
2278
2140
1983
1851
1718
1659
1511
1507
1371
1328
1196
1184
1069
1082
1058
928
960
848
820
813
760
698
656
640
668
661
576
569
579
505
496
460
461
432
456
352
292
238
386
324
354
320
284
274
224
244
10000
248
416
581
720
852
938
1054
1185
1309
1426
1584
1648
1779
1831
1813
2047
2066
2167
2199
2254
2289
2329
2363
2467
2527
2478
2551
2669
2647
2609
2687
2703
2751
2759
2719
2815
2833
2823
2854
2943
2853
2891
2943
2943
2935
2899
3007
3047
3015
2963
10000
2883
2723
2557
2401
2227
2127
1946
1838
1772
1615
1516
1520
1440
1300
1233
1243
1160
1044
998
949
886
889
848
756
710
714
741
698
656
581
628
528
490
504
480
436
473
440
432
432
310
336
418
366
322
270
324
240
320
272
10000
258
416
548
721
848
1001
1168
1228
1430
1529
1600
1731
1831
1782
1958
2018
2087
2177
2231
2135
2259
2289
2357
2463
2555
2511
2523
2559
2639
2559
2685
2705
2742
2707
2757
2815
2871
2815
2821
2927
2839
2925
2895
2860
2975
2992
3034
3011
2999
3011
10000
2803
2743
2511
2352
2240
2047
1951
1877
1675
1642
1527
1457
1374
1371
1275
1193
1133
1057
1077
901
932
932
832
794
800
694
715
656
664
620
592
556
613
477
496
496
472
392
437
416
368
358
344
275
345
272
352
298
168
281
10000
176
336
592
674
752
896
1061
1168
1298
1427
1535
1616
1741
1808
1923
1969
2075
2121
2217
2268
2320
2315
2367
2447
2507
2459
2586
2615
2633
2694
2672
2735
2751
2763
2787
2799
2815
2827
2879
2879
2995
2901
2825
2871
2995
3007
3003
2955
3023
2969
10000
2887
2701
2551
2391
2247
2087
1983
1810
1776
1647
1535
1413
1435
1348
1264
1216
1072
1030
1034
944
858
848
810
820
760
726
677
626
600
632
576
517
544
464
464
457
390
336
396
433
346
346
312
328
240
320
272
324
284
304
10000
224
432
608
752
770
992
1072
1216
1313
1465
1535
1707
1737
1810
1887
1971
2006
2150
2159
2183
2271
2327
2367
2417
2467
2559
2548
2559
2639
2603
2687
2701
2757
2739
2807
2767
2877
2854
2865
2859
2846
2947
2955
2910
2959
2990
2931
3007
3011
3047
10000
2979
2767
2514
2333
2246
2128
1997
1826
1697
1637
1590
1405
1332
1280
1139
1168
1144
1041
976
942
864
964
828
810
752
725
834
692
560
576
608
624
585
469
485
464
441
400
378
472
354
307
294
308
320
282
249
164
281
220
10000
225
424
528
681
784
1008
1166
1220
1302
1526
1600
1645
1762
1835
1915
1955
2033
2115
2153
2320
2320
2339
2384
2450
2559
2521
2559
2662
2641
2759
2679
2736
2768
2707
2749
2815
2879
2895
2811
2862
2846
2909
2909
2937
2959
2963
2993
2991
3015
2951
10000
2859
2717
2547
2277
2291
2085
1997
1859
1733
1696
1641
1491
1408
1303
1296
1164
1136
1120
1008
896
964
944
860
800
740
713
725
722
569
586
592
544
474
496
496
528
404
420
392
377
330
402
364
336
342
276
296
272
320
212
10000
242
450
628
720
844
944
1136
1228
1328
1458
1572
1677
1734
1872
1959
1961
2127
2061
2214
2279
2339
2350
2461
2443
2534
2559
2559
2559
2683
2685
2694
2783
2711
2719
2751
2787
2891
2865
2939
2903
2928
2951
2947
2927
2863
2975
3015
2978
3023
3101
10000
2919
2723
2539
2335
2240
2149
1936
1861
1715
1629
1526
1424
1381
1360
1328
1132
1127
1084
1046
960
868
866
832
790
768
788
748
594
684
604
576
568
564
544
492
417
400
362
408
370
352
304
368
280
364
341
218
256
296
320
10000
188
344
560
668
816
944
1074
1185
1390
1466
1600
1599
1787
1857
1918
2003
2098
2179
2186
2274
2299
2416
2375
2484
2387
2559
2559
2559
2559
2803
2699
2767
2739
2751
2867
2771
2791
2815
2831
2813
2885
2879
2887
2953
2915
2911
2915
2907
3007
2948
10000
2815
2662
2495
2365
2303
2098
2017
1935
1840
1658
1525
1464
1409
1372
1322
1168
1100
1061
1008
929
910
827
850
880
802
714
584
640
592
654
580
530
502
480
400
496
411
408
400
396
388
409
394
394
320
320
288
238
260
212
10000
276
400
608
714
832
905
1097
1171
1346
1530
1452
1680
1818
1789
1856
1970
1968
2137
2175
2255
2243
2385
2327
2410
2550
2519
2481
2623
2641
2643
2653
2736
2711
2750
2811
2827
2803
2850
2851
2864
2903
2959
2915
2951
2957
2931
2973
2983
2987
3036
10000
2837
2735
2517
2394
2271
2113
1922
1909
1678
1631
1626
1500
1376
1331
1276
1264
1130
994
993
968
944
848
826
873
724
738
742
716
672
592
602
576
554
506
516
464
496
464
333
396
368
405
356
336
304
304
213
273
232
296
10000
176
448
560
737
868
945
1072
1236
1275
1457
1563
1617
1831
1889
1871
1979
2139
2113
2239
2261
2367
2323
2411
2470
2514
2486
2559
2559
2647
2691
2755
2737
2775
2802
2821
2747
2771
2742
2810
2809
2865
2879
2939
2919
2875
2961
2975
2989
2943
3119
10000
2895
2799
2497
2341
2242
2182
1984
1869
1758
1622
1570
1459
1402
1307
1305
1229
1216
1058
1003
922
907
848
809
734
750
726
640
688
662
594
578
560
450
528
450
423
433
410
402
464
276
344
372
341
320
256
321
331
200
266
10000
196
480
544
833
843
945
1103
1178
1402
1509
1532
1632
1839
1824
1901
1966
2047
2112
2165
2275
2293
2315
2384
2447
2534
2462
2503
2509
2559
2625
2634
2769
2759
2738
2766
2835
2767
2850
2863
2871
2907
2927
2899
2967
2899
2975
2983
2925
2943
3005
10000
2915
2727
2417
2384
2261
2054
1983
1840
1679
1633
1552
1445
1368
1337
1250
1172
1099
1015
988
886
913
954
848
848
770
742
752
677
658
596
672
632
544
528
576
438
480
422
432
416
392
416
217
358
346
349
242
280
240
228
10000
264
448
480
688
836
954
1088
1198
1351
1426
1517
1664
1712
1872
1911
1975
2032
2160
2147
2205
2349
2289
2447
2419
2447
2559
2615
2603
2655
2661
2651
2705
2763
2735
2733
2787
2815
2879
2859
2875
2943
2799
2859
2927
2899
2975
2947
3011
3019
3011
10000
2902
2639
2495
2353
2288
2135
1986
1940
1795
1657
1522
1472
1450
1386
1360
1232
1105
1208
1020
984
916
896
873
864
724
689
640
613
608
625
560
562
496
546
448
532
496
436
457
384
345
352
394
368
324
340
288
308
324
328
10000
192
372
568
685
768
970
1073
1233
1331
1424
1520
1707
1771
1807
1961
2013
1975
2123
2224
2234
2224
2343
2384
2449
2455
2471
2531
2549
2639
2671
2699
2759
2719
2693
2821
2821
2835
2903
2833
2864
2943
2870
2898
3019
2927
3031
3063
2949
3011
3023
10000
2887
2671
2550
2327
2255
2127
1945
1771
1713
1647
1535
1420
1408
1366
1205
1161
1104
1064
1040
925
934
918
800
813
802
762
700
720
617
628
560
605
550
464
496
448
388
418
430
400
376
320
336
336
266
308
384
280
305
256
10000
192
464
592
689
756
928
1094
1104
1316
1492
1616
1596
1728
1942
1947
1941
2057
2155
2253
2291
2364
2406
2346
2479
2467
2591
2555
2613
2621
2653
2705
2685
2815
2819
2833
2830
2795
2915
2911
2783
2891
2898
2951
3005
2929
2943
2943
2975
3011
2993
10000
2926
2719
2511
2393
2202
2046
2047
1857
1806
1653
1535
1520
1409
1314
1209
1294
1140
1104
1002
975
877
834
834
768
748
704
642
653
672
598
608
518
576
505
498
456
233
410
376
400
352
385
348
328
275
308
272
320
272
272
10000
224
464
501
692
825
960
1068
1184
1311
1516
1527
1568
1805
1771
1911
1997
2119
2158
2181
2207
2350
2399
2384
2515
2480
2534
2526
2623
2653
2654
2673
2723
2765
2751
2743
2789
2851
2871
2878
2815
2895
2931
2861
2887
2959
2967
2961
2939
3034
2961
10000
2971
2695
2551
2421
2210
2131
1953
1866
1767
1680
1552
1488
1369
1334
1264
1164
1095
1130
992
944
1041
785
837
816
770
736
740
685
618
656
528
532
560
554
492
454
450
458
416
417
400
386
309
346
268
277
277
290
280
193
10000
233
440
596
678
849
944
1021
1204
1360
1488
1573
1691
1786
1808
1901
1969
2016
2110
2199
2223
2327
2409
2363
2489
2463
2559
2610
2655
2625
2659
2647
2738
2703
2800
2851
2800
2859
2911
2847
2890
2905
2885
2923
2923
2959
2923
2915
3026
2967
2992
10000
2895
2815
2544
2379
2203
2090
1991
1835
1723
1648
1584
1388
1424
1232
1277
1148
1088
1098
1011
1009
896
810
752
720
694
688
624
688
592
546
578
544
537
568
560
485
468
464
420
368
328
272
344
360
261
306
238
326
184
274
10000
240
384
608
658
820
973
1094
1258
1349
1472
1655
1678
1624
1795
1909
1973
2225
2192
2189
2207
2351
2371
2389
2466
2463
2551
2525
2639
2634
2671
2687
2671
2704
2705
2757
2831
2893
2923
2927
2895
2979
2851
2961
2923
3059
2943
2995
3011
2907
2927
10000
2903
2799
2587
2306
2205
2139
1962
1920
1712
1664
1574
1459
1416
1328
1282
1168
1104
1157
1028
986
947
848
828
721
707
706
738
610
688
672
630
576
560
552
549
384
476
434
384
400
370
416
320
368
320
284
308
242
315
245
10000
220
384
553
708
824
896
1072
1189
1280
1467
1634
1661
1765
1831
1911
2016
2031
2237
2250
2201
2317
2383
2404
2495
2507
2543
2559
2559
2631
2649
2673
2754
2725
2757
2737
2838
2891
2839
2847
2893
2903
2965
2915
2955
2983
2915
2959
2909
2971
3031
10000
2899
2711
2538
2375
2285
2113
1968
1901
1741
1646
1568
1449
1402
1324
1282
1248
1130
1100
945
978
907
844
816
803
736
744
670
682
662
640
612
628
520
584
480
464
388
496
432
384
400
369
324
336
325
352
272
224
256
268
10000
228
448
543
742
869
924
1112
1306
1323
1508
1552
1604
1798
1847
1919
2013
2067
2106
2191
2207
2303
2302
2443
2495
2397
2502
2531
2559
2643
2647
2707
2651
2707
2801
2723
2815
2793
2855
2875
2907
2939
2815
2967
2947
2995
2959
2967
2911
3006
3007
10000
2863
2683
2607
2371
2267
2079
1897
1858
1819
1637
1629
1458
1322
1383
1216
1165
1106
1020
1064
950
923
838
841
816
829
730
661
720
660
596
576
544
560
478
528
456
468
452
432
374
368
320
304
332
304
314
396
282
336
240
10000
296
376
528
692
848
944
1056
1280
1300
1414
1555
1646
1766
1911
1887
1922
2098
2139
2187
2259
2319
2377
2417
2449
2413
2519
2559
2614
2651
2655
2739
2736
2719
2751
2735
2799
2839
2861
2867
2823
2883
2909
2875
3007
2891
2907
2955
2931
2975
3007
10000
2942
2737
2539
2339
2286
2113
1967
1859
1802
1681
1648
1434
1402
1329
1286
1181
1136
1066
977
953
920
836
890
746
770
730
641
704
624
562
460
576
537
532
528
497
467
448
425
464
384
360
384
346
320
288
266
256
264
204
10000
203
432
560
698
788
974
1100
1209
1355
1485
1526
1617
1687
1738
1893
2017
2026
2160
2249
2255
2303
2335
2381
2483
2483
2555
2610
2621
2695
2671
2665
2699
2799
2679
2827
2767
2827
2846
2787
2951
2897
2928
2974
3003
3039
2903
2953
2991
2955
2997
10000
2863
2751
2559
2295
2261
2144
1968
1840
1884
1648
1595
1535
1399
1392
1216
1174
1108
1069
1034
1008
969
852
870
818
744
752
710
720
624
596
565
522
564
528
464
402
432
388
377
326
308
389
353
240
272
332
204
218
292
224
10000
212
344
525
688
796
880
736
1244
1374
1449
1606
1679
1747
1911
1936
1991
2111
2163
2192
2290
2334
2360
2416
2443
2559
2551
2535
2591
2608
2671
2723
2743
2797
2743
2791
2879
2864
2842
2855
3023
2971
2887
2915
3027
2915
2963
2992
3007
2925
2958
10000
2853
2731
2559
2370
2227
2082
1984
1856
1693
1692
1504
1467
1345
1287
1260
1083
1093
996
942
879
882
826
736
774
696
680
698
618
672
604
562
520
538
452
384
500
384
378
368
386
392
314
368
306
272
322
220
296
208
258
10000
208
426
612
728
848
1034
1170
1262
1412
1535
1647
1759
1805
1951
2011
2075
2109
2223
2192
2287
2299
2386
2449
2533
2559
2603
2613
2614
2703
2703
2719
2757
2815
2727
2774
2815
2813
2907
2967
2867
2835
2961
2983
2967
2983
2951
2951
2979
3039
3015
10000
2967
2694
2493
2311
2219
2066
1926
1853
1756
1594
1561
1414
1384
1174
1200
1080
1094
986
939
938
970
870
752
688
765
648
706
654
640
560
528
528
502
456
484
456
425
416
416
420
394
365
290
276
388
244
268
250
192
217
10000
232
420
569
754
850
994
1078
1208
1407
1461
1555
1743
1770
1941
1985
2023
2115
2229
2214
2286
2361
2384
2423
2431
2455
2535
2559
2624
2713
2695
2719
2726
2687
2815
2833
2839
2813
2839
2882
2949
2960
2879
2971
2992
2951
2959
3007
3071
2999
2995
10000
2943
2730
2557
2351
2177
2113
1985
1872
1621
1702
1535
1493
1436
1285
1168
1115
1110
1053
951
942
912
818
786
729
709
664
643
624
601
576
609
565
508
524
491
455
376
403
464
409
362
368
310
362
296
290
292
262
272
186
10000
288
408
552
690
837
972
1156
1327
1365
1510
1562
1744
1890
1891
1979
2063
2081
2128
2209
2311
2317
2352
2533
2500
2543
2610
2555
2559
2695
2658
2670
2673
2797
2781
2815
2863
2843
2807
2983
2896
2918
2919
3007
2949
2967
3006
3011
3015
3063
3031
10000
2887
2717
2507
2367
2192
2091
1961
1796
1806
1652
1434
1404
1353
1286
1217
1222
1074
933
1127
756
877
844
741
804
748
674
656
608
588
576
578
544
509
477
546
464
482
428
432
328
392
360
352
280
288
264
330
266
228
288
10000
241
408
572
675
842
985
1040
1216
1369
1460
1622
1671
1791
1850
1954
2032
2109
2149
2215
2333
2322
2423
2415
2557
2480
2559
2559
2619
2687
2686
2683
2655
2711
2771
2787
2835
2771
2811
2883
2927
2967
2927
2959
2960
2955
2919
3045
3029
3071
2993
10000
2879
2735
2527
2315
2278
2030
2000
1838
1735
1641
1521
1500
1344
1233
1244
1110
1088
993
960
938
898
777
770
704
740
738
647
614
669
564
588
461
560
472
528
428
392
352
365
352
296
368
336
320
320
325
360
238
338
240
10000
194
440
596
726
900
1013
1201
1286
1322
1488
1610
1653
1812
1867
1889
2032
2121
2025
2225
2251
2317
2366
2455
2455
2513
2598
2640
2647
2643
2685
2763
2766
2765
2839
2737
2835
2839
2891
2915
2923
2861
2975
2948
2979
2961
3007
3051
2999
3017
3025
10000
2903
2755
2543
2375
2289
2044
1887
1879
1722
1706
1628
1485
1352
1309
1216
1169
1134
1036
1088
968
956
880
845
762
804
790
704
736
649
650
560
592
592
494
556
538
454
465
372
368
416
394
320
304
304
282
272
225
292
321
10000
208
408
592
760
880
957
1097
1190
1344
1461
1586
1670
1722
1855
1904
1998
2069
2105
2223
2285
2384
2411
2426
2559
2559
2559
2506
2594
2583
2641
2715
2754
2743
2727
2811
2863
2879
2829
2893
2897
2897
2947
2971
2903
2973
2979
2967
2979
2967
2993
10000
2851
2767
2554
2437
2219
2087
1963
1903
1764
1584
1579
1490
1405
1303
1202
1140
1136
1088
1056
902
924
906
808
772
768
738
720
644
599
544
562
580
530
528
453
412
464
440
420
336
338
386
420
260
320
320
256
320
268
192
10000
256
384
597
722
882
989
1074
1260
1378
1502
1571
1664
1702
1817
1950
1995
2035
2199
2157
2218
2377
2374
2389
2426
2485
2526
2523
2608
2667
2631
2711
2703
2723
2770
2773
2823
2846
2839
2767
2891
2863
2887
2900
2899
3007
2975
2951
2971
3150
3015
10000
2859
2755
2545
2435
2218
2097
1902
1867
1760
1648
1600
1447
1452
1393
1225
1222
1168
1168
992
949
963
853
832
780
784
736
713
684
654
682
592
592
544
518
517
395
450
425
384
373
372
365
348
370
336
296
224
306
304
256
10000
210
422
624
789
808
1035
1141
1257
1346
1447
1651
1727
1823
1914
1943
1995
2057
2127
2191
2303
2358
2415
2515
2415
2550
2535
2591
2594
2635
2719
2595
2755
2758
2733
2751
2866
2838
2927
2803
2861
2898
2919
2943
3006
2939
2971
3058
2986
3025
2999
10000
2951
2679
2518
2381
2270
2139
1966
1895
1806
1634
1596
1501
1395
1381
1245
1213
1145
1036
1006
984
840
907
858
772
764
706
645
632
630
620
515
556
560
544
480
432
416
480
354
388
357
346
323
342
356
304
288
290
272
224
10000
272
458
550
768
910
940
1104
1168
1280
1389
1488
1662
1759
1821
1840
1959
2061
2128
2165
2224
2247
2300
2453
2466
2521
2527
2543
2595
2550
2607
2641
2743
2699
2762
2807
2839
2783
2827
2871
2959
2911
2935
2930
2955
2993
2975
3023
2967
3091
2961
10000
2887
2653
2612
2379
2215
2134
1982
1831
1840
1744
1535
1482
1392
1308
1232
1232
1148
1126
1027
950
877
851
706
874
784
779
762
633
624
698
560
563
534
550
472
437
466
400
400
396
376
324
336
360
256
272
244
282
296
256
10000
192
442
626
752
832
981
1078
1247
1337
1456
1532
1647
1719
1907
1936
2032
2119
2133
2197
2234
2319
2367
2391
2439
2549
2538
2559
2603
2655
2665
2705
2748
2717
2766
2797
2834
2687
2823
2877
2871
2867
2891
3067
2992
2943
2911
2963
3011
2993
2991
10000
2935
2709
2463
2415
2322
2187
1986
1917
1823
1657
1602
1467
1442
1301
1193
1172
1186
1061
1045
974
906
904
826
773
713
738
741
688
608
608
603
496
496
470
497
418
432
486
384
328
384
281
336
406
304
256
304
272
256
272
10000
240
368
528
676
812
1001
1069
1217
1313
1486
1535
1683
1735
1815
1939
2002
2107
2181
2096
2277
2339
2375
2370
2470
2559
2507
2583
2533
2667
2671
2677
2731
2727
2726
2819
2939
2839
2815
2866
2903
2939
2928
2879
2923
2941
2951
3042
3055
3007
2982
10000
2891
2687
2515
2326
2287
2064
1963
1866
1773
1702
1558
1475
1386
1395
1273
1182
1104
1075
980
1003
992
850
868
821
784
755
714
722
640
644
516
492
561
486
496
538
430
412
388
344
336
358
358
360
336
296
272
304
256
210
10000
184
394
592
714
826
978
1092
1246
1348
1402
1554
1648
1758
1898
1979
1983
2115
2177
2161
2269
2325
2384
2399
2447
2507
2503
2544
2643
2631
2671
2723
2719
2739
2807
2775
2757
2911
2738
2834
2923
2832
2911
2961
2910
3019
2955
2911
2983
3015
3019
10000
2992
2687
2601
2367
2302
2126
1957
1931
1771
1682
1602
1488
1374
1374
1230
1166
1186
1012
1056
921
976
885
801
804
788
764
656
726
632
592
596
448
549
499
492
469
453
448
464
348
304
408
314
378
336
230
340
272
256
235
10000
208
384
500
704
852
992
1093
1191
1351
1449
1501
1685
1807
1803
1903
1952
2021
2141
2166
2224
2270
2352
2381
2486
2423
2523
2551
2585
2591
2608
2662
2719
2743
2783
2806
2895
2831
2865
2827
2875
2967
2939
3031
2875
2847
2943
3007
3023
2995
3015
10000
2911
2675
2479
2303
2224
2171
1954
1867
1735
1667
1564
1515
1392
1362
1271
1156
1193
1083
994
1008
880
864
848
730
784
763
752
620
560
588
680
537
550
496
476
528
416
448
364
432
370
360
331
360
323
298
224
168
278
208
10000
224
396
554
643
788
892
1078
1323
1318
1429
1601
1662
1770
1774
1922
1965
2058
2126
2176
2158
2365
2338
2427
2494
2534
2535
2559
2655
2675
2681
2704
2663
2759
2747
2755
2815
2783
2807
2867
2927
2983
2896
2923
2901
2939
3013
3127
2903
3103
2995
10000
2902
2743
2543
2435
2206
2122
1978
1889
1810
1651
1535
1474
1360
1304
1216
1172
1154
1049
1014
912
884
850
857
818
720
737
656
658
576
600
570
554
516
480
424
433
448
472
432
413
368
355
412
272
320
304
256
228
244
272
10000
168
288
576
677
844
992
1098
1184
1294
1521
1558
1714
1714
1845
1889
1956
1987
2070
2239
2263
2207
2310
2383
2457
2421
2559
2603
2643
2671
2666
2723
2737
2743
2791
2815
2768
2803
2835
2863
2879
2862
2987
2910
2967
2991
2990
3011
2959
2947
3046
10000
2915
2735
2534
2395
2271
2112
2007
1913
1728
1687
1508
1414
1447
1360
1283
1124
1110
1073
988
980
876
848
874
810
771
730
720
684
627
605
376
501
645
488
384
509
496
468
400
400
385
400
326
400
312
300
304
265
240
256
10000
256
368
608
688
812
944
1120
1222
1360
1364
1598
1655
1709
1876
1882
2032
2080
2112
2176
2286
2355
2371
2439
2437
2495
2502
2599
2559
2639
2695
2703
2714
2789
2745
2719
2739
2807
2802
2814
2859
2923
2885
2911
2879
2871
2853
2999
2911
2935
3019
10000
2911
2717
2597
2439
2292
2111
2035
1890
1763
1655
1589
1535
1388
1363
1318
1147
1088
1050
1041
900
906
848
822
790
741
689
642
682
626
656
576
557
582
480
434
422
457
400
460
404
401
386
352
374
389
284
296
243
240
242
10000
208
410
624
700
912
1040
1120
1201
1317
1441
1584
1670
1744
1814
1967
2101
2017
2163
2203
2323
2348
2414
2355
2321
2535
2490
2615
2603
2651
2658
2687
2757
2733
2763
2863
2771
2815
2833
2911
2967
2923
2943
2959
2975
2999
2895
2919
3015
2983
3013
10000
2871
2659
2358
2381
2207
2059
1959
1850
1742
1635
1616
1504
1344
1355
1344
1254
1114
1122
1052
900
1018
832
808
759
784
697
672
680
656
616
560
546
480
494
432
464
396
368
418
392
336
386
320
304
272
210
280
234
304
212
10000
224
460
544
602
784
928
1084
1261
1384
1370
1561
1603
1785
1847
1797
2037
2037
2151
2228
2220
2343
2384
2471
2428
2523
2475
2517
2615
2607
2687
2711
2701
2789
2765
2755
2773
2833
2827
2895
2906
2855
2911
2855
2935
3015
3021
2998
3011
3024
3023
10000
2903
2703
2589
2375
2243
2174
2021
1917
1822
1681
1568
1520
1387
1362
1312
1250
1160
1069
994
980
880
869
858
796
757
700
688
656
664
596
640
576
517
456
456
424
494
400
357
456
384
368
288
412
274
306
312
265
312
256
10000
193
410
496
688
800
908
1065
1219
1366
1461
1474
1693
1771
1891
1846
1968
2043
2153
2194
2231
2289
2395
2406
2446
2499
2595
2659
2621
2627
2667
2631
2674
2677
2813
2835
2819
2901
2887
2867
2955
2930
2939
2963
2991
2911
2927
2975
2989
3063
3063
10000
2863
2767
2471
2353
2151
2137
1986
1818
1744
1655
1615
1493
1419
1398
1229
1233
1096
1062
892
1008
902
864
845
832
746
704
692
656
626
592
660
546
524
432
504
496
507
400
416
428
390
320
304
304
276
320
361
272
229
288
10000
264
425
570
652
944
973
1081
1217
1387
1403
1635
1661
1779
1871
1919
2038
2047
2172
2222
2213
2267
2383
2439
2407
2511
2547
2613
2615
2683
2643
2690
2735
2767
2789
2739
2864
2838
2831
2879
2919
2871
2883
2931
2943
3031
2979
3023
2991
2991
3014
10000
2846
2736
2541
2438
2256
2139
1941
1807
1763
1691
1582
1520
1416
1360
1249
1209
1089
1074
960
1020
932
832
779
804
768
680
690
672
651
576
681
566
562
544
500
448
389
389
492
352
466
358
299
296
352
304
325
272
242
256
10000
264
404
576
788
832
976
1156
1330
1318
1405
1576
1606
1758
1751
1862
2012
2000
2103
2161
2278
2343
2307
2372
2417
2523
2491
2599
2545
2591
2639
2723
2751
2783
2801
2763
2787
2831
2879
2871
2847
2879
2929
2950
2961
2961
3007
2991
2947
2928
2967
10000
2917
2623
2479
2379
2211
2127
1918
1865
1744
1637
1518
1451
1418
1366
1242
1140
1152
1046
992
1037
922
928
788
784
746
795
718
712
682
576
528
576
564
547
419
448
448
424
448
384
324
385
378
304
296
288
224
224
228
208
10000
208
320
557
656
832
993
1001
1184
1344
1402
1625
1670
1739
1872
1963
2011
2045
2077
2183
2251
2315
2362
2443
2544
2511
2519
2658
2519
2585
2619
2683
2699
2735
2831
2737
2895
2847
2839
2891
2811
2863
2973
