2967
3014
2951
2947
2974
3003
3051
3025
10000
2917
2767
2551
2347
2226
2123
1979
1822
1776
1636
1534
1461
1328
1350
1174
1180
1146
992
994
984
929
794
852
784
724
736
712
624
660
660
628
588
592
482
507
496
482
464
424
388
416
372
352
324
290
336
272
259
268
192
10000
276
372
576
706
806
1062
1117
1223
1356
1431
1648
1645
1738
1840
1877
1989
2098
2107
2127
2249
2298
2403
2375
2415
2431
2496
2543
2627
2623
2655
2775
2769
2667
2768
2766
2823
2833
2877
2879
2814
2910
2910
2895
2927
2993
2911
2879
2870
3099
3069
10000
2863
2783
2527
2359
2199
2057
1996
1933
1757
1700
1584
1469
1466
1280
1264
1216
1152
1146
1015
964
950
832
880
820
716
752
777
732
648
632
571
522
573
560
468
458
434
464
412
419
365
336
326
268
314
272
242
210
288
228
10000
232
392
560
688
823
932
1125
1232
1318
1425
1584
1690
1598
1875
1943
2134
2099
2165
2135
2224
2314
2363
2403
2431
2475
2512
2559
2544
2590
2750
2695
2719
2639
2799
2727
2761
2839
2814
2879
2894
2895
2886
2879
2939
2962
3071
2995
2971
2991
2997
10000
2832
2691
2539
2363
2250
2031
1959
1882
1723
1681
1520
1472
1392
1374
1273
1232
1145
1097
984
958
916
896
816
746
729
695
640
704
650
608
496
598
566
537
496
437
436
421
442
438
384
360
432
322
328
244
312
300
240
236
10000
233
430
560
684
861
1016
1079
1235
1383
1456
1616
1713
1725
1872
1903
2085
2063
2095
2239
2198
2332
2379
2401
2427
2499
2543
2535
2630
2639
2704
2695
2703
2743
2768
2779
2815
2837
2815
2909
2925
2915
2915
2887
2979
2911
2902
3003
3015
2995
2959
10000
2859
2707
2559
2271
2249
2065
1975
1853
1769
1611
1494
1456
1441
1357
1296
1202
1168
1028
976
985
882
900
872
817
768
706
704
680
586
615
592
538
576
440
482
482
489
432
432
384
410
344
344
330
272
272
320
232
208
256
10000
202
368
576
692
834
1008
1156
1173
1360
1520
1627
1712
1811
1881
1883
1952
2110
2221
2242
2229
2278
2335
2487
2207
2480
2483
2559
2627
2601
2639
2674
2787
2789
2723
2830
2879
2903
2815
2855
2815
2879
2864
2991
2951
3003
3007
3039
2950
2951
3031
10000
2855
2763
2559
2357
2224
2112
2007
1882
1723
1687
1518
1498
1366
1330
1309
1205
1026
1059
1034
880
816
850
878
733
768
720
664
653
611
604
592
500
496
521
556
460
388
450
442
416
333
352
352
320
342
289
294
256
306
240
10000
242
432
564
708
776
971
1108
1219
1267
1429
1528
1670
1712
1808
1959
1971
2017
2192
2166
2273
2267
2375
2320
2463
2427
2487
2635
2643
2703
2619
2734
2770
2733
2707
2832
2815
2871
2895
2863
2903
2899
2929
2918
2918
2951
2960
2909
2878
2949
2991
10000
2864
2710
2555
2390
2181
2014
2079
1856
1756
1682
1630
1408
1456
1349
1261
1264
1168
1076
1082
950
820
828
812
808
784
732
676
652
609
598
656
585
524
449
480
464
449
352
394
385
320
320
340
344
288
280
304
280
236
256
10000
278
443
553
713
836
960
1015
1200
1348
1431
1535
1665
1790
1856
1899
2014
2045
2176
2223
2211
2247
2367
2391
2449
2496
2539
2511
2535
2651
2651
2663
2704
2751
2767
2719
2783
2839
2838
2859
2853
2837
2879
2891
2928
2909
3003
2949
3005
3059
2995
10000
2909
2747
2523
2359
2207
2199
1991
1840
1760
1776
1586
1455
1457
1328
1226
1168
1094
1075
984
889
898
917
868
736
770
777
664
650
640
592
579
532
486
529
442
464
465
464
428
376
332
368
422
366
298
304
324
272
234
284
10000
256
404
558
720
885
942
1040
1147
1384
1455
1535
1664
1762
1810
1968
2003
2107
2138
2235
2254
2343
2375
2362
2454
2499
2685
2559
2551
2608
2659
2726
2739
2751
2779
2823
2807
2815
2878
2783
2871
2943
2941
2879
3013
2918
2915
2959
2975
2939
3024
10000
2943
2699
2499
2377
2222
2115
1949
1875
1776
1648
1596
1474
1391
1378
1266
1147
1148
1104
1040
956
889
834
848
806
730
761
752
634
656
652
624
592
494
514
498
448
468
448
368
392
387
344
324
320
332
352
272
256
245
292
10000
192
421
544
688
816
961
1069
1201
1323
1456
1574
1664
1800
1845
1968
1981
2117
2096
2135
2215
2309
2370
2410
2436
2465
2483
2606
2667
2599
2669
2683
2768
2803
2783
2783
2827
2815
2867
2859
2899
2915
2943
2943
2960
2887
2971
2959
2975
2999
2993
10000
2810
2718
2511
2381
2241
2079
2003
1837
1822
1647
1618
1495
1390
1314
1243
1172
1089
1016
989
966
905
885
810
796
733
704
786
652
642
560
541
548
521
490
418
486
457
452
418
426
348
358
396
352
385
320
304
352
272
258
10000
288
464
600
717
792
950
1136
1227
1408
1463
1616
1578
1712
1854
1921
1961
2065
2087
2235
2231
2288
2327
2367
2487
2523
2599
2559
2607
2640
2694
2695
2774
2747
2759
2803
2823
2859
2864
2823
2963
2927
2897
2935
2919
2986
3039
2935
2955
2930
3019
10000
2935
2679
2593
2321
2209
2103
2055
1872
1817
1659
1635
1461
1396
1338
1316
1184
1164
1088
995
928
896
880
794
770
718
755
704
739
658
592
540
532
440
498
524
484
452
413
404
384
361
290
332
320
329
346
240
272
256
224
10000
224
368
510
688
784
984
1104
1164
1293
1472
1520
1712
1757
1856
1941
2047
2078
2119
2151
2294
2423
2399
2449
2407
2550
2527
2559
2645
2626
2671
2741
2640
2679
2777
2783
2797
2847
2819
2883
2885
2882
2931
2971
2927
2959
3021
3011
3007
2999
3095
10000
2863
2687
2511
2395
2267
2119
1940
1979
1799
1666
1519
1518
1382
1331
1187
1178
1122
1084
1006
953
902
840
800
784
722
704
740
682
601
640
568
549
601
494
477
460
384
464
416
352
388
432
272
345
368
304
288
330
294
224
10000
224
352
537
722
808
947
1091
1172
1287
1472
1516
1680
1750
1857
1862
1949
2034
2058
2201
2205
2416
2371
2391
2345
2496
2591
2513
2559
2685
2677
2727
2733
2737
2747
2763
2811
2885
2855
2863
2907
2935
2903
2865
2966
2943
2908
2998
2967
2929
2925
10000
2919
2687
2487
2427
2250
2081
1979
1851
1734
1681
1575
1552
1412
1300
1339
1181
1061
1072
976
944
976
874
858
841
769
698
696
676
680
648
594
546
474
508
496
464
402
440
378
374
372
388
354
336
320
288
201
304
228
288
10000
196
364
560
688
865
992
1058
1218
1376
1418
1601
1642
1751
1871
1913
2094
2035
2155
2186
2263
2271
2415
2477
2443
2459
2518
2608
2544
2699
2767
2619
2677
2755
2719
2859
2801
2803
2847
2878
2871
2933
2960
2937
2943
2963
2967
3054
2991
3050
3023
10000
2911
2671
2550
2391
2225
2128
2026
1904
1758
1721
1579
1476
1401
1295
1278
1197
990
1026
1050
949
907
880
865
806
716
688
670
710
656
624
596
576
490
482
516
432
472
464
432
370
416
428
304
340
358
276
320
242
288
258
10000
288
412
561
712
818
928
1078
1137
1328
1399
1529
1625
1727
1858
1818
2063
2097
2207
2151
2256
2277
2295
2385
2449
2448
2547
2539
2676
2595
2647
2671
2691
2723
2860
2671
2779
2896
2859
2879
2823
2911
2931
2967
2893
3007
2983
3026
2943
2959
3031
10000
2875
2733
2559
2326
2277
2112
1964
1879
1711
1629
1607
1535
1385
1287
1361
1222
1125
1104
1010
1008
816
870
882
736
839
768
641
661
620
624
602
552
508
465
416
482
432
368
396
354
346
336
308
320
304
256
402
336
256
264
10000
212
417
533
660
817
970
1040
1228
1330
1476
1535
1671
1767
1873
1957
1981
2075
2094
2179
2263
2259
2421
2391
2462
2545
2559
2557
2553
2607
2695
2614
2737
2709
2723
2823
2801
2827
2794
2861
2927
2899
3007
2895
2847
3011
2963
2987
2928
2939
2990
10000
2993
2679
2443
2459
2227
2070
2007
1936
1782
1664
1535
1456
1365
1362
1216
1132
1131
1060
1020
928
905
880
880
752
736
732
624
678
621
584
529
534
496
468
464
442
468
428
364
500
448
298
368
344
281
272
280
228
234
280
10000
320
448
562
664
882
986
1008
1218
1371
1488
1570
1657
1707
1827
1930
2047
2030
2191
2209
2257
2278
2315
2426
2449
2511
2527
2627
2591
2663
2687
2675
2701
2803
2767
2807
2875
2799
2847
2875
2877
2887
2927
2951
2967
2902
2911
2939
3007
2967
2943
10000
2899
2685
2547
2322
2256
2189
1957
1863
1803
1662
1520
1515
1331
1321
1268
1220
1152
1081
990
1002
914
929
816
848
752
709
720
658
752
580
624
537
552
508
482
492
506
424
388
384
312
264
332
362
336
298
228
300
233
224
10000
192
457
545
644
808
953
1110
1205
1359
1489
1555
1730
1759
1821
1942
1971
2099
2130
2219
2250
2367
2385
2397
2495
2511
2459
2609
2611
2667
2653
2675
2685
2730
2813
2763
2815
2887
2859
2843
2800
2911
2902
3007
3015
2975
2935
3055
3035
3043
3007
10000
2943
2699
2609
2431
2261
2091
2069
1895
1744
1594
1595
1510
1387
1338
1264
1235
1145
1010
1045
1010
937
886
842
748
692
749
672
576
592
548
584
528
518
496
428
448
474
472
448
368
400
320
349
312
312
324
272
264
290
248
10000
242
400
544
742
832
940
1037
1180
1338
1412
1563
1648
1685
1812
1894
1987
2045
2133
2207
2239
2307
2346
2413
2448
2463
2529
2623
2539
2655
2662
2719
2791
2683
2798
2783
2799
2783
2875
2923
2871
2928
2927
2959
2935
2993
2960
2975
3003
2983
2977
10000
2845
2646
2479
2391
2179
2044
1990
1876
1732
1709
1494
1465
1421
1271
1296
1126
1114
1074
1013
976
890
853
881
773
717
762
684
736
640
624
609
568
469
496
472
492
384
394
392
426
400
346
348
299
290
273
240
236
272
228
10000
140
384
544
674
816
948
1080
1178
1277
1445
1565
1691
1777
1851
1932
1983
2127
2128
2175
2315
2337
2375
2431
2491
2527
2507
2531
2631
2653
2702
2704
2667
2743
2735
2733
2800
2815
2883
2863
2863
2975
2967
2901
3002
2991
2973
2989
3007
2994
3031
10000
2971
2703
2529
2431
2187
2127
2035
1893
1771
1614
1535
1463
1406
1285
1201
1220
1059
1056
1008
973
976
837
816
777
764
656
752
624
656
624
545
546
528
548
522
520
482
404
384
404
354
354
336
304
320
324
328
314
320
298
10000
202
440
532
784
805
1042
1192
1198
1318
1473
1486
1641
1760
1759
1961
2013
2039
2095
2181
2186
2229
2330
2399
2429
2555
2523
2590
2595
2609
2701
2653
2709
2704
2807
2801
2827
2800
2851
2871
2847
2858
2923
2959
2959
2967
2997
2885
3007
2927
3019
10000
2922
2672
2499
2383
2207
2083
2026
1895
1723
1642
1562
1450
1367
1361
1226
1229
1145
1088
978
1034
937
946
906
816
720
772
700
673
628
694
580
584
560
496
412
420
496
438
418
368
368
352
338
208
256
304
364
304
272
276
10000
232
404
537
694
884
940
1088
1216
1280
1487
1571
1660
1777
1894
1942
1999
2035
2173
2211
2283
2321
2423
2475
2414
2481
2559
2527
2559
2679
2641
2705
2743
2743
2783
2739
2833
2791
2789
2931
2923
2951
2855
2987
2935
2901
2931
2997
2983
2990
3053
10000
2992
2654
2647
2383
2224
2027
2039
1894
1821
1691
1600
1456
1437
1382
1266
1161
1157
1028
1040
961
834
848
820
810
772
650
673
657
626
592
570
585
605
534
460
434
457
432
400
404
440
425
312
321
288
288
272
262
274
224
10000
214
448
578
716
789
960
981
1206
1344
1417
1535
1648
1759
1730
1870
1969
2111
2099
2193
2277
2278
2323
2393
2447
2471
2517
2589
2603
2599
2623
2675
2743
2801
2785
2843
2761
2859
2867
2843
2899
2911
2939
2992
2983
2987
2983
2995
3022
2991
2971
10000
2901
2734
2497
2371
2258
2113
1975
1890
1805
1603
1552
1502
1424
1365
1293
1200
1186
1072
1030
957
868
848
752
815
800
720
733
704
658
552
624
577
493
528
426
424
416
396
400
364
352
324
300
288
312
356
228
234
256
226
10000
192
362
576
675
864
960
1008
1251
1326
1383
1584
1701
1790
1846
1915
2027
2147
2117
2170
2253
2301
2374
2379
2431
2586
2543
2554
2640
2599
2626
2719
2671
2767
2699
2767
2811
2757
2791
2909
2881
2895
2979
2891
2915
2887
2987
2983
2993
3003
3007
10000
2886
2703
2595
2369
2266
2139
1990
1893
1833
1650
1616
1472
1466
1324
1280
1180
1097
982
1000
944
880
905
890
775
812
704
685
697
656
604
600
586
536
536
576
497
481
428
361
374
336
336
336
324
292
256
297
236
272
300
10000
264
384
552
736
900
954
1034
1152
1274
1408
1563
1592
1690
1829
1936
2035
2087
2125
2146
2229
2335
2431
2383
2450
2478
2507
2557
2559
2704
2643
2713
2683
2783
2765
2815
2807
2891
2879
2797
2921
2883
2896
2951
2918
2987
2915
2971
2949
2992
2943
10000
2855
2674
2481
2265
2173
2095
2010
1845
1695
1680
1535
1488
1393
1354
1328
1210
1093
1168
1004
1036
924
880
880
805
769
688
707
657
662
653
586
562
536
524
458
441
390
425
403
388
392
352
322
330
272
330
277
284
272
276
10000
230
360
586
713
872
1000
1098
1206
1368
1446
1500
1653
1761
1857
1942
1957
2096
2116
2183
2347
2346
2363
2391
2449
2559
2559
2559
2587
2627
2654
2675
2699
2739
2751
2781
2806
2762
2859
2783
2887
2839
2975
2987
2943
2961
2983
2989
2991
3047
2992
10000
2871
2727
2607
2430
2221
2093
2045
1927
1744
1646
1532
1535
1392
1466
1263
1148
1134
1016
1008
940
941
816
754
816
712
718
714
674
622
624
576
598
530
474
530
460
436
436
395
498
395
386
384
340
320
256
208
331
192
308
10000
272
448
560
648
784
997
1057
1198
1295
1447
1510
1629
1774
1872
1870
1975
2063
2117
2238
2287
2313
2338
2415
2481
2517
2481
2559
2635
2671
2722
2719
2731
2822
2719
2837
2737
2779
2815
2871
2847
2875
2955
2943
2943
2963
2979
2949
3003
3005
2949
10000
2960
2703
2559
2423
2224
2138
2000
1860
1755
1659
1600
1529
1337
1336
1244
1236
1115
1021
1056
912
896
934
874
784
768
768
704
672
652
604
568
570
490
508
490
509
436
360
416
368
329
394
346
320
385
304
296
265
240
180
10000
192
361
528
714
842
922
1110
1222
1356
1478
1581
1697
1776
1922
1974
1973
2131
2122
2160
2239
2299
2353
2443
2479
2418
2515
2559
2551
2559
2607
2672
2667
2661
2731
2742
2839
2815
2899
2879
2891
2929
2891
2815
2937
2967
2967
3031
2967
3025
3039
10000
2893
2695
2511
2433
2226
2134
2025
1899
1814
1675
1520
1520
1420
1296
1329
1198
1098
1040
1008
928
810
870
816
737
720
715
666
704
737
560
598
576
480
432
508
508
432
368
412
338
396
333
378
266
243
306
320
268
296
256
10000
240
434
576
695
816
980
1104
1262
1278
1395
1570
1666
1729
1842
1884
1983
1968
2142
2225
2250
2274
2285
2399
2439
2489
2611
2626
2647
2527
2689
2675
2718
2559
2729
2798
2843
2847
2879
2865
2823
2897
2862
2915
2927
2899
2943
2991
2959
3007
2931
10000
2895
2766
2510
2337
2243
2033
1914
1902
1795
1603
1607
1600
1388
1351
1268
1208
892
1100
1051
1008
926
826
820
788
732
700
696
652
602
624
626
576
536
496
468
448
448
384
372
385
384
384
291
334
258
232
280
256
272
238
10000
232
440
548
684
848
923
1058
1200
1309
1396
1535
1658
1746
1841
1872
1996
2027
2126
2235
2282
2274
2391
2493
2431
2539
2495
2595
2599
2559
2638
2615
2799
2746
2751
2803
2879
2833
2826
2885
2899
2854
2959
2911
2959
2959
2975
2943
3026
2983
2991
10000
2865
2731
2623
2395
2288
2113
2000
1857
1728
1674
1617
1449
1365
1318
1251
1168
1136
1036
977
953
880
838
801
786
794
716
688
658
420
576
576
602
484
548
448
433
474
525
410
448
384
387
356
330
336
310
288
242
320
256
10000
208
417
560
736
838
944
1071
1233
1351
1408
1520
1652
1729
1837
1915
2043
2029
2210
2219
2207
2357
2268
2446
2467
2468
2498
2599
2558
2635
2647
2695
2726
2751
2767
2853
2775
2892
2903
2847
2917
2867
2907
2899
2899
2919
2886
2933
2943
3007
3055
10000
2875
2671
2539
2339
2195
2148
1915
1887
1770
1691
1593
1489
1451
1387
1276
1184
1136
1030
1034
977
942
856
838
779
700
788
720
666
697
600
592
496
674
528
448
416
523
337
466
393
340
329
322
288
352
360
345
256
208
275
10000
228
429
576
677
864
930
1079
1200
1297
1493
1568
1597
1750
1811
1936
2027
2083
2123
2214
2203
2322
2379
2390
2449
2459
2559
2559
2591
2643
2606
2686
2736
2661
2731
2871
2813
2763
2865
2883
2835
2919
2975
2943
2935
2896
3014
2919
3031
3011
3013
10000
2943
2703
2544
2373
2247
2198
1936
1883
1777
1637
1520
1429
1361
1369
1274
1243
1148
1133
997
973
931
848
903
802
726
656
720
606
682
614
632
500
564
490
468
470
410
476
464
384
352
304
384
336
340
268
368
288
344
232
10000
240
408
538
704
832
987
1045
1163
1281
1418
1584
1673
1754
1776
1930
1985
2027
2131
2251
2243
2289
2350
2431
2483
2509
2525
2541
2631
2631
2727
2691
2783
2771
2711
2919
2807
2851
2779
2909
2845
3057
2907
2955
2909
2885
2959
2991
2911
3007
3018
10000
2853
2751
2459
2326
2320
2139
2031
1854
1766
1634
1535
1472
1382
1357
1328
1238
1164
1080
962
968
934
812
776
752
720
736
690
697
630
672
656
544
584
480
482
464
496
388
409
386
328
368
324
310
256
300
274
272
288
272
10000
208
424
544
640
848
950
1166
1200
1360
1353
1561
1695
1697
1827
1966
1981
2124
2065
2163
2288
2275
2373
2385
2439
2463
2511
2514
2539
2670
2689
2705
2695
2727
2727
2791
2791
2791
2897
2930
2935
2883
2957
2965
2928
2911
3029
2991
2966
2995
3025
10000
2923
2743
2535
2385
2257
2102
2003
1856
1751
1676
1520
1422
1380
1312
1204
1200
1142
1095
925
944
941
918
880
790
784
698
672
662
666
626
652
576
576
560
552
508
432
432
401
405
424
450
368
361
304
292
304
280
208
256
10000
216
392
587
738
833
976
1067
1140
1360
1408
1520
1680
1729
1839
1904
1939
2066
2128
2199
2270
2311
2321
2489
2434
2449
2559
2555
2559
2551
2757
2779
2737
2787
2787
2773
2835
2815
2853
2864
2896
2891
2931
2867
3015
2998
2919
2999
2992
2847
2991
10000
2855
2675
2551
2389
2279
2032
1994
1853
1829
1694
1624
1491
1413
1339
1293
1239
1211
1133
1046
1040
956
896
856
755
793
667
688
705
597
634
602
562
537
458
480
475
448
384
408
410
396
384
368
340
274
304
308
322
248
258
10000
172
452
529
720
942
960
1040
1208
1358
1496
1606
1650
1723
1846
1883
1966
2007
2090
2206
2279
2326
2367
2399
2475
2480
2559
2555
2607
2653
2685
2763
2687
2673
2777
2717
2751
2803
2847
2879
2875
2960
2983
2943
2971
2971
2959
2975
2993
3031
3057
10000
2963
2779
2543
2350
2299
2084
1998
1919
1781
1725
1571
1461
1345
1300
1224
1218
1106
1041
1021
992
936
882
778
805
803
746
669
725
678
650
593
544
516
496
506
492
480
464
408
441
422
433
360
348
272
352
304
272
304
268
10000
264
384
602
704
880
946
1099
1205
1299
1456
1555
1617
1723
1888
1969
1967
2071
2271
2191
2262
2326
2375
2415
2495
2507
2548
2607
2591
2591
2731
2787
2702
2787
2751
2887
2847
2861
2897
2898
2919
2895
2899
2903
2990
2970
2947
2999
3047
3026
3015
10000
2911
2671
2475
2384
2251
2129
2001
1910
1773
1614
1622
1480
1436
1353
1313
1264
1229
1093
1040
962
964
884
780
790
712
762
684
608
648
640
593
520
464
528
498
498
434
400
428
400
320
314
321
256
362
257
292
304
257
240
10000
272
384
592
768
852
972
1100
1297
1359
1553
1589
1691
1809
1971
1888
2090
2128
2235
2209
2255
2332
2407
2485
2477
2522
2535
2605
2627
2650
2651
2706
2762
2735
2833
2743
2879
2833
2871
2947
2935
2917
2963
2930
2975
3003
2955
3002
2999
2989
3055
10000
2853
2623
2559
2349
2215
2090
1997
1815
1728
1642
1535
1475
1371
1344
1198
1104
1107
1016
924
873
836
861
793
713
685
672
720
640
592
530
532
536
480
476
418
416
448
388
396
362
336
336
328
320
289
314
198
273
245
224
10000
208
346
556
672
864
991
1157
1169
1353
1446
1595
1728
1775
1863
1936
1988
2098
2257
2172
2277
2367
2415
2448
2463
2523
2591
2671
2640
2687
2723
2699
2790
2878
2747
2919
2762
2805
2901
2865
2935
2887
2879
2963
2966
3025
2995
3063
3015
2979
2983
10000
2943
2727
2527
2323
2279
2081
1953
1860
1760
1620
1473
1392
1392
1269
1245
1110
1056
992
976
956
868
832
784
745
771
721
632
668
582
586
640
561
496
528
394
448
416
368
372
288
294
292
330
288
240
326
184
242
308
168
10000
208
404
544
720
848
949
1104
1270
1296
1486
1629
1691
1751
1903
1959
1975
2111
2147
2224
2326
2335
2398
2471
2491
2511
2591
2595
2603
2687
2719
2693
2773
2791
2791
2863
2867
2830
2855
2833
2919
2903
3023
2975
2975
2919
2959
3021
3039
3119
3057
10000
2935
2738
2550
2382
2192
2067
1968
1773
1653
1605
1511
1463
1312
1228
1168
1109
1063
1001
954
910
870
752
756
752
761
688
592
666
622
443
554
496
461
459
430
410
400
368
340
336
272
320
300
274
316
268
256
262
224
268
10000
208
314
569
621
804
984
1152
1273
1328
1443
1671
1699
1744
1867
1942
2086
2133
2151
2239
2303
2337
2459
2492
2487
2498
2547
2646
2673
2739
2769
2759
2759
2827
2705
2891
2821
2907
2883
2921
2955
3107
2928
2995
2973
3007
2955
2951
3019
2949
2999
10000
2903
2725
2435
2381
2199
2038
1921
1857
1746
1623
1535
1430
1360
1297
1186
1109
988
998
1043
877
898
779
771
760
688
692
596
626
640
602
564
529
416
456
417
422
510
436
397
309
304
400
338
240
116
304
224
276
174
272
10000
170
384
538
736
771
992
1072
1238
1349
1525
1630
1708
1792
1890
1975
2077
2128
2164
2160
2317
2347
2431
2471
2495
2637
2551
2629
2641
2705
2703
2737
2723
2769
2863
2791
2821
2887
2907
2959
2887
2922
2993
2951
2987
2999
2959
3025
3007
3063
3043
10000
3027
2743
2434
2383
2159
2087
1975
1890
1643
1631
1558
1370
1406
1284
1168
1168
1066
997
986
963
870
937
788
736
676
672
781
640
624
494
570
492
468
438
406
453
416
385
384
304
309
328
348
306
260
240
266
192
234
226
10000
184
404
589
780
840
1048
1056
1280
1429
1497
1594
1732
1772
1863
1983
2069
2203
2257
2263
2243
2397
2431
2485
2491
2559
2672
2623
2661
2655
2719
2767
2797
2767
2864
2879
2949
2883
2971
2919
2911
2911
2949
3055
2955
2961
3071
2992
3003
3025
3007
10000
2887
2781
2514
2433
2178
2091
1941
1831
1761
1579
1568
1408
1414
1314
1241
1090
1031
1076
920
938
833
848
804
761
656
704
682
628
592
616
568
450
430
510
440
432
356
420
356
352
355
304
422
352
320
272
266
211
240
320
10000
232
384
556
706
849
976
1074
1250
1329
1438
1616
1648
1803
1856
1968
2070
2112
2301
2283
2313
2331
2463
2442
2555
2623
2492
2597
2669
2719
2715
2743
2813
2743
2783
2871
2879
2883
2939
2959
2895
2927
2943
3014
3045
3135
3071
3071
3095
3071
3135
10000
3057
2806
2609
2465
2374
2189
2096
2031
1863
1809
1651
1573
1519
1457
1342
1281
1216
1168
1040
1052
928
896
930
896
854
832
779
709
697
750
634
622
648
534
580
530
500
488
480
438
477
416
396
360
292
408
337
290
288
260
10000
280
386
668
704
926
998
1104
1312
1280
1442
1657
1690
1755
1840
1984
2013
2113
2175
2263
2293
2354
2386
2393
2466
2510
2599
2559
2659
2623
2585
2739
2711
2799
2832
2807
2839
2895
2907
2879
2883
2907
2929
2925
3047
2947
2931
2955
2991
2911
3051
10000
2979
2781
2631
2395
2273
2103
2027
1887
1814
1665
1627
1552
1475
1358
1326
1214
1154
1121
994
944
912
779
852
832
750
738
722
730
640
624
594
570
576
528
534
388
448
405
340
385
354
356
294
306
320
352
304
272
304
240
10000
256
368
578
714
864
992
1136
1232
1328
1485
1581
1650
1761
1846
1905
2032
2118
2129
2210
2286
2333
2367
2418
2431
2461
2523
2546
2667
2602
2614
2723
2659
2790
2751
2790
2815
2871
2838
2935
2895
2951
2949
2959
2951
3006
2959
3054
3071
3057
3059
10000
2907
2670
2559
2479
2303
2082
1958
1894
1713
1712
1664
1508
1420
1321
1235
1152
1114
1088
1040
924
932
912
816
784
784
746
730
704
708
682
560
560
576
552
500
400
474
522
428
432
421
422
400
353
320
312
304
336
280
324
10000
276
416
506
704
930
912
1131
1274
1309
1426
1567
1667
1776
1787
1931
2030
2112
2144
2202
2309
2320
2383
2447
2519
2512
2559
2615
2645
2768
2647
2614
2735
2702
2751
2787
2769
2901
2927
2931
2823
2851
2928
2961
2963
2963
3003
2991
3011
2930
2949
10000
2911
2736
2511
2351
2251
2106
2015
1837
1763
1677
1588
1451
1431
1356
1264
1209
1157
1110
966
978
907
836
881
778
788
744
706
726
650
645
592
553
548
504
480
464
464
362
424
368
401
306
370
308
224
248
320
368
232
212
10000
212
329
548
748
877
1069
1168
1211
1424
1518
1666
1699
1825
1919
2015
2080
2198
2198
2265
2323
2386
2434
2414
2465
2535
2607
2673
2711
2834
2771
2735
2751
2811
2883
2819
2895
2927
2903
2897
2943
2863
3003
2959
3023
3003
3011
3007
3062
3151
3015
10000
2928
2775
2533
2351
2211
2143
1979
1840
1711
1611
1532
1476
1378
1328
1232
1110
1112
980
994
912
948
905
716
736
708
682
698
668
652
508
550
593
458
486
432
498
481
329
416
373
336
336
288
308
266
356
284
210
272
240
10000
226
404
613
768
910
976
1052
1283
1404
1451
1584
1705
1810
1974
1971
2031
2140
2197
2225
2371
2387
2535
2503
2511
2559
2541
2595
2707
2711
2746
2719
2783
2838
2814
2768
2883
2911
2927
2927
2943
2895
3003
2967
2991
2931
2967
2966
2967
2986
3047
10000
2929
2791
2557
2379
2234
2022
1973
1871
1734
1581
1573
1426
1380
1329
1141
1113
1104
1074
976
961
805
848
814
672
752
625
624
656
576
500
586
592
528
473
467
424
440
406
337
344
324
406
336
349
336
274
288
256
232
208
10000
240
408
566
710
912
1010
1120
1316
1357
1408
1616
1774
1840
1895
2034
2127
2210
2226
2303
2379
2421
2466
2503
2461
2507
2609
2639
2639
2661
2715
2797
2779
2755
2826
2895
2897
2837
2843
2883
2943
2934
2977
3007
3003
3023
2993
2961
2995
3071
3070
10000
2954
2722
2627
2434
2261
2110
1979
1890
1742
1593
1584
1482
1410
1312
1148
1152
1101
1061
1062
896
816
874
810
730
720
720
641
608
562
554
522
488
448
483
493
432
400
433
416
281
328
321
272
282
278
320
298
281
236
272
10000
224
385
648
640
868
1030
1140
1217
1371
1437
1613
1763
1808
1870
1953
2085
2123
2266
2335
2311
2351
2446
2531
2545
2545
2559
2626
2621
2726
2774
2855
2730
2794
2762
2869
2838
2839
2886
2905
2895
2996
2931
2919
2993
2994
3055
2992
2991
3039
3011
10000
2847
2679
2500
2365
2262
2059
2001
1825
1733
1597
1533
1447
1344
1250
1234
1186
1100
965
988
954
880
850
834
770
768
685
696
656
629
608
524
552
481
496
424
464
448
392
420
376
336
401
288
310
310
357
368
264
240
226
10000
208
432
537
688
848
950
1062
1212
1381
1447
1609
1731
1775
1837
1935
1999
2082
2129
2201
2275
2318
2351
2425
2467
2515
2437
2493
2559
2559
2659
2687
2750
2695
2779
2770
2791
2836
2831
2903
2967
2864
2893
2943
2960
2975
2975
3087
3031
3024
2991
10000
2869
2719
2559
2335
2199
2098
1973
1802
1767
1683
1535
1424
1394
1254
1195
1166
1060
1045
928
913
893
736
768
757
682
677
685
592
632
572
553
496
490
480
388
496
400
416
434
372
388
388
384
366
276
336
232
212
288
274
10000
192
405
576
688
834
950
1146
1258
1344
1488
1580
1666
1791
1907
1979
1998
2091
2256
2202
2287
2355
2448
2431
2506
2487
2503
2651
2683
2687
2769
2811
2763
2814
2879
2789
2823
2899
2935
2915
2854
2903
2915
2907
3037
3011
3035
2999
3031
3071
3022
10000
2917
2711
2511
2383
2177
2075
1981
1853
1710
1683
1575
1518
1312
1261
1204
1145
1131
975
928
892
853
912
838
812
758
800
652
601
588
592
500
546
480
428
448
408
448
365
386
304
368
348
348
328
320
265
208
208
272
256
10000
256
428
614
656
848
1036
1058
1286
1375
1531
1661
1811
1800
1893
2093
2175
2162
2189
2231
2387
2320
2425
2426
2479
2547
2589
2647
2725
2707
2679
2769
2766
2911
2839
2815
2851
2864
2927
2983
2951
2926
2942
2959
2995
3007
3055
2999
2950
3031
3029
10000
2931
2863
2583
2435
2160
2130
1975
1842
1753
1616
1535
1424
1315
1236
1171
1103
1111
1008
956
880
810
873
809
724
746
658
652
577
560
609
496
496
562
481
482
453
400
405
368
360
388
312
320
299
256
281
336
298
272
240
10000
232
386
602
672
848
962
1040
1282
1297
1463
1641
1680
1775
1829
1969
2070
2133
2203
2279
2394
2385
2455
2453
2455
2513
2646
2672
2674
2707
2695
2779
2783
2783
2759
2919
2901
2897
2957
2993
2983
2999
2987
3015
3015
2999
2993
2959
3031
3071
3035
10000
2895
2699
2533
2399
2203
2093
1930
1842
1691
1565
1588
1420
1431
1349
1167
1132
1104
1035
902
896
834
866
768
720
714
736
626
672
594
640
646
528
473
481
432
370
406
400
328
360
288
304
320
278
278
288
265
272
256
240
10000
236
433
528
688
832
1008
1184
1260
1418
1501
1666
1678
1809
1950
2007
2091
2035
2206
2291
2287
2384
2401
2455
2496
2541
2544
2589
2589
2641
2767
2799
2715
2799
2754
2847
2917
3055
2861
2883
2907
2951
2955
2991
3023
3031
3015
3015
2992
3051
3059
10000
2915
2831
2523
2347
2201
2067
1926
1850
1823
1618
1535
1506
1398
1232
1176
1168
1072
978
936
886
840
818
720
840
744
776
624
646
640
530
608
541
536
442
480
410
364
368
368
352
332
424
300
273
264
256
288
264
272
212
10000
162
393
522
708
848
944
1146
1224
1344
1486
1605
1688
1792
1831
2022
2058
2064
2135
2259
2343
2353
2390
2427
2525
2527
2546
2587
2704
2674
2747
2739
2831
2794
2853
2839
2864
2907
2865
2907
2887
2951
2931
2923
2971
3011
2989
3007
3067
3057
2983
10000
2991
2643
2535
2319
2179
2110
1952
1834
1716
1665
1585
1374
1364
1325
1280
1104
1099
1006
1017
912
812
821
752
768
736
661
656
592
608
528
520
496
433
504
388
496
362
418
272
320
256
336
390
289
272
256
245
290
248
230
10000
288
416
560
704
789
978
1074
1212
1317
1472
1577
1723
1815
1981
1966
2034
2149
2238
2285
2303
2350
2463
2515
2535
2507
2583
2659
2591
2633
2703
2645
2703
2775
2755
2815
2862
2930
2851
2855
2951
2943
2935
2994
3087
2993
3031
2999
3035
3007
3043
10000
2911
2723
2559
2406
2219
2035
1969
1829
1744
1590
1535
1454
1367
1281
1126
1168
1066
1042
885
908
841
901
770
780
796
710
678
590
609
610
576
521
528
466
464
370
426
368
400
298
336
297
304
262
256
232
198
268
329
272
10000
224
369
589
673
784
931
1060
1248
1430
1488
1615
1739
1843
1934
1915
2034
2066
2183
2294
2334
2339
2455
2475
2587
2549
2589
2672
2619
2627
2767
2827
2678
2769
2863
2907
2815
2863
2899
2919
3007
2983
2999
3002
2963
2755
3007
2999
3015
2941
3063
10000
2869
2630
2559
2367
2190
2112
2017
1863
1808
1584
1577
1464
1297
1321
1245
1117
1056
970
960
886
837
800
820
749
722
654
649
589
592
566
518
544
490
464
476
424
416
396
368
345
368
260
400
336
348
368
228
260
296
272
10000
184
352
608
624
880
940
1116
1277
1347
1466
1615
1705
1874
1911
2017
2119
2159
2153
2213
2371
2367
2379
2437
2439
2527
2598
2611
2703
2801
2673
2707
2800
2799
2815
2875
2887
2898
2865
2934
2963
2955
2975
2863
2965
3101
3057
3063
3026
3123
3025
10000
2935
2799
2555
2382
2252
2142
1977
1808
1742
1616
1584
1397
1326
1253
1178
1175
1062
1092
964
880
906
833
784
753
760
642
720
640
612
528
534
500
488
494
496
432
464
385
424
384
386
384
356
272
276
274
320
268
212
192
10000
232
432
576
674
812
1013
1104
1285
1444
1510
1599
1776
1840
1853
1985
2077
2123
2181
2335
2406
2399
2425
2513
2530
2601
2599
2672
2609
2671
2711
2775
2775
2743
2815
2895
2823
3057
2894
2906
2915
2979
2897
2933
2991
2998
3061
2991
3015
3007
3029
10000
2983
2771
2544
2282
2279
2047
1982
1867
1749
1620
1568
1420
1312
1264
1216
1168
1120
1050
1003
914
848
882
781
742
768
653
656
624
580
532
494
562
509
433
434
448
400
384
370
336
304
362
406
280
244
214
257
200
266
186
10000
192
384
588
669
794
1036
1104
1323
1412
1583
1648
1701
1796
1875
1955
2027
2162
2265
2190
2340
2382
2422
2513
2495
2595
2544
2647
2679
2691
2719
2739
2783
2770
2749
2783
2783
2899
2903
2979
2891
2897
2991
2949
2960
2960
3023
3014
3045
3095
3021
10000
2891
2704
2527
2309
2197
2086
1979
1856
1747
1635
1552
1387
1404
1306
1172
1135
1051
946
906
902
899
784
768
726
720
688
641
640
592
524
536
538
470
472
400
416
352
378
434
384
304
336
304
336
244
288
197
320
308
212
10000
192
384
538
720
881
977
1121
1291
1317
1426
1600
1724
1744
1916
1951
2030
2143
2185
2249
2333
2321
2341
2467
2527
2547
2591
2619
2655
2663
2672
2797
2793
2815
2797
2879
2832
2835
2887
2918
2955
2911
3006
2959
2961
2971
2999
2989
2967
2993
2979
10000
2943
2800
2559
2351
2206
2095
1925
1855
1776
1599
1557
1511
1341
1245
1200
1153
1136
1019
930
896
804
816
784
760
700
706
628
656
528
590
528
534
490
432
460
432
384
364
348
377
370
336
226
274
262
292
272
176
256
208
10000
192
368
534
738
816
964
1157
1236
1419
1454
1535
1632
1823
1879
1963
2087
2075
2150
2256
2257
2383
2374
2439
2493
2559
2607
2643
2655
2674
2783
2754
2735
2815
2815
2807
2767
2933
2863
2943
2963
2943
2943
3007
2959
2983
3007
2999
3055
3043
3057
10000
2877
2723
2515
2365
2211
2005
1982
1794
1756
1616
1486
1392
1347
1281
1256
1164
1104
1005
961
816
948
821
794
736
800
681
596
650
620
509
529
516
497
490
419
438
400
384
358
384
294
292
320
298
288
272
240
236
246
216
10000
192
456
502
656
808
925
1127
1270
1345
1457
1520
1715
1808
1871
1953
2018
2078
2189
2221
2285
2381
2451
2384
2443
2559
2635
2604
2647
2699
2654
2769
2743
2813
2803
2895
2775
2907
2926
2869
2943
2928
2951
2992
3007
2975
3003
2975
3025
3023
3035
10000
2982
2701
2547
2415
2235
2063
1990
1827
1675
1648
1483
1483
1299
1262
1216
1166
1034
992
1018
930
848
812
796
845
720
694
656
624
634
496
560
544
508
448
408
418
368
364
400
280
440
306
261
288
274
273
288
224
184
296
10000
136
368
544
712
900
944
1120
1184
1430
1456
1589
1735
1759
1968
1926
2061
2121
2163
2194
2315
2429
2427
2406
2503
2543
2549
2631
2687
2707
2704
2706
2766
2837
2885
2815
2815
2903
2925
2918
2927
2983
2979
2987
2899
2955
2995
3057
3127
3027
3015
10000
2915
2687
2542
2415
2213
2064
1904
1794
1717
1686
1513
1418
1321
1252
1196
1117
1153
1016
984
916
859
729
752
784
682
640
566
608
608
496
556
548
499
472
452
444
426
427
432
354
280
392
284
320
272
266
264
298
277
224
10000
144
422
576
666
842
912
1094
1221
1360
1520
1654
1674
1767
1955
1975
2007
2133
2211
2231
2315
2357
2467
2549
2559
2531
2531
2657
2715
2735
2719
2691
2725
2791
2855
2815
2899
2869
2847
2835
2927
2895
2933
2893
2903
2999
3022
3027
2999
3019
3071
10000
2927
2725
2551
2327
2261
2112
1985
1843
1773
1653
1568
1446
1326
1264
1193
1187
1141
1044
1038
896
912
789
752
678
780
697
644
576
578
498
668
496
480
464
506
418
448
372
320
337
348
336
264
352
340
230
268
278
256
232
10000
160
384
658
722
864
977
1128
1252
1448
1571
1609
1747
1772
1914
2003
2078
2124
2253
2267
2320
2309
2431
2461
2559
2615
2559
2704
2645
2687
2669
2679
2731
2839
2822
2829
2925
2931
2895
2955
2975
3002
2955
2975
3047
3007
2989
3025
2991
3055
3047
10000
2999
2833
2543
2399
2211
2078
1936
1870
1712
1668
1488
1460
1360
1296
1258
1104
1082
992
941
892
848
909
824
761
742
688
646
609
569
603
598
528
548
450
388
468
456
442
432
342
305
326
288
304
282
224
306
228
234
266
10000
256
366
601
709
834
981
1100
1274
1383
1534
1594
1767
1759
1921
1983
2093
2106
2195
2305
2199
2358
2479
2483
2547
2559
2586
2631
2651
2655
2651
2783
2847
2699
2813
2835
2895
2899
2919
2899
2931
2978
2899
2990
3053
2979
2963
3035
3007
2935
3071
10000
2899
2759
2511
2339
2189
2093
1941
1856
1727
1650
1488
1457
1357
1308
1174
1168
1056
1008
898
880
900
768
761
726
676
660
704
625
560
560
486
520
480
452
466
432
400
428
330
280
256
344
242
256
280
225
294
272
216
216
10000
256
432
534
656
860
953
1088
1277
1275
1486
1558
1664
1798
1856
1915
2071
2135
2167
2339
2288
2393
2386
2418
2544
2507
2551
2678
2653
2651
2687
2751
2737
2797
2847
2797
2833
2863
2925
2869
2987
2966
2910
2971
2935
3031
2991
2992
2975
3055
3039
10000
2903
2659
2511
2352
2221
2032
1973
1837
1717
1601
1566
1490
1317
1300
1217
1088
1016
1006
888
882
928
816
768
808
768
673
640
666
562
532
493
520
474
428
492
392
408
378
412
384
355
364
320
322
256
272
296
256
272
192
10000
204
432
522
689
868
1008
1168
1312
1382
1474
1625
1709
1839
1910
2015
2023
2185
2155
2355
2307
2343
2419
2459
2423
2591
2683
2559
2618
2695
2736
2798
2743
2799
2811
2770
2918
2907
2902
2835
2885
2877
2947
3015
2989
3023
2963
3007
2928
3063
3059
10000
2955
2677
2514
2459
2176
2087
1921
1906
1758
1585
1468
1456
1358
1213
1162
1147
1066
992
954
912
905
918
832
706
740
822
656
627
582
546
544
540
508
434
416
453
376
337
386
396
354
330
320
278
256
276
288
229
288
284
10000
176
373
510
699
857
976
1117
1285
1347
1415
1562
1725
1747
1895
1982
2067
2091
2193
2223
2320
2337
2431
2391
2431
2559
2527
2608
2622
2705
2691
2709
2767
2769
2801
2835
2887
2845
2896
2883
2870
2951
2963
3061
2915
2971
2967
2957
3071
3055
3031
10000
2916
2637
2517
2385
2205
2078
1950
1835
1770
1634
1559
1456
1390
1244
1178
1152
1101
976
956
936
855
826
806
722
672
720
624
648
594
584
507
497
464
424
460
400
365
354
320
264
322
291
360
240
284
272
218
272
232
244
10000
192
362
544
785
845
937
1084
1200
1280
1451
1679
1726
1840
1867
1949
2000
2143
2099
2265
2287
2375
2451
2511
2470
2591
2559
2671
2685
2599
2747
2743
2707
2719
2867
2851
2838
2847
2901
2886
2962
2987
3027
2942
2971
2991
3014
2991
2999
2992
3014
10000
2899
2779
2547
2387
2267
2021
1987
1813
1728
1658
1509
1420
1349
1271
1214
1045
1078
1010
974
906
896
869
816
786
652
682
684
624
614
498
500
466
468
489
438
395
400
338
325
320
313
256
405
282
288
233
264
260
264
196
10000
118
368
549
661
821
972
1088
1237
1369
1472
1635
1777
1797
1879
1973
2095
2000
2191
2250
2311
2439
2423
2431
2545
2545
2558
2653
2663
2675
2734
2763
2797
2859
2846
2831
2871
2879
2883
2933
2896
2911
2959
2958
2975
2983
3063
3099
2993
3099
2975
10000
2967
2800
2487
2370
2256
2073
1937
1807
1799
1610
1584
1462
1325
1237
1168
1100
1088
1009
937
934
857
820
802
734
678
693
602
624
549
592
509
480
429
460
432
421
432
416
320
394
362
400
360
314
332
272
272
272
202
256
10000
246
338
554
673
837
960
1062
1252
1342
1493
1643
1699
1776
1948
2019
2021
2125
2195
2242
2305
2378
2467
2512
2447
2623
2590
2627
2675
2640
2693
2726
2791
2847
2927
2855
2833
2901
2935
2887
2879
2943
2975
2949
2987
2983
3015
2991
2963
3035
3029
10000
2959
2770
2553
2381
2221
2067
1959
1837
1744
1730
1520
1413
1426
1296
1178
1152
1079
1021
965
920
882
834
832
733
753
690
646
640
576
560
582
505
552
437
464
398
386
352
388
346
300
266
258
300
272
325
304
204
220
256
10000
192
384
592
660
832
1013
1156
1345
1383
1520
1622
1707
1863
1935
1943
2096
2123
2179
2221
2335
2342
2466
2447
2517
2487
2609
2597
2703
2643
2679
2783
2742
2839
2799
2862
2827
2847
2891
2891
2875
2951
2927
2863
2935
2931
3015
2971
2983
3007
3103
10000
2917
2800
2521
2319
2123
2096
1973
1875
1648
1615
1490
1465
1326
1248
1193
1156
966
1062
938
995
864
814
784
817
726
784
684
640
560
571
488
553
448
528
474
522
411
426
368
428
400
338
344
160
322
192
236
232
256
204
10000
208
412
504
704
729
946
1053
1272
1333
1510
1616
1684
1777
1913
1964
1967
2073
2171
2229
2275
2339
2419
2505
2530
2545
2618
2643
2631
2663
2643
2805
2794
2769
2823
2887
2874
2867
2903
2895
2949
2927
2967
2990
2983
3011
3039
2975
2991
3057
3055
10000
2959
2735
2603
2369
2227
2073
1951
1872
1785
1632
1535
1460
1396
1334
1232
1232
1059
1041
950
890
954
816
784
824
769
696
720
714
644
576
578
532
477
409
474
412
308
390
313
348
320
332
304
353
274
208
224
224
288
198
10000
168
357
488
688
684
977
1067
1297
1422
1468
1521
1677
1813
1856
1939
2015
2113
2097
2218
2335
2311
2385
2431
2531
2547
2535
2615
2559
2691
2685
2790
2832
2811
2851
2861
2859
2800
2862
2934
2879
2897
2903
2991
2882
2975
3007
3007
2927
2989
3023
10000
2927
2663
2527
2365
2070
2045
1897
1829
1700
1608
1520
1373
1312
1232
1109
1084
974
975
930
891
838
781
762
688
672
656
625
572
571
522
548
504
472
438
453
466
350
389
344
364
330
352
320
192
256
298
272
194
248
192
10000
168
368
533
665
840
944
1079
1266
1384
1459
1584
1691
1743
1904
1962
2026
2087
2192
2239
2255
2387
2427
2387
2514
2489
2617
2559
2643
2614
2619
2723
2769
2787
2823
2799
2781
2783
3125
2899
2895
2883
2893
2903
2994
2963
2983
2960
3023
3043
3011
10000
2971
2743
2551
2335
2204
2047
1985
1808
1673
1584
1465
1419
1338
1317
1156
1105
1011
960
958
880
844
772
816
714
672
644
636
624
336
592
552
488
426
460
464
372
314
320
352
374
299
313
304
208
224
305
256
245
244
262
10000
186
356
596
716
852
976
1108
1228
1344
1530
1614
1714
1777
1908
1935
2063
2135
2222
2212
2318
2378
2485
2483
2490
2509
2551
2623
2707
2613
2667
2667
2797
2781
2778
2823
2864
2895
2891
2943
2875
2865
2943
2964
2997
2943
3011
3039
3015
2992
2967
10000
2865
2691
2523
2367
2242
1986
1945
1875
1664
1648
1521
1456
1324
1230
1246
1206
1070
1028
914
923
813
778
753
717
664
634
646
569
560
403
533
432
448
436
384
420
365
384
354
377
336
290
320
224
288
184
268
236
240
256
10000
208
352
464
656
880
912
1085
1171
1353
1396
1535
1687
1748
1947
1922
2006
1998
2149
2209
2283
2323
2449
2475
2451
2509
2559
2623
2627
2625
2695
2735
2743
2815
2801
2851
2862
2815
2879
2821
2942
2887
2894
2935
2962
2949
3019
3047
3023
3031
3011
10000
2911
2751
2518
2329
2151
2005
1957
1717
1730
1507
1505
1486
1328
1245
1179
1072
1072
960
913
901
820
800
785
736
704
635
626
618
592
524
580
485
456
448
384
396
393
336
360
264
278
217
248
260
256
256
208
160
240
208
10000
176
352
528
640
772
932
1082
1222
1376
1476
1586
1727
1884
1832
1999
1985
2092
2210
2207
2279
2352
2447
2335
2443
2471
2535
2605
2609
2671
2631
2769
2759
2791
2783
2778
2801
2895
2879
2885
2835
2949
2960
2943
2939
2929
2993
3038
2951
2993
3134
10000
2923
2707
2559
2325
2202
2061
1917
1869
1744
1627
1478
1482
1299
1241
1245
1030
1038
1088
928
818
791
758
764
760
673
662
617
610
582
484
546
460
468
464
432
400
352
392
394
300
424
256
232
242
272
208
240
276
298
204
10000
236
384
460
656
816
985
1018
1289
1401
1454
1535
1695
1757
1892
1983
2021
2108
2263
2279
2275
2460
2335
2469
2454
2610
2608
2639
2640
2736
2673
2794
2815
2787
2815
2805
2863
2853
2887
2875
2991
2895
2979
2942
3031
2991
2981
2943
2991
3063
2992
10000
2903
2759
2470
2347
2319
2075
1950
1854
1755
1616
1488
1408
1335
1240
1245
1182
1083
1015
956
857
848
833
768
768
645
660
681
640
588
569
576
576
464
522
433
372
392
390
368
370
366
352
338
312
304
272
261
241
248
256
10000
166
418
576
770
834
962
1113
1232
1427
1535
1584
1638
1792
1841
1984
2077
2105
2203
2245
2299
2396
2419
2443
2525
2531
2591
2673
2643
2734
2768
2755
2767
2811
2862
2863
2879
2871
2885
2963
2882
2898
2947
2961
3047
2983
2951
3013
2959
3091
3023
10000
2951
2799
2559
2384
2222
2131
2010
1872
1748
1691
1490
1506
1276
1283
1259
1150
1034
1009
984
942
839
848
805
768
728
656
664
688
584
608
556
464
548
560
448
392
498
410
372
352
336
344
336
281
272
296
304
296
278
242
10000
224
420
530
712
843
1056
1157
1296
1392
1561
1680
1753
1823
1930
2079
2128
2175
2240
2315
2381
2427
2511
2495
2539
2599
2679
2644
2727
2829
2763
2771
2799
2933
2879
2867
2897
2966
2975
2963
2943
2959
3059
2971
2995
3071
3139
3103
3087
3095
3103
10000
2909
2759
2559
2383
2271
2033
1955
1874
1794
1712
1535
1533
1336
1312
1259
1200
1061
1088
1030
962
880
846
891
790
758
722
708
624
608
583
568
576
500
412
496
456
384
408
408
390
333
308
496
324
272
288
312
272
240
242
10000
224
368
576
737
919
1049
1190
1216
1424
1533
1618
1746
1872
1941
2033
2079
2160
2239
2237
2335
2397
2439
2539
2602
2609
2583
2670
2701
2711
2723
2737
2813
2783
2819
2895
2929
2937
2833
2911
2943
3023
2983
3031
2963
2991
3025
3059
3051
3039
3151
10000
2907
2774
2519
2399
2259
2067
1973
1822
1704
1671
1485
1424
1296
1362
1190
1123
1040
1018
960
896
880
772
752
800
665
740
640
672
624
588
588
474
560
480
536
473
336
400
384
336
339
336
352
320
304
296
256
300
268
256
10000
232
464
568
730
800
1016
1152
1344
1409
1519
1648
1781
1799
1890
1848
2075
2151
2275
2234
2247
2399
2421
2451
2503
2611
2543
2655
2631
2707
2736
2771
2799
2814
2875
2923
2815
2927
2933
2935
2909
2960
2891
2891
2991
3007
2986
3043
3015
3007
3035
10000
2926
2699
2556
2363
2255
2078
1936
1857
1714
1659
1534
1449
1438
1296
1233
1088
1031
1056
937
893
904
822
780
791
780
682
688
677
596
578
562
544
507
473
376
410
448
332
384
346
340
384
242
208
358
304
240
256
288
212
10000
192
374
515
772
848
880
1019
1236
1406
1493
1616
1776
1810
1909
1948
2045
2157
2229
2269
2295
2359
2384
2535
2503
2559
2519
2630
2625
2663
2767
2743
2743
2814
2853
2863
2907
2911
2847
2943
2941
2961
2975
3027
3005
2967
2985
2993
3005
3019
3056
10000
2993
2737
2517
2383
2267
2123
2043
1851
1744
1605
1562
1435
1344
1271
1186
1152
1011
969
976
938
814
800
796
739
730
704
632
592
614
584
544
560
473
469
493
354
400
464
357
402
289
388
364
292
288
336
256
292
262
248
10000
212
384
505
698
800
1021
1154
1262
1344
1491
1575
1719
1821
1851
1950
2095
2128
2182
2231
2291
2349
2453
2455
2511
2559
2543
2559
2646
2679
2719
2640
2831
2743
2885
2843
2835
2911
2891
2911
2903
2911
2975
2943
2891
2911
2935
2967
2928
2959
3033
10000
2865
2611
2499
2310
2221
2043
1928
1824
1746
1652
1488
1450
1354
1280
1241
1127
1122
1109
971
993
970
876
841
728
704
756
768
676
680
560
576
556
500
536
496
464
400
356
384
416
356
312
371
324
304
338
352
304
238
257
10000
256
400
592
714
841
971
1134
1290
1325
1388
1602
1637
1758
1766
1898
1972
2096
2175
2199
2227
2319
2303
2416
2480
2491
2462
2487
2559
2623
2667
2788
2726
2759
2739
2768
2774
2879
2831
2955
2901
2903
2960
2979
2928
2965
3027
3003
2975
3071
3119
10000
2866
2735
2607
2375
2217
2159
1979
1872
1734
1662
1530
1420
1390
1341
1264
1104
1098
1074
1006
978
936
814
898
752
753
744
672
684
688
608
592
570
560
464
528
468
432
456
440
428
400
400
312
368
376
304
288
232
256
314
10000
194
370
528
650
822
946
1088
1168
1344
1391
1572
1660
1722
1765
1967
2021
2096
2150
2207
2229
2309
2357
2395
2407
2487
2549
2608
2623
2671
2739
2735
2717
2765
2823
2737
2847
2844
2879
2829
2895
2815
2943
2960
2975
2931
2995
2979
3013
3022
2939
10000
2894
2736
2534
2449
2206
2075
1966
1841
1811
1719
1573
1492
1405
1389
1324
1184
1184
1088
1060
938
920
848
834
784
777
704
717
680
624
544
642
586
525
448
493
508
405
408
372
352
432
340
313
346
272
352
240
312
208
361
10000
193
432
576
667
880
1004
1118
1267
1378
1473
1491
1645
1749
1863
1946
1995
2113
2128
2157
2231
2229
2391
2403
2466
2518
2559
2517
2635
2621
2614
2773
2775
2727
2822
2789
2879
2831
2815
2917
2943
2828
2927
2987
2975
2967
2877
3009
2943
3095
3053
10000
2942
2719
2511
2417
2269
2122
1905
1875
1729
1668
1520
1490
1320
1275
1224
1073
1101
956
992
898
904
806
838
732
682
688
688
656
604
593
576
536
496
402
469
440
396
433
400
420
332
312
355
332
306
272
272
320
293
288
10000
172
448
588
738
882
1032
1200
1250
1424
1457
1524
1672
1744
1903
1967
2023
2149
2149
2224
2290
2355
2385
2458
2551
2598
2597
2605
2590
2751
2789
2739
2807
2787
2787
2875
2928
2871
2919
2911
2959
2951
2975
2932
2973
3019
3007
3071
2967
3019
3099
10000
2869
2711
2548
2418
2224
2069
1961
1883
1755
1623
1510
1472
1392
1263
1244
1104
1104
995
920
938
856
816
802
704
725
681
618
592
576
550
540
557
432
496
413
392
388
384
426
418
332
320
313
330
296
304
298
208
268
226
10000
212
374
588
688
882
925
1136
1250
1360
1505
1584
1717
1776
1885
1943
2091
2111
2191
2255
2301
2369
2389
2527
2535
2507
2526
2621
2673
2699
2661
2745
2787
2766
2847
2859
2864
2864
2863
2927
2931
2927
2967
2983
3031
2967
2989
2943
2943
3013
3043
10000
2960
2731
2512
2321
2279
2158
1882
1823
1693
1626
1488
1450
1328
1261
1197
1168
1088
1037
944
904
820
848
741
680
661
656
688
624
592
572
508
580
524
460
487
336
472
384
393
320
368
292
283
338
208
304
240
210
256
220
10000
181
403
508
698
849
940
1052
1213
1344
1437
1602
1760
1781
1840
1917
2085
2140
2207
2165
2306
2415
2439
2413
2559
2511
2512
2683
2677
2679
2725
2778
2787
2887
2815
2807
2845
2885
2915
2922
2957
2863
2960
2931
2955
2931
2943
3022
3071
2987
3027
10000
2927
2719
2485
2335
2237
2078
1968
1872
1770
1527
1611
1443
1374
1307
1245
1197
1065
1018
950
880
892
787
749
769
752
791
624
610
626
569
528
489
504
450
496
449
368
376
300
336
384
320
272
327
304
272
232
224
209
192
10000
192
390
566
664
878
1018
1136
1269
1434
1438
1594
1712
1846
1965
2033
2085
2062
2163
2241
2295
2438
2381
2478
2541
2525
2591
2619
2615
2722
2671
2774
2879
2823
2719
2825
2865
2915
2895
2933
2992
2919
2959
3019
2970
3067
3091
3035
3037
2999
3043
10000
2919
2713
2559
2429
2261
2119
2017
1886
1728
1643
1614
1462
1349
1302
1251
1125
1089
1029
940
896
896
784
832
785
685
676
689
624
640
592
504
538
504
432
428
410
393
420
329
340
384
384
344
352
368
240
290
234
312
264
10000
241
418
573
741
880
950
1141
1238
1369
1438
1567
1637
1775
1794
1915
2001
2027
2215
2180
2271
2299
2349
2375
2498
2502
2559
2519
2591
2559
2631
2691
2719
2763
2833
2737
2823
2899
2837
2827
2895
2967
2895
2925
2975
2935
2935
2991
2997
2933
2999
10000
2757
2675
2527
2334
2307
2095
2039
1872
1829
1669
1585
1460
1409
1344
1262
1166
1133
1040
1082
980
896
848
852
812
761
793
667
717
612
661
588
528
561
544
492
432
432
432
356
395
336
408
288
304
315
204
304
240
214
219
10000
218
440
592
656
826
912
1094
1177
1369
1452
1630
1584
1727
1840
1909
2039
2091
2127
2258
2255
2303
2374
2437
2479
2515
2559
2587
2613
2613
2635
2651
2747
2737
2731
2763
2807
2851
2829
2867
2942
2967
2931
2963
2903
2967
2983
2901
3047
3007
2987
10000
2839
2695
2589
2448
2260
2041
1951
1924
1802
1711
1590
1476
1410
1282
1264
1214
1113
1033
1060
928
872
892
769
816
786
725
712
645
640
656
584
530
493
528
560
480
464
506
405
440
400
362
392
360
325
330
320
288
304
296
10000
290
384
584
665
832
928
1066
1165
1363
1456
1530
1654
1719
1787
1859
2003
2039
2122
2205
2230
2247
2287
2385
2475
2474
2522
2675
2619
2608
2624
2691
2675
2735
2719
2755
2879
2833
2799
2891
2865
2903
2907
2887
2951
2935
2995
2859
2983
2959
2991
10000
2927
2733
2551
2407
2301
2091
1999
1947
1852
1714
1520
1535
1427
1328
1277
1168
1155
1056
1040
1034
934
845
784
779
806
742
658
712
621
578
534
548
468
444
450
448
436
376
418
416
328
348
344
258
332
304
256
336
296
258
10000
224
406
532
688
912
1058
1105
1266
1451
1475
1584
1712
1751
1840
1910
1981
2144
2202
2195
2288
2332
2385
2447
2463
2448
2542
2627
2609
2675
2647
2687
2765
2726
2847
2799
2847
2807
2822
2866
2879
2927
2911
2979
2949
2995
3039
