272
288
304
10000
272
473
649
761
914
1019
1168
1282
1413
1488
1630
1712
1872
1899
2010
2111
2105
2213
2257
2354
2311
2371
2479
2499
2497
2583
2623
2625
2647
2715
2723
2795
2774
2751
2821
2775
2843
2867
2887
2862
2934
2891
3007
2955
2959
2943
2999
3023
3089
3011
10000
2931
2687
2549
2378
2259
2163
1925
1939
1773
1674
1635
1515
1429
1375
1289
1110
1169
1078
979
925
908
877
784
784
758
747
640
672
660
596
592
576
528
496
485
504
432
384
464
408
368
384
320
298
368
342
304
224
256
240
10000
242
357
640
698
852
954
1053
1168
1382
1423
1507
1657
1766
1794
1903
1991
2067
2159
2203
2257
2299
2352
2398
2442
2558
2512
2602
2606
2695
2653
2751
2726
2743
2774
2823
2807
2797
2815
2859
2919
2879
2899
2955
2970
2992
2975
2989
3015
3007
3023
10000
2879
2797
2595
2366
2243
2135
2046
1927
1779
1727
1584
1506
1412
1362
1220
1265
1163
1104
1021
970
892
1008
833
826
812
691
704
704
656
614
652
528
528
506
467
462
338
464
389
344
334
344
320
336
284
320
272
264
304
209
10000
272
448
592
720
876
912
1104
1232
1322
1479
1568
1648
1735
1863
2000
1978
2163
2191
2179
2247
2297
2333
2375
2416
2439
2557
2534
2603
2549
2613
2716
2699
2695
2735
2775
2677
2833
2899
2909
2863
2875
2943
2961
3046
3035
2979
3067
3039
2973
3063
10000
2927
2735
2534
2413
2301
2160
1983
1840
1754
1717
1579
1518
1382
1406
1289
1219
1168
1098
945
912
944
924
832
800
820
705
714
736
605
620
625
564
560
602
520
492
404
432
384
451
394
384
290
293
336
256
288
324
320
256
10000
218
422
521
704
761
960
1088
1163
1328
1433
1552
1648
1778
1830
1909
1935
2114
2133
2199
2235
2319
2339
2383
2503
2527
2559
2559
2599
2661
2687
2743
2736
2799
2815
2799
2879
2847
2815
2915
2939
2915
3005
2963
2961
2911
3011
2927
2974
2927
3053
10000
2927
2723
2623
2351
2246
2125
1981
1937
1722
1687
1606
1584
1450
1389
1265
1258
1128
1171
1033
960
892
896
866
784
792
758
666
752
656
560
546
560
518
465
548
493
436
440
412
400
355
341
330
368
240
312
236
330
256
212
10000
212
400
592
754
841
1038
1100
1232
1344
1571
1622
1696
1744
1808
1943
2021
2118
2089
2178
2355
2327
2418
2417
2559
2535
2515
2613
2651
2640
2675
2707
2779
2729
2739
2765
2814
2815
2827
2863
2910
2775
2959
2927
2975
3059
2993
3031
3053
3055
3055
10000
2974
2775
2559
2379
2241
2150
2015
1898
1790
1711
1639
1408
1418
1366
1228
1188
1102
1037
945
981
890
926
816
789
720
724
740
692
585
608
586
592
480
560
482
464
448
384
404
370
396
374
374
328
368
272
288
296
304
240
10000
219
448
464
648
826
938
1140
1296
1432
1504
1597
1657
1754
1840
1959
1993
2122
2147
2169
2266
2294
2389
2451
2512
2591
2559
2544
2637
2694
2674
2666
2775
2743
2871
2787
2867
2843
2897
2851
2907
2979
2898
2950
2991
2935
3005
2965
3005
3047
3047
10000
2907
2771
2506
2355
2218
2127
1999
1870
1834
1744
1621
1457
1488
1366
1248
1250
1216
1113
1072
976
872
976
835
832
788
784
742
668
672
601
576
530
576
490
442
480
428
394
356
392
341
305
320
240
324
212
288
264
281
192
10000
294
384
610
704
844
1002
1121
1216
1440
1478
1520
1739
1746
1843
2003
2007
2090
2217
2215
2226
2291
2421
2439
2479
2480
2559
2519
2559
2614
2671
2775
2719
2779
2778
2774
2891
2843
2823
2925
2899
2927
2959
2989
3039
2951
3031
2957
3071
3071
3055
10000
2961
2739
2543
2439
2243
2087
1999
1898
1764
1745
1531
1534
1404
1309
1312
1218
1186
1088
1029
976
865
852
816
832
796
756
696
726
686
572
602
528
582
486
491
488
424
450
417
400
417
418
329
384
354
321
292
274
288
296
10000
230
480
524
680
744
936
1075
1202
1316
1442
1533
1575
1821
1861
1873
1923
2027
2191
2162
2291
2327
2384
2347
2437
2494
2495
2519
2555
2595
2663
2667
2707
2769
2711
2787
2759
2835
2838
2915
2907
2883
2935
2898
3021
2917
2987
2963
2891
3007
3058
10000
2891
2767
2494
2431
2239
2137
2000
1887
1809
1662
1675
1577
1493
1298
1235
1193
1130
1104
992
1072
965
902
906
816
768
733
760
640
620
573
592
596
586
499
428
393
458
389
390
432
368
354
280
281
308
276
298
268
264
240
10000
141
422
544
744
816
986
1022
1236
1361
1456
1520
1682
1685
1872
1975
2007
2109
2225
2118
2314
2279
2357
2381
2447
2549
2511
2486
2613
2655
2547
2640
2727
2742
2711
2807
2768
2865
2879
2807
2779
2910
2989
2991
2914
3053
2879
3023
2961
3039
3121
10000
2835
2768
2523
2438
2202
2030
2031
1904
1730
1643
1599
1473
1367
1296
1257
1190
1110
1106
961
985
912
845
868
744
736
672
688
633
622
576
665
506
578
533
464
440
428
432
440
336
368
304
384
368
305
269
346
272
304
208
10000
274
448
594
730
816
925
1059
1283
1400
1495
1601
1769
1825
1881
2009
1989
2115
2197
2303
2229
2349
2407
2475
2514
2535
2647
2635
2646
2655
2719
2727
2779
2768
2807
2827
2815
2853
2927
2911
2899
2954
2975
2962
2963
3055
3024
2962
2959
3047
3118
10000
2967
2693
2499
2366
2181
2085
1984
1872
1696
1713
1522
1460
1408
1290
1264
1141
1013
1058
930
985
860
844
762
656
665
736
612
682
656
522
528
496
485
460
440
421
452
352
394
368
340
332
336
305
265
280
176
244
256
192
10000
217
336
560
720
848
993
1085
1216
1394
1509
1613
1650
1817
1911
2007
2085
2149
2141
2215
2352
2363
2407
2406
2499
2591
2559
2674
2633
2733
2687
2687
2717
2773
2831
2870
2800
2879
2901
2907
2943
2915
2947
2962
2943
3011
3010
3007
3030
3071
3071
10000
2929
2775
2509
2371
2169
2057
1989
1833
1763
1641
1509
1403
1365
1274
1218
1147
1076
1077
961
884
848
880
838
748
700
690
584
633
592
556
576
552
464
448
448
406
432
480
369
354
314
352
352
400
260
258
248
320
208
250
10000
108
364
552
776
890
852
1090
1247
1327
1486
1578
1707
1801
1920
1926
2133
2131
2142
2261
2341
2384
2387
2469
2527
2555
2623
2619
2714
2725
2693
2815
2751
2827
2835
2837
2823
2859
2923
3003
2895
2949
2943
2991
2989
2919
3055
3006
2961
3109
2995
10000
2967
2705
2511
2369
2219
2109
1897
1847
1775
1600
1486
1431
1360
1322
1285
1191
1100
1044
928
972
908
856
836
778
712
732
674
646
628
601
557
508
528
475
428
465
384
409
308
368
386
256
283
268
226
232
261
240
224
386
10000
160
352
548
704
875
928
1130
1184
1375
1530
1533
1772
1767
1941
2006
2098
2078
2177
2255
2353
2399
2439
2518
2587
2611
2595
2591
2631
2661
2765
2727
2798
2791
2851
2832
2851
2833
2929
2935
2879
2951
2993
3055
2960
2925
3047
2999
3025
3107
2981
10000
2943
2663
2521
2335
2243
2035
2109
1885
1743
1599
1562
1380
1364
1305
1214
1141
1110
1018
944
929
812
804
724
688
720
688
688
680
640
633
560
490
566
488
504
484
420
496
336
342
256
320
240
288
300
260
272
212
262
232
10000
256
426
518
688
828
980
1084
1258
1296
1494
1641
1639
1765
1872
2005
1951
2166
2110
2242
2299
2291
2387
2479
2495
2494
2679
2647
2559
2699
2685
2631
2795
2833
2804
2851
2879
2831
2891
2895
2958
2909
2949
2903
2929
3021
2899
3023
2967
3059
3057
10000
2875
2719
2559
2323
2234
2123
2009
1801
1794
1617
1556
1507
1383
1276
1264
1149
1114
997
976
976
960
803
880
720
748
666
640
624
576
586
592
492
408
474
498
472
408
384
364
364
336
320
236
306
320
306
258
236
256
261
10000
178
410
600
789
818
1008
1148
1221
1349
1514
1609
1695
1811
1891
1956
2063
2170
2179
2303
2279
2325
2481
2559
2591
2559
2611
2609
2705
2639
2746
2737
2707
2845
2854
2813
2827
2775
2879
2911
2943
2954
2975
3047
2923
3003
3057
3027
2992
2983
3007
10000
2958
2743
2555
2423
2203
2109
1958
1831
1715
1594
1584
1433
1393
1249
1200
1088
1040
1072
936
896
857
848
796
795
790
690
658
657
658
548
530
458
486
506
444
449
428
373
390
376
392
294
426
308
308
289
236
352
264
240
10000
204
432
516
688
816
968
1104
1223
1375
1469
1600
1648
1767
1915
2102
2005
2150
2151
2243
2302
2363
2409
2461
2527
2599
2559
2617
2749
2695
2707
2755
2775
2863
2789
2802
2887
2951
2869
2871
2907
2911
3031
2955
2975
3063
3007
3031
3062
3039
3094
10000
2963
2771
2527
2339
2233
2045
1963
1890
1715
680
656
540
516
585
508
432
448
427
432
364
310
312
362
346
276
336
268
208
225
212
240
224
10000
225
416
545
694
794
980
1115
1200
1348
1488
1712
1695
1798
1929
2030
2101
2065
2167
2235
2349
2331
2413
2398
2511
2543
2556
2655
2695
2647
2711
2765
2781
2827
2795
2827
2883
2847
2903
2995
3030
3015
2886
2975
2931
3007
2994
3089
3055
3038
3069
10000
2923
2736
2507
2221
2174
2111
1980
1881
1735
1632
1519
1426
1366
1306
1153
1196
1012
1017
882
900
912
850
808
754
768
736
657
612
576
564
576
490
481
556
496
440
432
417
344
368
276
352
256
306
322
224
328
260
262
204
10000
176
416
520
720
875
960
1123
1296
1325
1487
1573
1658
1838
1922
1983
2063
2138
2129
2273
2320
2463
2407
2545
2495
2489
2623
2559
2635
2687
2759
2743
2767
2805
2823
2891
2901
2993
2815
2915
2943
2942
2989
2989
2911
3093
3015
2995
3055
3039
2995
10000
2943
2759
2491
2383
2251
2098
1895
1808
1791
1615
1586
1435
1360
1335
1230
1128
1211
1028
949
924
869
839
874
748
724
660
656
674
656
608
467
518
412
500
474
482
441
332
405
394
346
345
288
312
304
260
280
288
298
272
10000
176
400
556
668
880
1040
1111
1340
1393
1559
1600
1680
1812
1870
1974
2081
2111
2225
2319
2247
2301
2415
2476
2455
2513
2595
2547
2659
2747
2743
2767
2783
2831
2799
2799
2845
2858
2895
2931
2943
2907
3013
2931
3038
3013
2991
3035
3039
3107
3003
10000
2935
2763
2538
2394
2189
2123
1927
1901
1768
1683
1679
1412
1382
1228
1250
1148
1074
988
1033
954
832
817
800
786
716
682
748
618
588
628
544
448
536
473
448
394
333
418
400
373
346
324
304
326
292
320
304
282
314
294
10000
168
355
562
663
852
928
1033
1264
1427
1483
1607
1689
1817
1886
1983
2071
2173
2129
2245
2259
2435
2423
2447
2535
2471
2651
2623
2687
2703
2751
2707
2757
2743
2830
2819
2863
2929
2951
2923
2959
2941
2907
3031
2990
3011
2999
3003
3003
3035
3071
10000
2896
2747
2559
2367
2267
2155
1936
1856
1774
1609
1553
1427
1345
1258
1232
1200
1060
1012
992
884
840
889
800
764
748
659
656
596
588
560
538
546
510
416
434
417
338
448
352
332
352
299
296
288
260
280
268
256
256
272
10000
185
497
566
736
816
1014
1164
1254
1377
1554
1616
1662
1844
1933
2003
2097
2157
2241
2226
2275
2353
2406
2490
2503
2559
2531
2603
2655
2655
2762
2718
2771
2736
2803
2865
2863
2910
2864
2826
2923
2971
3005
2991
2983
2887
3053
3007
2975
3035
3063
10000
2943
2702
2539
2355
2242
2143
1935
1898
1722
1571
1508
1473
1360
1232
1174
1130
1054
1088
928
923
848
752
732
668
720
640
592
726
620
566
532
560
528
493
491
476
352
320
368
313
328
344
272
325
296
298
210
176
248
216
10000
204
408
656
693
868
960
1050
1200
1427
1462
1601
1733
1819
1965
1979
2038
2073
2221
2223
2224
2401
2467
2477
2525
2495
2559
2551
2623
2722
2667
2815
2747
2833
2781
2855
2737
2882
2929
2831
2927
2919
2991
2925
2993
2929
2995
3022
3039
3019
3019
10000
2943
2787
2559
2358
2241
2079
2015
1825
1771
1645
1567
1408
1322
1342
1229
1200
1092
995
897
938
904
804
780
725
728
672
734
610
656
536
523
510
520
497
392
385
448
410
360
378
388
384
288
324
276
337
304
216
224
193
10000
200
376
540
652
912
988
1133
1255
1395
1486
1556
1727
1849
1922
1931
2095
2207
2207
2265
2302
2375
2363
2455
2512
2544
2607
2587
2634
2654
2619
2743
2719
2823
2830
2871
2943
2943
2903
2891
2815
2897
2987
2870
3019
2963
3031
3031
2957
2995
3111
10000
2897
2765
2513
2365
2231
2119
1989
1872
1759
1605
1519
1377
1398
1264
1311
1152
1058
949
1036
917
900
818
784
720
738
690
605
715
545
576
588
490
473
408
420
436
408
370
344
452
352
310
272
224
278
304
308
203
290
176
10000
230
400
545
656
768
941
1083
1237
1360
1463
1579
1680
1746
1859
1964
2073
2112
2146
2256
2350
2381
2447
2535
2463
2621
2603
2703
2665
2669
2655
2751
2739
2789
2815
2897
2814
2859
2923
2879
2903
2967
2959
3015
2943
3043
2993
2947
3043
3095
2871
10000
2990
2741
2551
2353
2251
2098
1979
1856
1800
1717
1499
1424
1432
1226
1192
1168
1104
1004
1027
884
837
858
784
780
708
686
659
590
597
584
576
544
496
386
400
386
394
338
364
347
338
328
281
304
278
264
304
290
272
280
10000
219
341
508
805
823
1008
1072
1353
1379
1455
1650
1707
1913
1893
2015
2062
2043
2031
2259
2320
2363
2367
2495
2497
2505
2639
2609
2637
2686
2725
2723
2806
2801
2815
2835
2911
2935
2839
2943
2895
2999
3005
2938
2957
2975
3013
3007
3025
3071
3071
10000
2915
2685
2587
2399
2192
2193
2000
1808
1712
1639
1488
1527
1392
1248
1172
1089
1094
1030
976
920
784
840
832
757
748
674
656
608
609
572
590
521
544
473
432
464
312
368
362
410
348
396
330
346
294
304
224
244
208
274
10000
200
460
597
634
848
944
1081
1173
1325
1520
1622
1664
1776
1819
2015
2094
2135
2128
2241
2320
2411
2385
2499
2559
2555
2589
2555
2639
2765
2811
2719
2765
2815
2800
2866
2955
2821
2864
2833
2963
2979
3025
3021
2927
3045
2965
3071
2879
3051
3089
10000
2895
2643
2502
2353
2183
2072
1936
1867
1727
1657
1632
1420
1443
1281
1136
1186
1018
960
967
944
814
848
733
756
672
768
700
656
661
550
554
563
464
461
434
374
436
314
368
368
304
272
280
320
226
277
268
196
186
224
10000
258
402
537
717
847
1005
1136
1200
1456
1437
1595
1714
1840
1921
2026
2087
2128
2205
2199
2308
2365
2431
2423
2501
2462
2622
2666
2687
2715
2690
2769
2739
2618
2853
2794
2871
2875
2899
2933
2901
2939
2931
2909
2971
3011
2991
3031
3039
3023
3053
10000
2847
2699
2559
2353
2223
2101
1969
1863
1766
1566
1594
1414
1337
1280
1216
1173
1112
1074
939
929
837
729
818
806
754
720
658
768
536
568
560
529
544
438
464
388
464
388
402
384
400
304
369
292
296
304
304
228
282
257
10000
232
360
625
714
896
976
1076
1243
1360
1422
1651
1710
1815
1872
1991
1986
2178
2160
2223
2307
2339
2393
2460
2544
2551
2559
2587
2590
2640
2701
2723
2877
2783
2831
2853
2839
2879
2895
2907
2910
3035
3071
2962
2975
2919
3039
3026
3021
3107
3071
10000
2987
2769
2506
2413
2193
2087
1938
1815
1805
1675
1535
1397
1360
1327
1226
1207
1082
976
1019
928
832
836
788
733
730
694
592
579
530
563
510
624
492
500
443
454
384
416
384
352
388
300
300
240
288
256
270
256
242
246
10000
234
400
597
675
816
980
1161
1232
1365
1472
1584
1686
1872
1895
2000
2085
2065
2244
2256
2319
2384
2455
2430
2470
2611
2511
2663
2715
2663
2687
2783
2839
2801
2851
2835
2879
2855
2859
2917
2869
2943
2989
2955
3219
3055
3031
2983
3071
3067
3039
10000
2963
2741
2551
2367
2255
2101
1942
1845
1721
1644
1610
1360
1300
1264
1154
1085
1013
1034
880
877
877
800
744
745
712
726
602
612
672
546
576
530
408
480
368
398
356
454
370
352
360
304
329
336
242
276
256
274
240
272
10000
256
428
496
777
804
998
1052
1266
1264
1466
1585
1679
1769
1855
1904
2028
2109
2199
2256
2226
2260
2448
2419
2480
2535
2512
2653
2675
2677
2800
2749
2743
2815
2773
2863
2865
2891
2931
2899
2943
2907
2933
2943
3039
2966
2987
3071
3026
2931
3007
10000
2971
2704
2557
2374
2195
2083
1955
1758
1802
1604
1535
1497
1424
1296
1309
1105
1158
1043
970
940
886
848
816
741
713
715
653
658
554
599
572
487
444
480
400
400
501
420
417
336
300
321
368
256
276
322
258
240
193
268
10000
184
448
594
721
874
1045
1121
1265
1394
1535
1589
1733
1794
1923
2003
2044
2085
2207
2237
2303
2371
2455
2507
2437
2479
2631
2643
2704
2734
2759
2799
2758
2819
2837
2851
2864
2927
2927
2885
2927
2955
2885
2887
2896
2987
3007
3027
3051
3019
2987
10000
2993
2703
2533
2459
2233
2121
1983
1779
1735
1627
1420
1437
1321
1334
1177
1108
1136
1018
912
914
840
779
852
672
730
608
624
688
656
626
533
562
464
485
476
468
388
377
408
352
290
392
264
256
344
330
234
272
208
208
10000
236
374
562
700
826
960
1080
1060
1393
1456
1642
1647
1829
1906
2010
2082
2129
2224
2226
2271
2314
2391
2507
2590
2498
2559
2621
2703
2624
2699
2727
2794
2799
2859
2837
2837
2883
2827
2935
2930
2885
2942
2951
3015
3026
3051
3015
2997
3045
3071
10000
2928
2704
2607
2353
2271
2118
1937
1850
1783
1673
1572
1456
1398
1288
1253
1141
1129
1083
961
880
908
809
752
787
683
718
624
608
594
541
576
538
464
470
480
400
456
360
372
354
352
400
292
288
304
268
256
240
213
298
10000
264
392
584
710
786
980
1101
1242
1429
1513
1675
1697
1781
1917
1993
2047
2183
2131
2263
2251
2343
2371
2405
2559
2547
2546
2641
2643
2661
2719
2767
2767
2714
2835
2807
2883
2839
2939
2951
2943
2897
2897
2909
2928
2992
3025
3039
2967
3039
3027
10000
3071
2767
2511
2318
2175
1990
2015
1788
1685
1593
1563
1486
1402
1275
1172
1132
1064
1013
962
921
906
832
776
724
704
688
674
656
656
544
598
502
528
428
434
384
434
438
328
288
366
376
292
336
288
360
290
296
240
240
10000
256
372
589
664
865
1006
1144
1266
1408
1442
1641
1679
1823
1926
1917
2115
2134
2167
2294
2341
2355
2378
2559
2485
2595
2559
2623
2705
2683
2733
2743
2831
2799
2815
2797
2821
2949
2939
2877
2963
2887
2897
2939
2943
2935
2991
3024
3047
3039
2983
10000
3019
2651
2543
2353
2227
2107
2007
1843
1761
1582
1535
1468
1374
1322
1190
1158
1088
1008
1008
908
936
832
795
752
690
689
658
656
617
576
544
420
560
560
497
442
348
304
388
361
288
336
357
326
354
272
295
288
260
240
10000
138
368
501
672
924
1032
1109
1320
1408
1471
1619
1759
1840
1881
1950
2015
2159
2293
2271
2335
2355
2416
2475
2482
2498
2626
2559
2670
2735
2725
2727
2751
2791
2807
2875
2861
2823
2863
2871
2935
2911
2960
2991
2963
2999
3024
3003
2995
3119
2971
10000
2943
2761
2522
2399
2205
2095
1943
1883
1763
1589
1535
1444
1263
1239
1207
1080
1045
912
930
952
848
822
874
800
787
768
677
581
560
538
544
560
456
456
544
418
337
432
342
360
362
353
356
336
304
368
258
332
274
320
10000
170
416
625
707
874
921
1088
1283
1338
1487
1638
1706
1728
1888
1925
1945
2097
2198
2220
2353
2411
2451
2448
2458
2494
2534
2667
2699
2629
2706
2677
2771
2753
2827
2815
2865
2887
2865
2895
2907
2892
2939
2967
2813
2975
2999
3011
2985
3007
3087
10000
2864
2707
2542
2386
2235
2117
1903
1818
1732
1641
1526
1453
1402
1237
1213
1146
1077
1072
952
896
852
890
774
788
720
681
640
592
622
586
576
508
464
400
464
461
368
360
400
384
360
280
369
320
284
272
240
272
256
208
10000
206
400
544
684
832
1041
1148
1254
1430
1480
1664
1756
1857
1936
1923
2033
2065
2252
2251
2299
2384
2449
2430
2447
2514
2621
2559
2647
2725
2723
2815
2783
2779
2832
2832
2838
2878
2885
2943
2879
2987
2919
3007
2917
3003
2999
3007
2967
3111
3039
10000
2927
2631
2559
2397
2234
2096
2035
1856
1789
1698
1530
1475
1350
1266
1168
1090
1114
1029
977
912
914
802
758
834
656
770
625
640
520
634
524
560
506
496
492
428
400
437
388
320
346
364
260
336
336
304
226
320
265
177
10000
212
400
572
680
846
994
1031
1212
1389
1459
1593
1745
1806
1927
1942
2035
2071
2191
2291
2309
2386
2399
2453
2479
2503
2694
2591
2645
2654
2622
2807
2677
2797
2843
2865
2875
2943
2892
2930
2899
2957
2911
2933
2931
3071
2975
3103
3039
3055
3027
10000
2879
2721
2538
2406
2254
2099
1937
1851
1753
1581
1611
1410
1392
1290
1206
1104
1046
992
929
914
835
853
821
795
732
640
585
600
618
544
520
405
464
504
368
448
408
357
300
384
389
356
310
304
304
272
240
240
292
237
10000
212
418
588
725
848
977
1081
1259
1402
1451
1633
1686
1746
1923
2005
2119
2143
2256
2214
2299
2320
2375
2523
2513
2559
2611
2591
2723
2673
2731
2769
2823
2743
2801
2855
2911
2787
2885
2903
2959
2941
2951
2983
2961
2927
2993
3046
2951
2983
3095
10000
2927
2766
2559
2347
2193
2021
1971
1858
1698
1648
1535
1410
1305
1232
1176
1154
1066
976
970
898
849
832
781
722
698
720
640
640
642
592
532
472
498
493
409
432
372
384
376
401
330
336
288
289
336
288
336
256
268
224
10000
176
396
496
698
856
975
1074
1200
1328
1479
1674
1723
1776
1875
2023
2079
2175
2177
2256
2334
2374
2385
2431
2517
2543
2614
2601
2671
2709
2767
2801
2719
2750
2790
2839
2845
2827
2979
2925
2883
2919
2918
2951
2943
2970
2975
3055
2982
3088
2933
10000
2939
2699
2527
2416
2226
2042
1886
1822
1744
1648
1531
1442
1373
1264
1267
1081
1034
946
1028
908
864
768
822
720
720
720
652
587
578
576
536
540
499
464
494
402
322
424
377
372
288
320
320
240
298
240
330
304
256
208
10000
276
369
482
704
944
948
1108
1269
1328
1520
1516
1664
1834
1919
1997
2073
2101
2279
2285
2337
2379
2323
2490
2453
2503
2599
2608
2694
2672
2723
2771
2699
2797
2839
2807
2791
2863
2899
2919
2959
2959
2926
3035
2947
2963
3063
2943
3015
2963
3071
10000
2896
2659
2551
2361
2215
2086
1989
1814
1716
1647
1535
1488
1364
1323
1238
1184
1094
1052
950
944
838
814
816
705
705
752
625
679
601
612
520
426
472
488
472
477
450
434
396
336
297
282
336
204
320
320
240
272
216
128
10000
224
368
532
709
768
976
1088
1252
1402
1525
1610
1686
1742
1968
1997
2009
2096
2131
2254
2278
2347
2379
2514
2519
2608
2540
2590
2653
2723
2674
2803
2831
2743
2791
2847
2863
2910
2863
2864
2931
2839
2930
3015
2965
2983
2975
2975
3007
3133
2951
10000
2923
2727
2535
2283
2263
2098
2000
1835
1741
1616
1556
1422
1322
1280
1200
1134
1104
1057
965
912
822
832
756
706
710
656
690
608
562
528
576
480
448
436
451
450
394
394
405
364
320
346
244
244
320
269
232
256
280
218
10000
156
456
533
721
790
966
1110
1223
1410
1469
1563
1712
1843
1891
1936
2020
2171
2175
2209
2294
2323
2416
2382
2473
2544
2609
2559
2671
2683
2751
2710
2719
2711
2769
2779
2897
2863
2815
2871
2942
2938
2994
2975
2929
3011
3007
2975
2949
2991
3027
10000
2887
2767
2543
2335
2183
2089
1997
1811
1687
1596
1500
1449
1348
1249
1266
1008
1005
1065
892
953
897
880
773
759
733
693
708
553
636
609
566
480
476
432
416
444
480
352
352
354
396
272
304
316
330
232
246
304
265
210
10000
194
409
496
712
848
1064
1107
1282
1426
1563
1667
1733
1845
1904
2015
2098
2137
2253
2175
2301
2325
2543
2449
2547
2534
2527
2687
2671
2691
2723
2731
2755
2831
2783
2813
2815
2843
2979
2926
2903
2987
2957
2975
2947
2999
3007
3059
2987
3015
3071
10000
2943
2719
2559
2331
2235
2047
1927
1855
1743
1628
1530
1455
1371
1290
1240
1156
1084
1017
978
942
917
828
752
733
738
688
584
601
576
569
510
482
556
476
450
406
354
432
361
368
368
331
322
320
256
268
282
276
258
274
10000
256
368
466
656
861
942
1088
1222
1392
1501
1693
1757
1829
1953
1909
2011
2114
2231
2223
2257
2390
2403
2467
2447
2466
2559
2535
2631
2695
2771
2709
2831
2771
2795
2812
2749
2855
2870
2923
2875
2855
3025
2983
2989
3119
3131
3027
3056
2992
2958
10000
2907
2725
2481
2331
2175
2103
1948
1875
1737
1642
1569
1399
1388
1214
1254
1170
1126
1014
944
920
908
818
745
769
701
666
610
661
624
620
596
496
476
529
428
406
432
408
272
314
328
352
336
384
336
290
264
272
256
192
10000
192
444
548
645
888
996
1123
1261
1319
1463
1535
1726
1808
1893
1975
2013
2143
2215
2256
2355
2439
2423
2459
2511
2583
2559
2645
2707
2715
2691
2735
2839
2783
2791
2775
2801
2927
2870
2964
2887
2919
2983
2926
2929
2927
2990
3015
3056
3071
3035
10000
2929
2671
2545
2351
2243
2075
1897
1789
1746
1667
1583
1393
1353
1257
1254
1155
1065
1009
1019
912
840
891
726
774
745
656
621
652
608
544
498
528
490
472
418
426
437
376
387
368
396
332
334
336
304
256
324
240
208
232
10000
192
400
576
732
886
1021
1136
1303
1419
1525
1610
1771
1783
1874
1966
1997
2155
2134
2246
2393
2363
2363
2416
2587
2559
2587
2647
2711
2755
2679
2709
2798
2754
2778
2896
2839
2832
2868
2849
2903
2943
2894
2961
2943
2975
3047
2995
2999
3003
3071
10000
2864
2679
2511
2349
2256
2059
1882
1845
1717
1614
1579
1412
1355
1191
1257
1149
1083
1072
976
860
864
818
776
704
682
650
718
613
558
505
516
560
490
464
406
388
394
416
378
396
278
400
346
321
248
272
260
236
256
211
10000
216
342
506
732
853
1008
1097
1254
1475
1534
1648
1750
1797
1916
1981
2079
2148
2127
2267
2331
2347
2413
2485
2535
2623
2607
2623
2630
2687
2747
2757
2769
2765
2829
2795
2843
2835
2878
2992
2993
2903
2897
2959
2993
2975
3055
3021
3043
3103
3039
10000
2855
2735
2607
2353
2241
2087
1982
1873
1726
1602
1487
1472
1373
1290
1264
1078
1126
1069
980
946
897
900
810
786
730
747
656
656
615
581
544
516
464
496
426
493
448
378
376
364
336
280
290
320
292
241
226
256
249
240
10000
242
340
553
640
825
1029
1163
1328
1369
1470
1626
1778
1862
1963
2096
2063
2078
2154
2235
2335
2346
2435
2477
2541
2547
2559
2623
2605
2678
2704
2715
2682
2771
2883
2775
2791
2989
2861
2919
2891
2903
2987
2951
2994
2991
3039
3019
3059
3051
2992
10000
2923
2755
2559
2319
2217
2023
1894
1837
1683
1605
1581
1431
1307
1309
1254
1166
1034
1022
944
940
866
800
824
736
733
664
640
656
546
618
555
492
456
432
528
504
356
419
346
352
384
416
334
332
272
260
242
258
260
264
10000
245
520
594
704
882
995
1133
1277
1312
1424
1559
1708
1827
1874
1963
2096
2141
2192
2181
2352
2349
2455
2463
2531
2599
2538
2669
2641
2735
2783
2710
2736
2783
2795
2847
2843
2929
2799
2906
2911
2939
2955
3021
3155
2983
2999
2988
3019
3025
3059
10000
2891
2750
2534
2387
2204
2099
2003
1822
1733
1712
1457
1457
1422
1296
1140
1136
1040
1035
930
981
944
816
889
806
729
733
634
616
688
592
592
496
474
548
432
429
394
400
420
346
308
324
316
338
248
243
234
204
277
224
10000
192
384
568
682
877
960
1138
1264
1324
1411
1535
1723
1808
1950
1933
2047
2112
2175
2227
2311
2395
2405
2485
2495
2559
2538
2639
2635
2639
2659
2737
2691
2791
2859
2847
2879
2827
2815
2901
2831
2911
2939
3002
3021
2979
2991
3039
3013
3063
3007
10000
2863
2683
2543
2364
2205
2146
1978
1735
1701
1634
1518
1424
1334
1280
1190
1168
1030
1093
956
931
854
806
713
752
717
645
657
704
633
596
582
505
448
496
456
436
408
392
364
420
432
320
307
304
310
314
256
307
172
260
10000
278
434
592
733
896
1010
1132
1264
1410
1472
1620
1745
1898
1879
1993
2059
2090
2160
2241
2303
2427
2509
2463
2509
2535
2599
2595
2641
2637
2719
2699
2743
2759
2829
2839
2867
2802
2943
2919
3043
2951
2911
2966
2959
2941
3055
3007
3063
3039
2917
10000
2891
2742
2513
2384
2235
1966
1977
1828
1740
1650
1616
1458
1424
1293
1213
1127
1089
962
1008
960
897
817
796
720
714
674
667
663
576
577
534
484
426
470
448
449
428
376
368
360
354
256
274
332
368
272
276
268
264
216
10000
224
416
620
768
844
926
1168
1251
1379
1509
1600
1728
1823
1938
2045
2033
2175
2207
2259
2235
2343
2351
2501
2483
2527
2593
2630
2591
2701
2697
2738
2766
2749
2779
2815
2800
2928
2927
2885
2939
3024
2959
2957
2979
2999
2955
2991
2993
2979
3035
10000
2927
2743
2515
2353
2225
2119
1905
1796
1797
1626
1501
1490
1393
1282
1201
1143
1104
994
930
932
865
802
827
745
704
688
704
673
566
612
516
416
498
522
560
440
448
396
362
420
304
362
320
320
233
278
242
288
272
192
10000
200
448
618
678
818
950
1136
1184
1416
1473
1568
1698
1818
1903
1981
2047
2113
2197
2246
2287
2387
2403
2526
2622
2480
2549
2615
2685
2687
2703
2749
2821
2743
2999
2821
2815
2866
2895
2929
2847
2927
2955
2969
2931
2993
2935
2999
3027
3024
3119
10000
2807
2717
2479
2335
2298
2123
1968
1853
1759
1616
1600
1392
1331
1306
1242
1097
1168
1056
944
978
850
801
769
736
738
726
643
624
660
521
560
528
508
480
416
432
422
405
400
341
296
360
277
320
320
312
320
236
256
268
10000
232
352
546
720
907
981
1064
1176
1312
1492
1623
1743
1771
1831
1951
2071
2103
2161
2223
2295
2355
2350
2442
2503
2503
2530
2630
2637
2655
2727
2672
2685
2805
2735
2821
2811
2855
2863
2895
2927
3010
2950
2903
2979
3023
3055
3063
2987
3135
2987
10000
2875
2763
2589
2338
2231
2033
2000
1804
1705
1666
1565
1449
1333
1237
1206
1113
1040
976
932
1008
884
833
880
736
786
760
620
677
580
597
570
538
516
509
360
408
418
372
388
384
344
322
306
353
302
240
256
283
256
256
10000
256
432
544
688
872
876
1091
1233
1349
1483
1597
1721
1874
1865
1961
2083
2121
2192
2256
2289
2354
2431
2489
2467
2527
2519
2655
2635
2703
2787
2775
2699
2783
2822
2774
2815
2863
2911
2919
2928
2929
2975
2943
3007
2979
2895
2993
2967
3019
3027
10000
2903
2694
2479
2355
2209
2151
1982
1885
1757
1692
1570
1456
1347
1281
1274
1106
1084
972
964
883
896
802
784
782
704
629
608
664
642
557
518
528
496
448
480
506
470
418
336
320
400
336
304
296
256
298
281
304
232
236
10000
240
393
560
664
904
1011
1132
1264
1424
1506
1629
1758
1822
1869
1968
2077
2119
2131
2230
2319
2373
2478
2467
2479
2555
2608
2643
2705
2623
2711
2736
2831
2755
2751
2787
2935
2867
2883
2895
2919
2887
2973
2999
2995
2943
2991
2963
3015
3123
3051
10000
2885
2795
2627
2450
2198
2119
1920
1872
1751
1655
1520
1350
1338
1164
1168
1178
1022
1062
912
842
880
874
752
774
682
711
690
658
568
609
564
534
518
448
480
432
448
449
401
346
336
400
326
304
300
270
340
272
227
228
10000
224
368
560
688
785
860
1108
1280
1418
1423
1535
1675
1765
1813
1991
2079
2147
2215
2239
2347
2357
2415
2471
2481
2481
2659
2662
2623
2647
2703
2763
2715
2735
2790
2839
2867
2967
2939
2864
2893
2879
2907
2911
3003
2983
2999
2955
3019
3014
2983
10000
2955
2768
2545
2330
2271
2105
1905
1904
1757
1631
1571
1474
1402
1274
1186
1088
1088
1012
931
861
848
810
866
801
694
656
688
640
592
528
585
480
508
536
469
448
433
400
336
400
346
304
328
288
280
256
272
216
264
214
10000
293
416
554
741
836
969
1168
1216
1408
1487
1602
1703
1778
1918
1983
2091
2125
2209
2265
2299
2403
2454
2443
2559
2608
2547
2559
2631
2583
2671
2737
2745
2774
2801
2833
2844
2813
2866
2943
2923
2929
2943
2969
2959
2929
2995
2959
3007
3038
3055
10000
2958
2783
2555
2371
2256
2098
1926
1872
1799
1651
1505
1399
1365
1261
1206
1107
1008
989
976
914
912
818
826
832
784
720
572
704
697
589
544
582
506
524
441
418
421
388
428
368
388
316
272
272
277
256
304
280
192
208
10000
200
402
601
704
838
976
1136
1310
1324
1563
1600
1654
1773
1877
2043
2067
2112
2193
2225
2303
2426
2381
2387
2503
2525
2587
2559
2651
2710
2691
2783
2771
2741
2878
2879
2867
2867
2934
2881
2915
2927
2855
2963
2939
3047
3023
2975
2991
3051
3063
10000
2849
2719
2526
2389
2187
2132
1947
1804
1717
1614
1519
1494
1350
1284
1174
1139
1155
944
948
954
949
832
805
784
742
708
592
649
585
544
488
508
472
458
440
456
457
384
422
388
378
328
218
240
288
304
304
288
256
268
10000
216
400
568
710
900
934
1186
1271
1398
1518
1580
1728
1840
1882
1889
2069
2127
2148
2279
2249
2352
2448
2433
2512
2555
2539
2637
2673
2719
2609
2709
2825
2863
2843
2768
2866
2871
2867
2871
2911
2965
3003
2935
2933
2975
3063
2991
3043
2999
3071
10000
2923
2703
2519
2351
2224
2047
1987
1843
1783
1645
1570
1442
1360
1251
1329
1088
1044
1008
948
944
832
881
848
917
632
722
731
656
582
556
529
564
520
456
426
400
424
393
336
420
304
240
322
294
374
256
208
240
278
233
10000
200
458
609
693
848
976
1090
1277
1387
1520
1594
1648
1808
1916
1961
2087
2143
2223
2256
2335
2405
2427
2467
2494
2483
2623
2549
2613
2727
2725
2726
2846
2799
2807
2827
2851
2915
2845
2855
2965
2865
2949
3067
2927
3039
3007
2961
3093
3067
3007
10000
2915
2727
2518
2405
2237
2091
1994
1821
1739
1616
1531
1410
1426
1354
1168
1136
1076
1004
1014
922
898
784
801
734
748
741
660
586
576
594
533
480
480
434
448
426
400
388
400
324
384
400
325
276
302
242
374
272
244
274
10000
234
396
688
709
892
976
1092
1244
1344
1453
1652
1749
1840
1857
1971
2011
2147
2235
2283
2245
2365
2347
2483
2449
2551
2655
2607
2623
2669
2719
2719
2715
2823
2847
2815
2833
2835
2863
2939
2915
2886
2951
2919
2975
3007
3051
3005
2959
3011
3003
10000
2863
2743
2559
2386
2288
2091
1922
1851
1723
1648
1506
1462
1334
1259
1152
1160
1088
1081
902
924
880
869
788
725
680
716
712
628
581
545
556
500
483
564
500
378
432
416
388
345
341
324
384
294
292
240
234
288
306
192
10000
195
412
588
752
814
1006
1114
1254
1376
1499
1578
1685
1729
1843
1934
2064
2135
2160
2305
2309
2429
2478
2503
2527
2619
2519
2559
2659
2707
2753
2743
2699
2787
2742
2791
2843
2867
2865
2883
2907
2935
2835
2925
2875
2992
3005
2983
3006
2999
2993
10000
2929
2743
2559
2387
2112
2087
1983
1810
1702
1606
1506
1454
1391
1309
1171
1174
1126
1013
1002
929
849
784
769
760
720
657
674
624
608
560
500
546
464
536
448
453
416
388
389
368
352
336
240
368
272
384
276
248
274
274
10000
48
352
614
693
885
944
1140
1088
1318
1519
1621
1701
1799
1808
1949
2013
2092
2205
2217
2302
2365
2439
2423
2547
2505
2558
2551
2652
2651
2675
2797
2704
2766
2813
2789
2811
2847
2855
2967
2985
2911
2943
2923
3019
2967
3014
3027
2979
3062
3019
10000
2899
2755
2529
2399
2214
2033
1943
1856
1733
1579
1586
1393
1269
1318
1232
1090
1122
978
1020
896
841
828
785
752
672
732
706
629
640
572
524
530
490
480
426
401
421
394
304
384
396
368
384
304
345
288
272
272
288
290
10000
208
420
588
724
882
974
1120
1296
1388
1401
1609
1687
1761
1971
1959
1994
2059
2253
2203
2294
2289
2479
2451
2477
2598
2559
2599
2603
2662
2769
2723
2780
2751
2751
2839
2801
2928
2774
2859
2877
2951
2951
2979
2931
2993
2959
2951
3007
2942
3071
10000
2941
2741
2545
2371
2224
2062
1967
1935
1706
1558
1496
1392
1317
1248
1146
1193
1088
1052
976
900
810
800
816
768
657
756
648
592
565
609
544
502
530
484
417
416
422
378
433
336
464
290
293
332
310
296
332
241
210
248
10000
281
460
618
724
905
1060
1154
1307
1377
1527
1657
1729
1831
1888
1968
2118
2034
2131
2207
2326
2355
2449
2507
2590
2517
2677
2609
2663
2647
2663
2686
2781
2738
2759
2833
2801
2869
2863
2939
2787
2941
2901
2915
2943
3035
2919
3011
3027
3167
3051
10000
2925
2755
2525
2303
2242
2079
1968
1839
1761
1624
1424
1456
1302
1266
1267
1222
1091
1008
992
942
900
842
760
812
747
761
652
592
659
581
432
608
508
458
448
464
444
424
368
336
333
278
341
228
352
273
218
216
234
240
10000
242
416
544
748
803
971
1152
1264
1389
1509
1657
1716
1782
1878
2046
2123
2096
2163
2230
2275
2435
2385
2513
2527
2544
2586
2634
2641
2683
2683
2735
2815
2831
2807
2815
2896
2879
2859
2899
2927
2927
2927
2891
3071
2974
3023
2961
3061
3025
3045
10000
2859
2799
2605
2367
2217
2093
2000
1727
1711
1643
1591
1372
1344
1330
1204
1078
1122
1028
939
965
896
810
755
752
752
720
718
595
560
568
609
489
506
547
361
448
432
477
432
408
336
312
330
333
294
264
260
256
304
224
10000
178
448
588
704
816
958
1117
1216
1333
1513
1611
1646
1791
1871
1919
2031
2150
2129
2283
2320
2323
2403
2499
2495
2544
2527
2609
2679
2659
2671
2771
2673
2811
2811
2815
2865
2923
2867
2896
2928
2915
2975
2891
2967
2983
2993
3043
2963
3047
3051
10000
2927
2738
2531
2383
2295
2119
1925
1872
1744
1594
1523
1430
1409
1238
1248
1190
1125
1008
917
872
880
860
789
792
712
668
666
676
592
596
576
549
522
448
432
456
456
374
386
400
336
272
374
304
320
329
244
256
192
322
10000
240
400
576
656
912
936
963
1211
1351
1526
1619
1680
1776
1883
1935
2075
2096
2138
2265
2242
2320
2383
2389
2499
2559
2555
2627
2705
2705
2674
2747
2797
2787
2863
2827
2799
2823
2827
2951
2975
2965
3015
2903
2895
2971
2899
3057
2959
3031
3023
10000
2915
2743
2486
2358
2251
2059
1914
1872
1729
1670
1600
1488
1364
1306
1204
1155
1159
1066
963
944
848
814
774
672
693
690
652
704
610
592
528
602
484
456
426
416
485
373
368
368
312
320
268
288
320
256
194
242
247
272
10000
225
413
546
720
866
995
1098
1232
1358
1522
1627
1714
1804
1926
1971
2113
2161
2127
2233
2243
2387
2427
2461
2493
2495
2597
2590
2645
2672
2719
2771
2768
2795
2878
2863
2870
2815
2875
2911
2925
2963
3011
2943
2967
2975
2975
3039
3047
3063
3071
10000
2847
2795
2491
2405
2160
2074
2012
1871
1740
1664
1510
1412
1421
1288
1216
1098
1072
993
966
872
864
866
812
717
768
695
656
675
656
570
614
534
458
524
509
442
434
356
400
384
400
354
336
466
320
283
268
240
264
304
10000
246
400
566
722
864
928
1072
1282
1429
1471
1626
1688
1811
1855
1975
2094
2099
2176
2238
2383
2405
2343
2512
2517
2474
2543
2607
2631
2707
2705
2691
2747
2799
2845
2815
2815
2850
2815
2871
2859
2931
2879
2935
2879
3071
2993
3007
3030
3024
2983
10000
2879
2706
2463
2403
2192
2111
1957
1904
1712
1646
1556
1404
1350
1293
1184
1155
1138
1052
965
920
848
800
836
882
692
729
653
644
604
582
548
521
458
450
496
436
336
472
352
332
400
288
352
320
352
308
240
304
288
208
10000
208
424
496
718
872
942
1117
1255
1356
1514
1525
1804
1791
1855
1959
2096
2140
2197
2243
2342
2363
2591
2429
2447
2467
2645
2623
2671
2751
2743
2660
2855
2804
2774
2805
2847
2903
2899
2843
2943
2911
2979
2963
3043
3015
2963
3095
2955
3071
3007
10000
2900
2683
2543
2320
2219
2138
1956
1849
1790
1680
1602
1495
1419
1249
1239
1158
1106
1018
954
923
898
853
784
776
776
672
644
630
624
608
521
570
623
474
529
497
406
368
387
400
384
376
336
300
384
358
256
268
304
204
10000
184
450
628
716
844
1036
1153
1264
1451
1437
1535
1681
1840
1889
2006
2079
2109
2226
2271
2276
2371
2378
2503
2511
2629
2607
2738
2559
2622
2726
2705
2807
2757
2897
2863
2803
2909
2910
2903
2975
2959
2907
2843
2997
2959
3022
2895
2963
2943
2998
10000
2879
2739
2589
2311
2261
1999
1936
1878
1715
1602
1600
1520
1392
1317
1210
1192
1036
988
1016
886
880
838
772
750
770
682
746
640
576
528
584
508
528
464
485
416
432
420
432
368
352
352
329
312
348
272
290
256
261
288
10000
224
417
517
743
928
1012
1102
1316
1443
1514
1658
1774
1795
1893
2012
2086
2174
2175
2239
2335
2393
2435
2480
2483
2534
2543
2595
2651
2666
2743
2704
2704
2763
2803
2807
2875
2839
2885
2879
2943
2966
3023
2890
3007
2959
3023
2983
3089
3007
3095
10000
2895
2731
2559
2384
2214
2097
1990
1776
1703
1645
1522
1472
1326
1264
1213
1091
1064
1040
912
864
869
869
868
752
676
716
704
666
609
545
549
485
506
544
408
424
404
378
384
344
344
330
336
284
304
266
224
226
268
214
10000
284
384
602
722
849
1000
1076
1280
1407
1426
1599
1738
1898
1882
2036
1965
2138
2203
2309
2256
2384
2397
2448
2541
2607
2650
2619
2679
2647
2749
2731
2767
2815
2763
2831
2791
2887
2847
2903
2923
2893
3023
2951
2919
2933
2943
3026
3023
2999
2967
10000
2891
2705
2515
2384
2167
2092
1937
1816
1730
1605
1518
1460
1356
1301
1200
1145
1066
1061
997
880
922
840
816
804
740
728
620
611
612
596
528
472
500
480
484
348
424
400
420
352
298
356
352
274
314
280
338
256
298
280
10000
220
384
608
704
912
955
1072
1205
1405
1483
1563
1670
1665
1850
2029
1982
2085
2186
2274
2339
2421
2407
2477
2509
2559
2610
2627
2640
2640
2725
2819
2783
2719
2783
2795
2919
2891
2877
2833
2911
2957
2963
2939
2939
2951
3025
2995
3039
3039
3055
10000
3015
2769
2515
2386
2197
2025
1909
1905
1691
1574
1497
1447
1383
1248
1185
1173
1088
940
977
998
918
817
753
730
802
756
698
640
570
576
580
545
544
489
468
416
419
406
430
405
336
344
368
320
344
345
256
261
272
232
10000
240
432
611
680
837
968
1104
1222
1363
1510
1535
1694
1809
1905
2007
2126
2111
2170
2227
2303
2355
2363
2404
2531
2554
2593
2627
2687
2641
2719
2735
2775
2768
2832
2779
2838
2853
2814
2781
2849
2919
2943
2995
2967
3015
3035
3023
2991
3011
2990
10000
2923
2739
2491
2330
2199
2139
1957
1859
1702
1677
1535
1434
1312
1302
1248
1229
1061
992
936
866
914
843
784
778
725
672
624
628
592
656
580
578
500
464
428
451
360
420
400
368
384
349
281
313
296
244
208
256
246
210
10000
208
420
592
755
925
978
1185
1304
1399
1483
1629
1690
1835
1927
1935
1999
2099
2210
2262
2351
2271
2453
2477
2501
2543
2551
2559
2611
2643
2695
2703
2693
2734
2811
2875
2833
2827
2875
2863
2929
2927
3063
3011
2992
2982
3101
2992
2987
3021
2943
10000
2918
2661
2501
2325
2179
2096
1982
1754
1722
1586
1482
1461
1364
1228
1264
1152
1019
1038
955
848
838
868
778
768
800
704
700
612
568
587
592
496
484
502
480
456
368
357
340
354
373
336
372
345
292
361
246
281
197
304
10000
225
360
610
732
896
884
1056
1264
1312
1424
1566
1658
1807
1954
2023
1987
2095
2141
2218
2337
2333
2463
2433
2539
2479
2545
2646
2687
2768
2717
2763
2735
2731
2763
2863
2855
2837
2895
2879
2895
2874
2911
2975
2955
2927
2975
2983
3027
2935
3071
10000
2967
2711
2534
2341
2223
2032
1971
1823
1745
1577
1517
1469
1456
1366
1200
1114
1077
932
1004
942
912
800
747
720
784
686
651
608
650
624
550
560
470
480
448
420
425
400
428
321
364
272
352
304
288
288
298
296
312
192
10000
224
376
506
706
844
940
1130
1232
1377
1449
1567
1661
1834
1837
1965
1987
2129
2162
2262
2225
2309
2451
2459
2515
2589
2595
2587
2623
2707
2543
2731
2767
2781
2815
2814
2839
2831
2811
2925
2831
2991
2929
2962
2959
2975
2959
2935
3063
3143
3007
10000
2949
2765
2470
2365
2215
2117
1968
1850
1781
1600
1518
1466
1344
1293
1226
1114
1086
956
1004
972
854
866
813
802
720
576
648
660
529
522
648
472
550
435
532
428
360
395
396
336
282
369
321
296
304
296
304
240
260
266
10000
152
369
611
756
841
966
1116
1218
1417
1535
1606
1766
1767
1975
1969
2086
2096
2211
2287
2307
2352
2363
2445
2507
2556
2633
2615
2691
2695
2685
2815
2800
2707
2791
2791
2879
2925
2897
2820
2891
2998
2943
2963
2943
3007
2967
2962
2982
3057
3027
10000
2923
2735
2549
2352
2193
2047
1938
1813
1729
1664
1524
1438
1458
1365
1213
1200
1008
1005
987
941
877
896
846
704
720
640
708
626
561
602
552
514
504
496
452
444
464
432
320
369
344
299
346
288
305
298
298
225
261
224
10000
202
444
576
710
896
1002
1157
1328
1369
1535
1619
1712
1776
1867
1959
2064
2065
2145
2287
2235
2311
2365
2463
2463
2495
2583
2663
2627
2695
2677
2693
2743
2795
2827
2870
2859
2883
2835
2879
2893
2907
2999
2911
2963
2931
3011
3051
2999
3023
3023
10000
2911
2682
2469
2333
2143
2076
2010
1879
1728
1597
1494
1435
1351
1342
1187
1212
1104
1045
960
876
848
837
777
796
724
704
752
656
608
531
566
560
468
498
496
417
408
454
368
432
409
384
340
352
320
281
224
272
268
208
10000
274
450
536
721
805
1008
1142
1216
1394
1491
1633
1782
1813
1883
1959
2070
2098
2199
2238
2361
2377
2395
2430
2558
2493
2619
2671
2559
2694
2687
2763
2769
2763
2751
2899
2898
2896
2845
2898
2999
2928
2901
2903
2891
2955
3047
3037
3061
2975
3023
10000
2871
2699
2517
2411
2261
2128
1937
1827
1728
1647
1648
1490
1306
1266
1274
1210
1070
1063
906
1040
836
806
773
820
697
732
624
600
640
557
642
552
385
517
400
419
336
400
394
354
394
304
336
276
256
320
292
325
244
224
10000
176
384
610
754
849
946
1104
1249
1360
1501
1616
1675
1852
1910
1962
2065
2027
2207
2263
2287
2343
2282
2357
2507
2511
2559
2624
2622
2631
2635
2751
2747
2767
2783
2871
2827
2911
2815
2927
2975
2967
2879
2957
2981
2999
3015
3005
2975
2995
3023
10000
2896
2731
2589
2416
2224
2120
2000
1821
1678
1618
1562
1411
1392
1275
1196
1195
1040
1008
898
912
905
848
798
746
725
656
594
464
617
578
528
604
508
496
497
428
394
365
458
424
368
364
352
276
228
328
277
260
192
202
10000
225
401
560
752
832
964
1105
1232
1344
1520
1615
1686
1745
1869
1973
2089
2113
2192
2303
2354
2299
2417
2495
2461
2607
2586
2608
2637
2672
2598
2687
2747
2791
2795
2815
2864
2827
2803
2897
2871
2911
2949
2955
2935
3007
3024
3007
3015
2989
3039
10000
2896
2719
2499
2334
2227
2129
1955
1886
1819
1602
1580
1456
1408
1328
1204
1171
1074
992
1016
946
877
824
732
752
741
706
652
596
601
561
538
533
538
467
489
480
370
448
352
340
336
307
261
320
272
308
262
276
328
208
10000
209
416
534
691
768
960
1109
1232
1360
1519
1535
1745
1811
1904
1990
1995
2098
2194
2226
2257
2382
2381
2458
2485
2479
2491
2587
2673
2719
2755
2679
2835
2775
2881
2815
2863
2843
2859
2871
2957
2981
2987
2975
2928
2959
2991
3015
3003
2975
2973
10000
2935
2710
2499
2323
2175
2103
1857
1858
1695
1622
1522
1431
1312
1274
1237
1104
1152
1017
896
948
812
819
768
816
708
674
664
688
736
560
524
528
504
496
464
498
409
453
372
360
403
336
256
284
305
268
246
265
284
232
10000
192
464
580
720
886
909
1040
1232
1337
1458
1601
1733
1856
1887
1963
2047
2128
2166
2230
2227
2415
2443
2463
2541
2606
2613
2591
2660
2687
2685
2727
2763
2779
2815
2835
2795
2879
2867
2902
2939
2971
2922
2995
2959
2902
2955
2959
2963
3095
3127
10000
2949
2663
2559
2385
2250
2127
1951
1841
1634
1646
1535
1452
1466
1265
1267
1089
1085
1008
1021
880
867
936
832
756
726
644
633
697
560
609
538
483
458
455
452
474
416
354
368
341
336
338
272
266
304
293
364
274
256
258
10000
256
384
588
712
890
992
1112
1222
1387
1478
1602
1765
1850
1840
1983
2047
2062
2135
2226
2247
2327
2383
2383
2459
2491
2621
2614
2583
2691
2755
2687
2747
2831
2769
2787
2796
2815
2895
2943
2947
2923
2999
2951
3023
2943
3007
2987
3031
3071
3103
10000
2915
2719
2547
2467
2265
1982
1921
1847
1710
1642
1506
1457
1354
1280
1244
1194
1100
992
896
834
892
885
822
712
794
648
650
548
640
548
598
528
528
528
436
432
416
387
454
330
340
362
310
304
256
272
216
264
262
284
10000
178
420
580
688
856
993
1060
1171
1314
1472
1603
1706
1776
1911
1947
2047
2037
2182
2305
2299
2323
2438
2416
2515
2550
2618
2559
2672
2707
2702
2794
2763
2733
2765
2807
2787
2834
2895
2885
2919
2946
2861
2915
2951
2987
2992
2987
2959
2999
3023
10000
2899
2741
2559
2416
2193
2103
1949
1872
1744
1615
1535
1379
1386
1274
1228
1164
1104
1010
1000
848
883
832
788
733
730
754
624
650
617
588
516
505
496
471
548
468
388
400
384
357
352
336
356
320
308
289
276
280
205
236
10000
256
384
588
676
810
974
1056
1235
1340
1469
1615
1676
1776
1809
1975
1994
2095
2192
2256
2290
2407
2437
2385
2475
2529
2559
2598
2685
2629
2667
2707
2717
2803
2855
2823
2891
2882
2879
2883
2906
2923
3039
2999
3023
3031
3019
3056
2997
3107
3063
10000
2863
2639
2559
2423
2291
2123
1897
1823
1761
1635
1489
1442
1360
1276
1243
1126
1120
1008
926
957
810
794
832
752
701
720
640
660
624
584
532
492
491
485
470
464
448
425
392
384
360
304
320
208
315
272
325
282
240
237
10000
208
352
635
709
834
1012
1200
1249
1408
1475
1638
1719
1900
1937
2015
2029
2175
2255
2241
2293
2351
2431
2466
2531
2487
2493
2635
2767
2673
2781
2736
2803
2831
2807
2783
2803
2859
2847
2879
2883
2943
2971
2962
2979
3001
2927
3035
2897
3039
3023
10000
2983
2731
2519
2346
2190
2063
1983
1857
1714
1644
1580
1456
1390
1254
1306
1222
1184
1076
912
912
884
786
790
832
717
741
649
632
570
576
537
532
499
441
432
384
438
468
306
314
372
322
320
304
281
240
272
320
242
224
10000
240
352
508
768
885
979
1120
1298
1345
1456
1571
1744
1815
1913
2026
2111
2143
2207
2268
2289
2342
2415
2403
2515
2557
2539
2653
2661
2763
2730
2679
2739
2751
2811
2887
2815
2851
2858
2886
2887
2895
2885
2971
2935
2929
2943
2983
2959
3059
3023
10000
2929
2703
2495
2325
2220
2032
2017
1842
1750
1675
1522
1535
1366
1333
1209
1142
1078
1033
1000
928
864
792
810
737
736
618
689
576
649
576
547
508
496
488
438
480
396
412
402
372
384
352
338
320
306
324
292
261
220
248
10000
201
464
560
758
784
961
1125
1200
1310
1535
1599
1669
1794
1877
1886
2038
2042
2225
2192
2317
2367
2431
2387
2494
2559
2519
2651
2678
2675
2719
2727
2754
2814
2775
2846
2800
2864
2847
2907
2943
2879
2939
3007
2935
2967
2929
2999
3055
3103
2949
10000
2887
2703
2586
2317
2147
2002
1935
1806
1802
1650
1425
1424
1281
1232
1249
1212
1126
1056
944
928
896
872
832
826
744
756
640
656
656
600
406
500
498
468
400
436
438
352
390
370
392
368
316
364
310
240
208
232
224
212
10000
244
419
520
717
838
1009
1088
1254
1409
1456
1586
1738
1808
1909
1903
1939
2180
2166
2338
2259
2339
2369
2422
2459
2589
2629
2544
2663
2653
2687
2765
2703
2788
2795
2807
2807
2943
2893
2925
2911
2867
2879
2983
2927
2967
3067
2995
3024
2983
3047
10000
2911
2773
2537
2365
2199
2067
1946
1857
1723
1641
1516
1479
1428
1230
1188
1133
1042
1069
960
932
909
802
820
746
721
720
652
666
565
540
528
554
552
518
400
408
421
432
368
364
320
452
378
314
280
330
368
258
246
281
10000
272
450
576
740
832
928
1097
1265
1360
1497
1633
1779
1755
1904
2015
2064
2160
2141
2255
2335
2423
2347
2489
2531
2535
2638
2605
2671
2607
2775
2815
2679
2863
2751
2902
2915
2891
2885
2862
2915
2871
2919
3035
2983
2967
3027
2955
2949
2911
3033
10000
2879
2743
2515
2422
2231
2096
1974
1783
1683
1678
1486
1424
1286
1318
1206
1171
1065
1034
1005
896
859
816
761
816
688
708
650
627
582
577
628
496
436
474
457
394
418
456
384
384
404
356
292
344
345
236
278
204
308
240
10000
248
412
608
692
938
1048
1176
1248
1338
1535
1616
1723
1840
1862
1955
2090
2059
2249
2351
2319
2384
2399
2405
2512
2523
2541
2559
2703
2643
2693
2727
2787
2788
2768
2843
2832
2896
2864
2898
2859
2942
2919
2979
2999
2991
2975
2960
2993
3039
3088
10000
2975
2767
2539
2327
2224
2064
1969
1827
1730
1602
1484
1465
1402
1296
1162
1144
1149
1072
1052
882
857
841
828
758
720
712
647
610
608
569
594
553
544
482
464
468
352
432
392
362
368
384
320
304
336
320
324
309
240
224
10000
256
440
498
694
844
920
1168
1242
1412
1492
1568
1712
1783
1920
1920
2064
2102
2247
2251
2325
2401
2417
2455
2519
2529
2601
2691
2643
2743
2675
2799
2775
2815
2815
2799
2807
2875
2867
2949
2911
2975
2903
2895
2943
2959
2960
2978
2983
3007
3021
10000
2943
2755
2525
2390
2198
2171
1903
1831
1724
1662
1513
1411
1308
1356
1200
1217
984
1069
1008
890
888
858
822
737
736
714
660
704
662
580
485
502
528
480
480
480
422
440
436
404
384
352
340
336
338
304
341
272
260
265
10000
324
364
560
693
850
974
1100
1242
1377
1598
1631
1637
1794
1898
1950
2063
2101
2118
