2269
2255
2330
2352
2407
2529
2559
2547
2640
2615
2733
2731
2654
2683
2783
2765
2833
2843
2869
2906
2931
2909
2896
2895
2991
2979
2961
2999
2993
2999
3007
3015
10000
2975
2673
2498
2335
2207
2066
1911
1907
1826
1606
1571
1445
1404
1280
1202
1123
1101
992
976
962
929
810
842
772
726
739
672
608
641
602
624
524
516
497
505
448
416
468
396
360
352
272
384
334
277
322
202
290
304
242
10000
236
469
550
672
852
1060
1094
1232
1342
1483
1590
1706
1822
1941
1999
2064
2151
2245
2239
2317
2357
2489
2462
2542
2498
2603
2557
2626
2672
2671
2669
2741
2751
2807
2767
2815
2871
2887
2911
2943
2891
3029
2943
3015
3007
2919
2973
3071
3039
2991
10000
2885
2715
2480
2327
2154
2074
2002
1875
1743
1717
1498
1467
1399
1249
1240
1101
1097
970
1044
948
896
840
802
717
720
787
683
614
679
560
568
465
476
536
432
434
464
400
344
344
400
406
304
332
416
290
340
281
276
274
10000
240
362
603
698
768
1056
1104
1241
1377
1604
1631
1674
1782
1840
1978
2023
2128
2177
2185
2357
2439
2417
2431
2478
2475
2631
2608
2674
2723
2706
2736
2775
2787
2813
2851
2847
2854
2894
2847
2896
2979
2981
2895
2951
2995
2975
3023
3003
3019
3029
10000
2899
2771
2559
2339
2263
2091
1982
1854
1705
1630
1559
1455
1349
1301
1216
1101
1040
1088
928
940
854
800
759
786
752
718
704
656
640
640
566
496
540
480
478
436
457
340
384
384
336
400
322
328
324
240
356
256
272
280
10000
192
416
605
675
876
1036
1181
1264
1412
1496
1639
1676
1833
1927
1972
2059
2181
2207
2275
2209
2331
2399
2451
2531
2606
2541
2599
2559
2674
2715
2701
2799
2767
2831
2821
2885
2883
2897
2849
2891
2885
2923
2903
2915
3023
2971
2975
3057
3031
3011
10000
2864
2695
2527
2311
2192
2126
1933
1824
1713
1570
1563
1453
1354
1342
1200
1113
1117
941
1057
878
910
820
776
822
758
653
672
584
610
502
584
560
458
562
510
396
448
333
433
365
322
340
339
296
292
284
220
304
264
312
10000
210
384
560
688
896
1084
1168
1250
1392
1443
1568
1681
1869
1885
2027
2016
2129
2128
2271
2314
2320
2423
2465
2539
2522
2559
2549
2630
2769
2691
2775
2709
2719
2829
2855
2859
2865
2879
2927
2897
2995
2963
2999
3039
3018
3063
3007
3026
3051
3039
10000
2934
2751
2605
2391
2203
2075
1935
1776
1671
1632
1450
1378
1403
1290
1242
1136
1019
986
929
905
880
836
796
764
746
768
624
708
612
602
546
496
530
472
494
448
404
385
368
341
364
320
336
284
320
276
276
257
240
240
10000
192
396
536
652
816
989
1088
1240
1410
1472
1636
1685
1806
1936
1984
2023
2122
2189
2214
2326
2393
2367
2399
2455
2621
2606
2607
2629
2723
2671
2677
2683
2831
2797
2829
2869
2925
2879
2902
2929
2943
2895
2991
2927
2951
2959
3037
3071
3027
3088
10000
2859
2715
2459
2379
2130
2067
1898
1853
1693
1584
1568
1436
1366
1225
1266
1154
1138
1018
993
997
864
886
793
753
716
730
657
560
592
522
548
572
482
532
424
402
454
403
364
416
308
320
352
300
266
306
294
240
224
266
10000
204
392
554
709
842
976
1153
1246
1456
1559
1622
1741
1789
1857
1927
2066
2113
2147
2255
2319
2327
2416
2455
2489
2535
2615
2587
2619
2673
2747
2715
2722
2705
2657
2865
2895
3027
2911
2935
2933
2927
2951
3013
3021
2958
3031
3031
3007
3051
3059
10000
2877
2737
2544
2311
2175
2084
1949
1808
1728
1648
1535
1475
1344
1291
1189
1146
1098
1063
978
864
896
933
820
793
724
807
674
640
649
587
544
554
522
466
481
443
408
422
406
372
313
328
296
288
320
293
264
224
228
304
10000
226
365
604
717
880
938
1132
1232
1435
1511
1651
1664
1823
1980
1940
2038
2097
2128
2239
2363
2393
2503
2483
2463
2523
2559
2527
2671
2693
2727
2743
2751
2807
2831
2865
2803
2887
2851
2819
2911
2871
2895
2949
2974
3053
3014
3014
3025
3015
3039
10000
2859
2771
2547
2335
2186
2115
1941
1878
1707
1646
1552
1441
1350
1335
1264
1164
1061
971
985
944
848
864
778
720
782
650
660
638
592
598
549
567
536
482
490
464
396
370
389
400
361
388
328
297
315
272
288
277
312
310
10000
232
352
584
696
881
988
1118
1273
1394
1466
1657
1712
1840
1857
1907
2090
2113
2210
2261
2321
2307
2397
2415
2399
2465
2610
2643
2643
2654
2695
2737
2719
2733
2789
2759
2851
2871
2879
2907
2863
2939
2955
2943
2959
2931
3019
2993
2935
3035
3071
10000
2901
2671
2513
2357
2199
2079
1938
1815
1758
1535
1453
1392
1355
1242
1194
1158
1067
989
966
904
905
905
833
790
784
734
627
673
618
624
565
462
549
480
480
410
469
412
400
368
354
348
329
324
304
290
283
240
256
245
10000
256
432
576
720
840
992
1108
1200
1316
1441
1567
1750
1787
1894
2043
2091
2075
2189
2179
2287
2416
2395
2399
2415
2487
2559
2559
2639
2663
2735
2743
2643
2788
2727
2766
2859
2879
2863
2839
2827
2867
3007
2927
2907
2995
3007
3055
3047
2901
3059
10000
2863
2693
2545
2352
2236
2111
1938
1885
1829
1666
1580
1520
1365
1341
1228
1126
1097
1004
1040
950
874
832
741
736
720
685
656
640
640
564
602
568
482
508
462
454
416
362
354
416
400
356
276
320
298
268
324
210
297
216
10000
296
348
592
752
818
1008
1207
1276
1362
1472
1599
1703
1809
1943
1968
2077
2096
2239
2282
2321
2359
2353
2395
2458
2543
2559
2639
2699
2687
2687
2705
2789
2839
2815
2800
2832
2895
2935
2907
2943
2975
2951
2896
2943
2983
3055
2992
3039
3007
3025
10000
2929
2671
2559
2423
2245
2113
1947
1807
1725
1662
1603
1444
1355
1213
1232
1136
1134
1018
928
968
884
835
784
688
742
672
685
588
597
628
604
570
510
484
508
464
452
434
314
370
336
272
402
272
312
336
284
180
272
240
10000
288
416
546
708
944
1058
1141
1278
1386
1488
1615
1715
1837
1887
2027
2047
2114
2187
2270
2343
2315
2475
2458
2495
2595
2599
2613
2635
2673
2704
2747
2755
2773
2769
2739
2835
2854
2879
2933
2865
2891
2883
2967
3007
3047
2895
2951
2992
3006
2997
10000
2865
2641
2591
2350
2259
2128
1879
1877
1677
1599
1580
1463
1323
1312
1168
1062
1044
1057
931
919
950
801
768
728
762
660
682
643
608
528
580
510
484
450
434
448
456
334
400
384
332
336
352
265
296
288
329
297
272
234
10000
232
341
610
694
858
993
1104
1230
1299
1503
1606
1648
1819
1856
1968
2030
2150
2211
2233
2295
2277
2397
2500
2559
2534
2651
2671
2655
2755
2715
2743
2747
2759
2767
2807
2903
2917
2943
2867
2938
2987
2943
2959
3015
2965
2963
2967
3027
2961
2975
10000
2967
2719
2507
2353
2226
2129
2032
1817
1781
1638
1504
1476
1441
1281
1262
1168
1009
1026
864
870
912
896
776
757
745
707
618
661
592
605
602
550
464
465
522
488
426
338
348
420
360
400
288
338
280
280
268
293
301
240
10000
168
452
624
688
888
1006
1139
1270
1419
1586
1581
1739
1855
1873
2006
2098
2110
2179
2291
2410
2371
2395
2477
2487
2559
2523
2704
2623
2705
2678
2687
2735
2747
2863
2801
2835
2811
2869
2854
2845
2864
2995
2943
2911
3022
2975
3053
3013
3047
3039
10000
2967
2751
2521
2427
2243
2143
1970
1842
1706
1604
1485
1438
1396
1331
1232
1114
1073
1057
1009
926
844
777
858
720
696
650
659
578
554
624
577
544
488
496
497
448
376
426
416
396
408
352
408
400
267
322
336
216
274
320
10000
192
368
554
715
837
973
1067
1206
1369
1493
1609
1738
1808
1893
1942
2096
2097
2167
2173
2327
2399
2399
2439
2485
2603
2591
2634
2625
2735
2705
2767
2751
2826
2858
2783
2851
2850
2935
2959
2870
2911
2935
2993
2979
3056
2991
3005
2943
2991
3031
10000
2899
2698
2467
2291
2143
2027
1968
1825
1750
1773
1535
1425
1344
1275
1224
1085
1036
1005
1008
860
868
808
778
784
752
716
672
665
576
562
528
564
576
485
458
384
416
410
308
336
354
337
348
362
272
250
336
240
204
296
10000
160
400
544
704
816
1004
1152
1239
1280
1491
1610
1722
1840
1965
1979
2043
2187
2203
2241
2277
2299
2411
2391
2455
2529
2607
2623
2647
2659
2672
2736
2807
2782
2864
2855
2827
2867
2871
2989
2866
2923
2909
2887
2911
2963
2935
3003
3071
3025
2993
10000
2991
2707
2503
2401
2189
2063
1968
1879
1745
1596
1517
1408
1362
1286
1216
1155
1111
1069
980
923
854
846
823
722
682
740
656
622
600
603
547
496
487
556
390
504
368
405
473
384
352
352
356
336
300
306
224
320
289
240
10000
208
368
566
682
896
942
1110
1195
1306
1507
1532
1710
1818
1936
2038
2019
2142
2192
2305
2243
2325
2437
2517
2490
2481
2527
2547
2630
2717
2673
2705
2842
2822
2791
2879
2859
2774
2877
2911
2883
2899
2911
2919
2949
2955
2989
2935
3039
3055
3023
10000
2927
2725
2547
2405
2214
2167
1961
1808
1742
1635
1501
1456
1291
1328
1188
1132
1104
976
1040
960
912
845
762
800
683
778
645
688
616
628
560
598
480
460
486
524
448
432
384
304
386
356
265
384
310
268
304
304
240
214
10000
176
360
666
658
836
966
1080
1209
1434
1512
1653
1680
1759
1917
1917
2096
2101
2141
2227
2321
2367
2381
2416
2495
2610
2606
2559
2609
2706
2774
2704
2775
2735
2725
2815
2815
2887
2887
2879
2929
2942
2931
2883
2991
2927
2987
2997
2951
2975
3015
10000
2966
2737
2515
2403
2202
2091
1989
1847
1741
1658
1501
1458
1386
1287
1210
1102
1140
1008
955
912
890
885
828
795
706
688
640
640
640
536
570
476
464
456
360
448
400
460
385
346
257
372
288
322
306
294
244
220
230
184
10000
214
424
597
710
832
948
1184
1298
1361
1505
1675
1687
1795
1823
1945
2015
2094
2207
2253
2295
2411
2417
2444
2449
2523
2613
2545
2647
2691
2754
2743
2759
2811
2795
2823
2800
2859
2847
2815
2943
2931
2963
2939
3099
2971
3027
3013
3095
3059
3047
10000
2911
2677
2499
2451
2299
2081
1987
1840
1697
1634
1501
1459
1344
1236
1216
1124
1008
1040
1057
896
865
848
795
746
731
700
643
669
592
576
586
496
482
470
458
354
332
412
336
336
352
304
368
288
272
316
240
256
242
276
10000
256
392
590
720
850
1028
1119
1200
1443
1435
1626
1680
1845
1843
1973
2026
2077
2210
2263
2318
2379
2431
2431
2469
2487
2534
2599
2651
2726
2739
2737
2791
2750
2815
2827
2822
2847
2851
2931
2927
2863
2915
2911
2954
2960
3047
3051
2975
3099
3047
10000
2855
2725
2559
2293
2198
2094
1968
1840
1779
1565
1535
1437
1312
1285
1146
1168
1094
1008
968
925
817
832
842
812
748
704
656
640
620
596
496
504
470
448
544
448
434
400
424
400
368
384
348
320
322
309
282
236
272
282
10000
256
402
522
768
848
1032
1046
1264
1465
1484
1650
1728
1826
1962
1979
2087
2059
2165
2240
2316
2303
2439
2471
2463
2559
2613
2591
2627
2646
2655
2699
2751
2773
2775
2910
2845
2899
2965
2971
2847
2919
2897
2993
3007
2959
2911
2987
2999
3015
2989
10000
2907
2743
2519
2390
2251
2017
1840
1813
1777
1616
1553
1440
1360
1328
1261
1211
1040
1029
960
982
850
816
813
772
784
714
674
653
676
626
616
576
497
508
441
525
453
452
360
374
422
258
368
325
272
261
261
240
294
268
10000
240
357
522
699
871
1034
1152
1171
1448
1535
1616
1718
1859
1895
1954
2099
2095
2228
2222
2325
2295
2430
2443
2591
2479
2623
2658
2660
2723
2701
2758
2768
2813
2759
2803
2823
2871
2895
2837
2931
2896
2911
3019
3071
2981
2987
2943
3007
3063
3039
10000
2847
2683
2598
2384
2169
2081
2019
1791
1693
1680
1498
1443
1341
1296
1256
1154
1096
954
992
861
865
954
848
868
762
720
724
688
627
592
516
521
509
528
472
448
450
436
400
368
410
320
312
386
300
328
272
256
264
224
10000
256
368
592
752
868
1035
1136
1304
1340
1535
1584
1712
1827
1875
2011
1998
2215
2115
2239
2326
2341
2339
2390
2468
2544
2526
2597
2707
2653
2631
2727
2815
2815
2739
2831
2865
2959
2875
2871
2859
2943
2959
2911
2942
2942
2943
3019
3023
2999
2995
10000
2859
2672
2443
2447
2175
2109
1934
1828
1693
1561
1554
1453
1328
1289
1184
1197
1033
1069
957
880
832
853
810
780
800
690
672
650
570
576
576
476
502
433
453
476
435
392
356
368
337
336
368
333
334
304
282
312
272
226
10000
184
339
592
644
890
988
1130
1229
1379
1484
1633
1728
1806
1889
1971
2094
2118
2193
2298
2288
2391
2387
2495
2495
2530
2543
2663
2591
2641
2704
2715
2738
2791
2811
2799
2871
2871
2923
2929
2893
2911
2959
2997
2958
2919
2965
3023
2967
3051
3043
10000
2927
2783
2502
2352
2147
2096
1978
1746
1747
1659
1473
1487
1402
1278
1243
1180
1123
987
968
881
848
808
806
752
786
690
681
612
612
593
564
532
500
452
462
456
410
340
362
355
353
309
340
323
298
304
333
280
296
240
10000
241
448
656
674
879
976
1115
1208
1364
1479
1596
1667
1806
1968
1916
2032
2160
2149
2229
2367
2363
2323
2454
2407
2497
2559
2653
2670
2559
2691
2733
2815
2779
2789
2839
2779
2833
2893
2863
2871
2959
2931
2907
2901
3045
3063
2963
3069
3071
3071
10000
2875
2711
2549
2331
2205
2121
1989
1803
1797
1648
1518
1456
1366
1249
1216
1171
1091
1040
988
974
870
848
808
776
720
688
688
632
610
613
518
534
482
466
432
475
496
384
384
370
368
313
340
272
280
293
272
230
293
288
10000
236
397
532
726
832
1003
1168
1293
1358
1563
1632
1724
1786
1819
1982
2119
2087
2219
2197
2273
2323
2403
2427
2489
2512
2622
2609
2679
2672
2741
2855
2727
2771
2865
2893
2783
2835
2877
2847
2999
2927
2975
2898
2961
2967
2967
2993
2995
3061
2925
10000
2917
2667
2495
2357
2224
2062
2017
1844
1710
1680
1570
1422
1360
1296
1232
1194
1080
1081
986
957
832
760
832
784
746
681
629
632
656
592
548
480
400
488
436
424
416
394
355
386
314
358
394
336
336
316
276
256
232
274
10000
204
386
602
726
898
1105
1093
1163
1403
1535
1580
1718
1813
1855
2058
2031
2159
2145
2288
2278
2367
2421
2399
2549
2539
2485
2611
2683
2615
2768
2706
2743
2741
2766
2815
2865
2883
2847
2902
2866
2919
2929
2879
2975
2991
2947
2967
3047
3123
3035
10000
2855
2683
2531
2423
2147
2107
2007
1838
1723
1597
1490
1456
1326
1278
1194
1142
1093
1015
944
898
837
903
838
784
725
714
704
596
625
604
550
538
464
497
368
402
448
437
388
328
391
360
346
265
262
220
300
256
211
256
10000
230
384
586
651
970
980
1078
1217
1472
1486
1623
1724
1809
1867
1947
2075
2096
2284
2207
2302
2363
2438
2499
2475
2599
2666
2598
2703
2663
2757
2705
2789
2727
2755
2891
2806
2903
2871
2861
2851
2998
2975
3057
2931
2961
2995
3107
2999
3018
3059
10000
2923
2755
2517
2306
2205
2063
1978
1855
1802
1658
1585
1471
1360
1341
1239
1136
1104
1030
864
848
876
784
740
790
662
640
596
620
586
628
562
464
507
528
384
352
368
400
338
384
341
288
304
280
284
236
320
256
256
256
10000
144
424
525
710
872
972
1050
1232
1352
1456
1598
1738
1791
1856
2033
2042
2086
2277
2275
2267
2367
2423
2418
2503
2491
2613
2622
2651
2711
2731
2701
2783
2807
2771
2871
2815
2875
2899
2967
2960
2943
2979
2955
2967
3015
2989
2989
3055
2991
3057
10000
2923
2770
2529
2391
2271
2091
1950
1814
1680
1587
1584
1482
1333
1282
1192
1141
1059
1016
880
912
832
869
800
801
728
658
729
608
624
506
468
516
528
489
432
424
390
356
336
314
346
322
312
322
274
218
240
256
244
228
10000
152
452
482
716
838
983
1008
1190
1360
1488
1583
1757
1791
1885
2015
2103
2128
2155
2229
2357
2381
2411
2511
2543
2481
2623
2615
2643
2622
2763
2709
2727
2771
2791
2869
2933
2833
2871
2926
2960
3011
2891
2929
2943
2999
2947
2975
3023
3088
3071
10000
2911
2799
2539
2299
2207
2089
2011
1863
1752
1691
1535
1488
1295
1216
1152
1110
1120
1046
986
918
898
800
814
768
660
680
700
674
560
589
530
489
496
475
408
450
369
384
324
408
362
353
326
368
292
264
256
233
230
288
10000
212
390
560
730
800
976
1106
1262
1351
1504
1600
1696
1783
1904
1904
1891
2159
2183
2258
2329
2387
2401
2455
2523
2559
2485
2607
2687
2687
2768
2736
2775
2791
2853
2805
2765
2827
2897
2854
2934
2871
2919
2959
2992
3023
2998
3035
3031
3059
3102
10000
2839
2731
2501
2363
2272
2105
1967
1808
1727
1594
1553
1431
1337
1298
1244
1155
1094
1040
860
862
912
937
816
732
736
677
640
576
560
542
528
540
672
453
501
432
406
368
331
342
370
272
312
272
304
256
225
180
144
202
10000
210
358
504
640
910
978
1092
1200
1346
1527
1616
1617
1840
1894
1984
2047
2128
2191
2247
2357
2271
2395
2494
2545
2557
2519
2631
2653
2669
2795
2735
2751
2797
2847
2821
2851
2887
2883
2851
2893
2909
3013
2928
2947
2995
2981
2971
2983
3127
3038
10000
2919
2763
2519
2383
2238
2082
1965
1841
1734
1662
1502
1391
1385
1227
1249
1140
1065
978
912
896
896
852
822
796
752
652
584
640
586
624
464
556
438
480
473
372
384
336
400
402
346
336
264
240
304
256
260
224
256
258
10000
137
384
569
705
856
1020
1134
1302
1409
1522
1633
1729
1811
1984
1937
2102
2129
2161
2283
2379
2359
2448
2447
2512
2587
2622
2609
2747
2783
2770
2775
2743
2839
2795
2903
2832
2903
2903
2960
2911
2983
2929
2967
2959
2963
3039
3062
3103
3015
3057
10000
2928
2758
2519
2354
2199
2097
1965
1875
1770
1655
1517
1474
1381
1309
1228
1152
1104
992
976
906
898
868
857
848
746
572
716
613
596
510
541
548
550
440
456
432
400
334
408
358
346
276
336
277
232
240
288
237
224
220
10000
180
364
582
630
803
1035
1177
1309
1344
1534
1643
1715
1837
1991
1993
2098
2039
2107
2313
2335
2435
2480
2419
2503
2451
2654
2559
2669
2672
2767
2774
2747
2827
2844
2751
2911
2859
2922
3007
2895
2975
3007
2915
3071
3011
3027
3030
3071
3131
3007
10000
2981
2704
2530
2379
2333
2101
1902
1918
1748
1670
1561
1424
1406
1347
1264
1183
1098
1040
960
905
828
759
828
720
731
688
694
664
645
525
550
440
481
476
452
441
405
386
374
361
344
356
326
292
304
229
260
341
256
245
10000
216
426
564
720
872
955
1186
1293
1417
1440
1604
1690
1795
1878
1973
2064
2122
2231
2290
2279
2439
2427
2439
2511
2559
2635
2615
2639
2687
2715
2865
2741
2839
2887
2907
2854
2955
2875
2990
2935
2979
2954
3027
2995
3005
2974
3039
3038
2991
3039
10000
2993
2741
2550
2311
2191
2093
1983
1763
1706
1614
1510
1488
1360
1305
1176
1137
1104
1022
928
898
883
821
800
757
717
688
620
577
592
598
504
480
481
464
482
409
448
412
314
400
320
289
368
200
258
306
256
268
184
192
10000
172
384
624
688
804
972
1117
1336
1380
1515
1600
1698
1822
1947
2015
2101
2195
2223
2227
2335
2399
2367
2503
2519
2513
2594
2647
2675
2685
2739
2754
2743
2815
2883
2847
2847
2927
2911
2861
2914
2899
2947
2951
2919
3063
2941
2999
3013
3056
3070
10000
3039
2767
2503
2389
2210
2131
1920
1803
1714
1655
1535
1414
1365
1266
1207
1112
1089
970
974
912
900
810
792
725
740
624
626
578
584
593
528
482
489
496
460
360
440
368
384
354
384
345
370
280
272
293
258
232
208
224
10000
192
346
617
752
807
979
1040
1281
1361
1456
1660
1797
1758
1927
2000
2042
2160
2214
2289
2349
2398
2483
2471
2507
2543
2551
2587
2655
2672
2751
2739
2735
2839
2863
2899
2919
2917
2933
2919
2935
2959
3039
2990
2965
3091
2983
2975
2965
3027
2975
10000
2903
2671
2559
2337
2267
2155
1913
1871
1686
1619
1470
1505
1321
1252
1249
1163
1121
994
986
964
913
856
744
720
688
685
672
720
592
592
484
488
474
496
400
410
368
384
336
304
370
312
384
300
272
256
250
210
240
256
10000
248
352
556
753
832
1034
1088
1244
1409
1506
1601
1730
1851
1913
2013
2085
2147
2203
2307
2319
2271
2431
2509
2454
2595
2635
2630
2608
2691
2672
2757
2807
2821
2804
2843
2896
2897
2893
2959
2891
2891
2992
2991
3003
3067
2987
2991
3071
3055
2993
10000
2855
2711
2511
2331
2256
2043
1968
1897
1799
1607
1512
1411
1411
1217
1174
1090
1062
984
978
922
817
822
752
776
744
675
666
704
592
616
538
496
464
448
417
400
400
378
344
300
320
333
301
336
320
280
248
320
262
274
10000
202
386
560
706
784
955
1072
1264
1405
1462
1637
1743
1835
1936
2001
2064
2205
2161
2203
2275
2323
2415
2467
2507
2591
2587
2586
2641
2659
2719
2731
2799
2795
2857
2887
2847
2879
2925
2991
2907
2911
3007
2951
3039
2987
2983
3039
3119
3051
3021
10000
2891
2683
2551
2261
2247
2082
1895
1817
1711
1592
1527
1383
1306
1326
1238
1088
1072
979
945
992
883
880
802
754
771
689
682
610
610
557
502
496
528
460
432
458
386
437
404
344
332
337
324
266
298
296
228
224
288
156
10000
282
384
557
720
771
980
1129
1153
1320
1520
1609
1654
1840
1943
2000
2031
2123
2201
2315
2341
2367
2489
2493
2479
2623
2526
2623
2649
2695
2746
2729
2759
2771
2831
2887
2827
2851
2864
2879
2896
2959
2991
2879
2971
2911
3071
3050
2995
2991
2991
10000
2896
2722
2617
2380
2234
2128
1936
1798
1743
1658
1522
1466
1322
1316
1152
1108
1096
1006
976
848
885
747
704
784
803
657
620
642
568
524
544
528
496
400
424
440
400
348
420
336
322
352
313
302
310
192
248
270
288
208
10000
161
300
520
816
824
1018
1088
1291
1391
1488
1605
1712
1766
1872
1934
2083
2183
2207
2349
2357
2367
2447
2463
2449
2559
2615
2621
2595
2735
2801
2768
2730
2863
2834
2789
2927
2928
2863
2943
2943
2927
2975
3061
2931
2934
3022
3037
3056
2990
3071
10000
2935
2733
2527
2318
2250
2083
2000
1777
1721
1648
1590
1474
1331
1331
1201
1159
1050
1072
945
930
851
842
808
800
744
717
656
656
608
564
560
492
496
481
418
384
468
416
352
352
360
302
336
259
228
246
280
257
282
176
10000
192
434
502
632
940
977
1104
1258
1382
1450
1618
1693
1776
1856
1967
2087
2205
2177
2291
2256
2287
2443
2477
2559
2538
2655
2679
2621
2653
2707
2733
2672
2811
2811
2879
2770
2869
2941
2892
2897
2899
2935
2933
3007
2927
2998
3007
2951
3070
3007
10000
2935
2675
2555
2455
2207
2114
1998
1840
1776
1622
1614
1394
1331
1344
1181
1174
1070
966
944
956
865
839
776
768
768
694
656
592
616
544
484
528
502
401
368
405
426
362
320
364
320
328
314
282
240
268
256
288
240
240
10000
145
411
456
692
832
961
1060
1237
1398
1517
1642
1686
1766
1888
2035
2107
2205
2195
2229
2320
2401
2419
2469
2547
2513
2559
2667
2671
2717
2679
2731
2751
2851
2847
2870
2865
2789
2865
2911
2960
2847
3056
2960
2995
3031
3007
3063
2963
3051
3071
10000
2859
2695
2543
2335
2191
2091
1990
1747
1727
1565
1504
1424
1328
1249
1174
1145
1123
1005
912
886
838
817
802
770
740
709
712
632
562
617
572
509
497
524
464
425
352
360
338
322
314
298
276
320
256
272
272
224
197
274
10000
185
312
586
795
824
944
1120
1266
1392
1517
1565
1766
1863
1921
2000
2028
2139
2177
2284
2352
2355
2480
2498
2477
2541
2541
2627
2643
2702
2719
2745
2771
2766
2867
2879
2825
2926
2832
2932
2909
2931
2943
2949
3019
2957
3035
2947
2990
2991
3057
10000
2943
2774
2611
2378
2183
2112
1890
1820
1770
1668
1574
1424
1347
1308
1203
1156
1098
1040
968
912
817
762
704
810
674
660
624
606
614
516
498
509
460
480
410
432
384
457
333
320
290
320
304
258
272
266
237
192
266
184
10000
140
400
528
664
906
963
1117
1212
1312
1463
1521
1708
1782
1855
1966
1951
2155
2202
2234
2270
2307
2423
2451
2529
2591
2559
2699
2641
2702
2743
2695
2751
2767
2799
2823
2855
2911
2879
2886
2927
3019
2999
2979
2943
3039
2975
3023
3031
3103
3055
10000
2927
2749
2526
2421
2199
2092
1994
1837
1744
1637
1616
1562
1341
1274
1204
1171
1097
988
960
870
882
864
794
718
730
704
697
626
661
592
530
598
540
472
482
480
376
394
361
345
372
304
377
333
261
243
290
256
229
196
10000
261
366
550
686
841
996
1120
1216
1328
1507
1647
1749
1773
1825
2059
2047
2118
2179
2271
2327
2359
2478
2461
2549
2589
2629
2595
2647
2690
2726
2719
2822
2870
2799
2815
2899
2837
2875
2917
2929
2967
2992
2987
2997
2934
2999
3019
3055
2999
3051
10000
2975
2790
2491
2397
2255
2179
1954
1853
1758
1675
1513
1456
1357
1337
1244
1188
994
1058
1007
850
835
804
804
748
744
729
594
688
572
548
568
486
506
480
436
394
406
400
276
388
356
288
272
324
320
276
256
290
224
256
10000
216
338
596
778
890
973
1106
1283
1412
1486
1535
1691
1761
1863
2026
2113
2098
2115
2203
2359
2352
2346
2430
2559
2559
2437
2559
2607
2687
2663
2687
2775
2767
2807
2871
2903
2902
2939
2923
2943
2911
2894
2929
2987
2975
3023
3094
3189
3055
3051
10000
2975
2783
2547
2371
2236
2079
1970
1894
1744
1675
1613
1438
1392
1327
1176
1086
1105
1046
949
969
985
896
752
800
716
686
704
660
560
544
528
464
522
528
416
480
308
448
348
372
304
406
340
320
278
264
220
297
227
240
10000
172
370
500
656
912
958
1127
1305
1382
1467
1617
1728
1841
1888
2001
2064
2160
2195
2279
2385
2451
2441
2499
2527
2547
2587
2619
2645
2667
2739
2823
2791
2806
2898
2845
2842
2879
2864
2959
2895
2867
3007
3011
2833
2981
3022
3007
3047
3015
3095
10000
3216
2719
2554
2399
2259
2046
1994
1829
1789
1610
1497
1482
1397
1296
1213
1142
1078
1010
928
1008
896
816
812
787
662
740
576
590
604
570
506
566
256
456
488
400
416
388
385
384
300
320
274
320
332
260
196
213
274
224
10000
170
368
544
696
868
923
1092
1266
1373
1456
1570
1686
1782
1873
1872
2057
2143
2157
2271
2271
2331
2399
2513
2559
2615
2559
2608
2655
2757
2703
2807
2773
2775
2751
2801
2939
2911
2879
2935
2887
2893
2999
2992
2935
3031
2999
2967
3007
3051
3051
10000
2911
2714
2538
2375
2218
2143
1981
1818
1712
1646
1575
1441
1397
1330
1253
1168
1115
960
914
986
859
817
846
793
822
693
674
592
592
533
610
528
522
533
486
376
336
404
364
352
338
304
296
304
244
224
256
238
304
218
10000
204
368
544
706
848
1002
1209
1276
1344
1456
1535
1743
1774
1875
2033
2096
2143
2218
2288
2367
2379
2387
2501
2583
2542
2623
2605
2658
2723
2683
2736
2783
2825
2805
2847
2877
2883
2907
2855
2861
2948
2923
2973
3007
3043
3007
2983
3051
3067
3035
10000
2942
2711
2559
2415
2279
2047
1930
1814
1680
1677
1595
1462
1331
1286
1242
1152
1117
1022
970
944
880
857
768
770
744
711
624
660
620
536
523
500
516
470
528
428
474
396
284
308
336
308
420
284
260
305
300
272
272
266
10000
210
368
581
714
874
1004
1154
1296
1463
1508
1654
1717
1761
1868
1939
2171
2141
2222
2231
2369
2339
2455
2461
2482
2559
2651
2591
2678
2733
2815
2736
2928
2783
2785
2858
2829
2863
2907
2943
2979
2887
2943
3015
2951
2975
3003
3007
3007
3153
3059
10000
2923
2750
2519
2339
2263
2139
1866
1799
1734
1601
1554
1474
1344
1238
1229
1162
1073
968
940
932
906
868
818
736
717
655
728
624
644
640
506
568
481
432
481
432
452
274
400
348
368
304
272
284
304
336
260
298
240
240
10000
240
376
582
672
883
970
1139
1263
1392
1469
1637
1735
1822
1859
1995
2096
2129
2224
2303
2365
2367
2479
2497
2544
2544
2587
2647
2647
2655
2705
2722
2735
2846
2769
2787
2943
2902
2923
2883
2879
2930
3019
2994
3049
3037
3055
2982
3024
2951
2951
10000
2903
2672
2535
2437
2166
2182
1930
1806
1782
1668
1610
1451
1393
1298
1270
1168
1088
1040
912
941
802
820
832
720
710
722
628
597
656
531
560
416
528
485
488
400
436
360
320
392
377
352
290
344
208
244
272
234
210
240
10000
208
416
538
713
773
977
1088
1258
1344
1460
1649
1726
1803
1871
1992
2011
2127
2150
2311
2212
2395
2435
2471
2527
2647
2547
2607
2595
2671
2735
2730
2755
2837
2811
2897
2899
2821
2911
2963
2927
2957
2967
3007
3031
2975
2979
3031
3063
2983
3111
10000
2954
2765
2559
2405
2214
2037
1973
1853
1687
1535
1530
1465
1454
1238
1150
1185
1105
962
912
972
896
908
796
721
720
675
683
620
616
560
493
522
537
496
441
426
440
396
357
336
332
324
313
217
310
258
304
288
193
226
10000
204
300
517
692
898
988
1114
1200
1371
1490
1573
1737
1823
1941
1947
2067
2145
2155
2271
2355
2414
2481
2480
2515
2519
2603
2627
2655
2750
2711
2775
2765
2815
2893
2815
2807
2971
2867
2947
2935
2929
2910
3025
2939
2995
3095
3011
3013
3007
3098
10000
2815
2718
2515
2389
2275
2073
1923
1871
1759
1606
1478
1469
1354
1280
1220
1085
1101
949
966
924
925
790
752
749
739
678
652
556
588
608
448
554
560
521
404
448
352
400
432
320
306
274
325
301
320
272
225
240
310
210
10000
209
348
617
736
848
1027
1107
1280
1370
1488
1677
1754
1787
1810
2000
2032
2138
2191
2263
2289
2411
2399
2463
2535
2481
2591
2662
2671
2670
2693
2759
2799
2822
2800
2837
2865
2923
2895
2879
2965
2967
2911
2911
3015
2975
3119
3011
3071
3107
3053
10000
2990
2735
2598
2383
2254
2128
1926
1840
1761
1618
1553
1440
1326
1253
1146
1170
950
960
960
977
859
896
786
776
712
658
672
675
601
596
544
594
502
508
444
448
460
469
336
304
336
336
322
320
256
288
260
243
276
256
10000
182
386
537
716
816
976
1128
1213
1362
1501
1606
1776
1739
1874
1997
2047
2171
2245
2239
2285
2407
2371
2479
2544
2559
2559
2643
2670
2667
2822
2673
2801
2775
2768
2867
2815
2926
2891
2939
2899
2983
2959
2983
2959
2979
3053
2963
3035
3069
3059
10000
2939
2759
2517
2461
2347
2115
1973
1853
1717
1609
1535
1392
1374
1280
1212
1070
1051
998
1000
880
858
824
802
733
784
656
644
592
628
560
496
492
448
460
457
426
441
416
320
392
389
340
320
314
324
240
280
314
194
292
10000
145
368
594
708
870
960
1090
1232
1296
1505
1653
1734
1761
1999
1945
2095
2131
2230
2261
2347
2362
2469
2442
2495
2519
2599
2669
2658
2650
2715
2803
2783
2815
2815
2835
2839
2833
2871
2855
2942
2930
2927
2991
2999
3061
3003
3039
2991
3007
3053
10000
2961
2757
2541
2427
2274
2087
1955
1828
1733
1631
1569
1421
1341
1319
1188
1101
1104
1056
976
919
864
804
754
776
682
676
640
610
592
562
592
610
492
505
416
397
372
354
352
342
354
312
256
240
280
298
326
224
217
216
10000
192
342
576
713
828
1016
1072
1264
1385
1535
1678
1725
1842
1904
2029
2077
2143
2269
2288
2331
2389
2391
2463
2501
2534
2663
2707
2667
2686
2694
2694
2715
2771
2795
2886
2909
2931
2896
2915
2917
2981
2983
3003
2967
3025
3070
3015
2963
3031
3088
10000
2887
2799
2559
2319
2256
2085
1939
1823
1699
1712
1520
1458
1344
1267
1234
1152
1104
1014
955
870
880
828
770
778
672
694
648
650
608
608
521
496
509
488
545
421
442
457
400
384
386
332
268
284
322
272
296
304
227
234
10000
236
440
586
677
784
995
1126
1296
1389
1488
1632
1683
1779
1824
1994
2090
2118
2167
2262
2271
2390
2431
2395
2603
2535
2615
2641
2685
2705
2798
2755
2787
2832
2815
2765
2559
2823
2915
2917
2927
2960
2963
3006
2975
3003
2999
2999
3059
3110
3015
10000
2909
2695
2559
2395
2213
2045
1984
1833
1697
1585
1520
1500
1342
1348
1243
1146
1036
1052
972
896
916
848
816
816
691
652
634
630
562
544
586
486
448
480
448
416
420
385
352
392
346
332
282
280
288
323
232
232
266
196
10000
224
388
553
685
875
960
1113
1264
1374
1485
1589
1665
1827
1894
1985
2047
2135
2201
2294
2382
2320
2453
2448
2525
2531
2663
2641
2640
2747
2735
2751
2787
2775
2807
2847
2859
2919
2947
2943
2911
2935
2957
2943
2979
2999
3002
3027
3003
3025
2991
10000
2875
2783
2526
2357
2287
2097
1987
1899
1776
1664
1510
1482
1403
1267
1223
1170
1046
1070
891
940
812
912
821
768
720
688
640
532
588
624
564
494
480
428
480
540
326
388
364
340
333
409
290
336
336
256
198
240
262
164
10000
276
404
496
697
858
1008
1152
1269
1345
1478
1555
1669
1821
1875
1980
2066
2122
2259
2227
2322
2423
2453
2499
2559
2623
2621
2623
2653
2675
2683
2723
2719
2815
2847
2807
2871
2967
2879
2975
3007
2961
3007
2987
3019
3035
3067
3071
3015
3071
3093
10000
2999
2779
2631
2391
2254
2085
1964
1760
1747
1629
1494
1433
1376
1280
1236
1181
1134
1012
1010
900
851
901
846
814
720
704
677
646
632
630
596
530
560
464
492
408
376
422
362
396
372
336
346
275
356
248
309
240
272
226
10000
256
420
580
752
898
976
1093
1286
1387
1558
1678
1701
1759
1969
2016
2093
2129
2195
2226
2307
2431
2480
2497
2593
2541
2627
2663
2723
2715
2787
2723
2741
2855
2865
2871
2902
2863
2947
2965
2919
3019
2939
3023
3045
3023
2986
3043
3027
3059
3143
10000
2928
2759
2559
2351
2240
2123
1953
1895
1823
1673
1520
1499
1398
1346
1270
1149
1101
1026
964
944
866
817
776
826
654
713
673
644
608
565
496
424
480
464
505
449
466
432
384
336
347
296
352
290
272
218
289
240
280
256
10000
200
368
576
749
868
1014
1140
1208
1349
1520
1651
1776
1808
1899
1983
2065
2198
2210
2282
2366
2350
2471
2509
2527
2535
2614
2614
2683
2687
2743
2719
2741
2671
2783
2855
2867
2883
2919
2903
2947
2869
2975
2983
3071
2939
3007
2967
3051
3055
3015
10000
2915
2705
2502
2367
2288
2077
1918
1840
1757
1666
1487
1434
1323
1240
1193
1110
1008
1018
896
905
854
774
827
720
716
662
650
624
592
600
557
480
582
432
416
442
374
364
368
378
272
292
276
248
224
276
236
192
228
208
10000
160
304
585
676
784
1008
1123
1249
1328
1491
1535
1726
1765
1879
2014
1990
2189
2199
2259
2339
2384
2416
2445
2495
2543
2627
2598
2621
2703
2683
2741
2783
2719
2795
2831
2899
2827
2831
2896
2863
2859
2943
2915
2975
2951
2993
3047
3055
3027
3071
10000
2867
2683
2535
2355
2240
2141
1968
1871
1706
1635
1472
1424
1327
1292
1194
1088
1036
985
963
768
925
788
749
693
749
720
640
596
594
628
584
492
468
496
476
410
372
416
342
286
336
262
244
288
312
256
196
256
240
210
10000
240
386
593
784
783
942
1126
1174
1349
1532
1621
1650
1808
1899
1971
2002
2112
2189
2269
2297
2339
2453
2480
2527
2606
2638
2687
2662
2706
2704
2798
2847
2827
2875
2897
2891
2903
2981
2987
2902
2958
2971
2973
2959
2959
2983
3024
3007
3067
3030
10000
2947
2723
2490
2430
2299
2143
1969
1801
1745
1623
1535
1456
1432
1328
1209
1114
1088
1018
960
928
869
790
834
758
758
705
709
640
612
686
564
496
506
516
549
480
396
364
400
340
376
291
376
304
289
224
182
256
180
192
10000
283
402
580
696
816
988
1159
1244
1333
1415
1615
1702
1760
1904
1984
2000
2177
2235
2274
2300
2427
2439
2497
2495
2546
2622
2586
2643
2683
2747
2741
2823
2879
2879
2886
2865
2838
2903
2887
2887
2971
3021
3039
2991
3135
3003
3027
3103
3025
3047
10000
3003
2800
2559
2375
2267
2158
2003
1867
1788
1651
1577
1442
1393
1312
1241
1163
1076
1072
998
914
918
865
786
809
704
760
724
634
560
580
576
466
496
484
466
392
449
420
368
368
345
320
304
290
304
228
304
242
192
216
10000
160
368
544
656
840
978
1062
1195
1362
1517
1587
1744
1763
1808
1981
2007
2158
2175
2203
2277
2417
2403
2402
2479
2544
2631
2611
2655
2683
2771
2754
2715
2762
2815
2879
2870
2929
2887
2903
2995
2899
2935
2960
3007
3027
2955
2925
3179
3089
2999
10000
2983
2726
2443
2377
2293
2141
1905
1829
1730
1636
1511
1483
1346
1256
1212
1110
1048
993
1002
914
848
804
752
784
704
673
642
612
608
554
528
492
470
496
428
396
456
320
412
340
320
282
296
272
320
196
340
240
224
208
10000
240
428
528
650
821
988
1098
1270
1412
1527
1584
1731
1761
1986
2047
2023
2131
2187
2235
2277
2384
2463
2519
2497
2544
2603
2659
2695
2684
2719
2771
2737
2835
2875
2883
2859
2864
2935
2951
2878
2999
3005
2998
2995
3024
2975
3024
3059
3055
3039
10000
2951
2695
2605
2302
2271
2119
1859
1829
1769
1584
1577
1518
1394
1301
1216
1163
1029
1004
932
944
840
864
832
699
666
688
718
624
555
554
555
496
504
496
416
418
452
356
357
364
368
324
306
314
258
262
288
241
304
216
10000
240
408
537
705
904
930
1056
1192
1315
1535
1616
1712
1785
1895
1978
2021
2071
2175
2261
2302
2375
2437
2451
2513
2495
2559
2674
2715
2687
2731
2723
2767
2749
2832
2891
2887
2864
2885
2897
2987
2943
2915
3071
2987
3015
2911
2991
2987
2991
3062
10000
2879
2759
2523
2384
2219
2187
2000
1823
1684
1671
1572
1396
1393
1264
1205
1082
1082
940
886
874
810
844
840
752
728
737
688
634
640
510
496
507
508
448
393
416
424
398
404
308
280
344
288
288
302
208
256
172
196
140
10000
210
416
544
656
849
900
1088
1203
1319
1432
1502
1637
1836
1872
1974
1887
2047
2181
2256
2354
2321
2416
2446
2497
2541
2639
2663
2683
2675
2735
2719
2802
2737
2835
2725
2879
2832
2901
2871
2897
2947
2983
2991
2927
2991
2955
3007
3015
3023
3005
10000
2979
2738
2511
2339
2187
2081
1947
1852
1724
1604
1485
1454
1395
1254
1163
1112
1051
1012
902
877
909
817
760
794
660
608
616
584
558
576
480
489
368
412
467
441
416
320
320
292
288
304
256
241
244
232
260
292
272
224
10000
176
344
520
672
732
967
1072
1248
1348
1552
1584
1641
1799
1777
1968
2032
2109
2175
2297
2286
2327
2415
2511
2478
2519
2661
2608
2559
2639
2747
2743
2771
2735
2779
2867
2879
2839
2801
2896
2935
2999
2937
2959
2999
2925
2951
3063
3047
2991
2995
10000
2879
2654
2491
2349
2199
2036
1899
1789
1712
1613
1530
1355
1391
1328
1243
1101
1074
1017
944
934
898
822
805
761
720
602
597
640
540
544
550
538
432
465
448
410
372
400
257
344
368
330
304
242
248
244
226
237
164
256
10000
161
336
560
705
816
950
1090
1181
1328
1488
1615
1712
1754
1843
1933
2000
2095
2201
2209
2319
2443
2383
2419
2483
2506
2639
2631
2687
2671
2651
2723
2718
2743
2815
2864
2891
2839
2800
3010
2895
2915
2933
2911
2961
2941
2960
2993
2933
3047
3003
10000
2887
2750
2531
2301
2222
2122
1949
1871
1679
1614
1579
1408
1280
1252
1158
1097
1084
938
964
905
869
818
761
677
696
646
634
621
563
506
464
530
472
448
384
411
422
388
272
290
352
312
304
240
228
234
288
232
276
210
10000
194
368
500
684
821
971
1132
1158
1395
1499
1588
1719
1817
1904
1974
2045
2122
2141
2256
2327
2309
2461
2449
2523
2559
2515
2623
2675
2662
2701
2711
2735
2775
2783
2811
2899
2910
2927
2935
2919
2933
2959
3039
3029
3043
3023
3055
2983
3159
3103
10000
2917
2705
2559
2389
2255
2074
1999
1854
1695
1584
1500
1485
1313
1286
1161
1096
1052
988
944
896
896
872
834
768
736
690
704
656
658
552
624
545
506
518
416
498
465
460
324
344
320
292
260
208
270
304
208
320
229
296
10000
172
448
576
728
824
976
1113
1230
1400
1488
1668
1755
1825
1965
2014
1999
2163
2255
2262
2349
2383
2367
2559
2591
2639
2559
2559
2701
2711
2743
2710
2815
2815
2832
2837
2855
2911
2891
2925
2901
2943
3025
3039
2957
2987
3103
2992
3039
3037
3019
10000
2975
2743
2527
2383
2218
2095
1987
1821
1711
1616
1535
1506
1397
1334
1274
1072
1140
979
985
910
909
842
841
756
778
724
646
594
628
590
624
536
520
405
492
468
410
360
376
404
394
336
338
400
320
308
288
256
218
240
10000
217
384
438
785
875
1014
1104
1314
1408
1484
1675
1822
1840
1925
2041
2033
2096
2160
2279
2302
2407
2419
2461
2559
2597
2613
2679
2635
2711
2787
2683
2785
2855
2849
2831
2839
2890
2879
3071
2957
3095
3046
2979
3118
3045
3015
3071
3071
3103
3151
10000
3117
2835
2701
2479
2229
2241
2087
1891
1911
1773
1683
1605
1461
1408
1360
1269
1206
1210
1111
1104
971
976
944
918
906
816
752
724
704
608
678
688
576
610
596
536
520
452
469
452
452
472
432
336
320
384
352
296
272
232
10000
302
424
668
763
932
1036
1206
1328
1352
1471
1637
1726
1850
1965
1985
2123
2107
2237
2252
2291
2293
2451
2448
2522
2546
2559
2559
2655
2655
2707
2743
2775
2751
2849
2847
2839
2801
2887
2895
2918
2863
2959
2983
2943
2967
3010
3019
3006
2991
3021
10000
2923
2843
2614
2407
2242
2159
1987
1850
1794
1662
1564
1489
1392
1351
1264
1154
1088
1090
1002
925
884
864
871
790
752
730
714
681
645
626
576
557
560
562
501
525
474
400
356
388
408
352
362
388
304
330
256
264
256
336
10000
277
408
604
688
872
986
1130
1194
1450
1420
1580
1680
1790
1874
1962
2035
2096
2125
2223
2297
2365
2439
2391
2448
2495
2525
2515
2663
2671
2647
2719
2719
2770
2879
2833
2863
2827
2871
2875
2959
2941
2895
2939
2979
2895
2971
2941
3013
3069
3043
10000
2885
2723
2559
2358
2103
2083
2001
1920
1717
1645
1605
1469
1377
1366
1245
1239
1146
1085
1072
987
968
898
858
826
784
705
688
657
652
562
602
548
484
484
506
458
449
432
400
392
384
389
344
330
320
288
352
273
306
240
10000
224
470
504
692
848
974
1042
1209
1344
1437
1571
1650
1791
1846
2047
2002
2064
2182
2288
2263
2288
2460
2423
2457
2506
2586
2475
2631
2675
2695
2735
2736
2683
2757
2719
2803
2833
2847
2821
2832
2911
2887
2967
2876
2955
2935
2959
2992
3030
3111
10000
3029
2687
2519
2378
2239
2127
2011
1911
1776
1718
1534
1460
1361
1355
1241
1108
1149
1076
1009
998
954
886
852
768
768
712
674
624
634
593
522
538
517
492
496
538
496
424
432
422
400
368
368
320
312
321
312
341
256
144
10000
272
384
562
714
850
976
1117
1250
1336
1444
1557
1641
1731
1872
1873
1967
2090
2147
2160
2199
2327
2341
2485
2471
2495
2495
2615
2559
2667
2711
2671
2722
2693
2783
2863
2851
2831
2843
2879
2959
2955
2931
2975
2963
2943
3011
2915
2997
3013
3093
10000
2927
2727
2467
2415
2266
2139
2007
1820
1803
1648
1613
1412
1392
1349
1253
1178
1166
1104
1012
962
966
890
816
762
752
761
668
704
662
657
596
608
556
476
496
496
421
430
400
389
370
333
360
296
244
256
256
284
268
260
10000
170
421
540
704
921
978
1101
1216
1296
1456
1610
1712
1735
1890
1877
2032
2096
2073
2122
2253
2301
2385
2346
2416
2635
2507
2643
2607
2643
2659
2672
2707
2754
2763
2866
2838
2843
2845
2871
2899
2943
2879
2897
2957
3024
2941
2995
2975
3071
3007
10000
2902
2751
2559
2383
2243
2170
1976
1808
1747
1657
1552
1483
1373
1344
1260
1193
1144
1056
1029
966
912
900
816
832
731
708
657
613
595
624
560
598
490
504
528
469
469
421
434
388
336
308
312
320
293
326
280
258
270
288
10000
240
405
592
668
820
938
1054
1161
1302
1461
1580
1683
1744
1838
1872
2015
2001
2126
2208
2229
2343
2314
2427
2479
2543
2534
2559
2682
2701
2647
2736
2795
2787
2799
2755
2869
2934
2815
2839
2919
2798
2955
2955
3015
3003
2927
3011
2983
2960
3059
10000
2895
2707
2535
2384
2260
2099
2007
1931
1743
1690
1610
1489
1424
1364
1264
1168
1124
1094
1034
1008
898
818
858
770
787
684
730
722
596
644
622
556
552
554
465
449
508
432
401
392
418
336
320
320
396
266
241
272
240
268
10000
242
336
510
708
885
976
1034
1200
1324
1495
1613
1677
1776
1901
2001
2021
2128
2139
2202
2258
2342
2366
2471
2423
2501
2559
2559
2611
2655
2685
2731
2735
2731
2875
2737
2875
2827
2883
2907
2897
2864
2895
2897
2919
2950
2963
2970
3005
2994
3095
10000
2991
2711
2495
2451
2253
2115
2037
1931
1795
1751
1616
1508
1410
1402
1265
1184
1145
1106
1008
976
915
881
834
774
784
768
662
677
626
656
571
576
528
468
500
497
454
432
426
416
385
336
384
274
336
234
240
272
204
208
10000
292
444
549
697
822
944
1101
1184
1379
1403
1609
1719
1714
1858
1856
1961
2045
2111
2182
2189
2331
2335
2377
2499
2448
2512
2544
2627
2637
2663
2723
2765
2789
2782
2773
2896
2879
2907
2811
2833
2919
2899
2961
2927
3005
2949
3046
2911
3005
3007
10000
2895
2677
2522
2416
2242
2103
1970
1863
1783
1629
1535
1535
1472
1290
1259
1218
1152
1072
1009
1048
906
912
888
819
784
779
720
740
640
604
530
584
497
528
456
480
416
416
420
416
360
353
336
298
322
236
344
272
245
278
10000
192
396
628
677
832
921
1101
1238
1306
1472
1595
1673
1751
1825
1941
2059
2086
2092
2227
2237
2293
2345
2384
2439
2471
2547
2599
2623
2559
2587
2677
2711
2719
2723
2791
2800
2802
2896
2823
2795
2955
2951
2911
2975
2982
2975
3023
2999
2995
2991
10000
2951
2727
2559
2401
2253
2143
2023
1914
1786
1653
1618
1507
1421
1265
1218
1170
1104
1045
1069
983
922
896
828
817
720
708
708
661
688
660
523
568
530
522
470
452
400
400
434
396
361
364
326
362
324
272
308
282
304
300
10000
224
432
592
656
856
926
1105
1154
1374
1453
1552
1589
1733
1783
1872
1994
2046
2087
2128
2253
2224
2298
2335
2448
2513
2559
2527
2591
2687
2695
2731
2704
2727
2859
2735
2831
2832
2901
2871
2919
2891
2911
2929
3019
2975
2951
2975
3027
3023
3025
10000
2981
2653
2471
2405
2250
2128
1913
1967
1747
1691
1629
1554
1502
1360
1322
1210
1175
1074
1034
1065
912
916
824
800
760
801
760
688
642
615
561
536
531
560
464
544
416
496
356
364
417
400
320
296
299
300
324
242
192
256
10000
262
426
546
742
786
965
1110
1186
1338
1442
1574
1680
1703
1875
1921
1999
2103
2160
2163
2229
2345
2338
2405
2417
2479
2479
2559
2619
2671
2703
2687
2717
2726
2706
2837
2832
2819
2807
2865
2909
2915
2871
2943
2974
2927
2999
2955
2989
2943
2991
10000
2951
2751
2533
2297
2191
2157
1905
1827
1744
1619
1590
1490
1337
1254
1207
1132
1137
1078
928
882
870
874
796
785
772
643
688
640
544
554
556
464
416
488
484
458
388
408
378
368
391
336
312
292
297
256
296
300
177
224
10000
240
336
576
688
896
978
1084
1263
1319
1453
1591
1649
1802
1901
1970
2007
2173
2160
2179
2365
2395
2425
2411
2531
2515
2559
2559
2683
2647
2655
2747
2759
2843
2769
2847
2845
2875
2909
2931
2933
2899
2917
2911
2991
2960
3043
2963
3071
2923
3111
10000
2907
2763
2559
2320
2150
2101
1975
1903
1754
1655
1663
1503
1385
1301
1256
1073
1085
1020
1010
880
896
871
786
738
692
685
688
640
580
589
628
504
428
530
384
500
421
432
348
282
304
348
281
256
244
316
242
244
256
192
10000
216
416
576
696
850
981
1097
1337
1410
1478
1661
1671
1760
1861
1957
2004
2160
2209
2279
2334
2352
2416
2449
2503
2448
2619
2623
2667
2704
2727
2691
2767
2735
2875
2839
2815
2875
2951
2903
2896
2897
2951
2959
2991
2975
3007
3023
3023
3135
3059
10000
2903
2751
2527
2384
2199
2128
1975
1779
1719
1714
1575
1347
1341
1321
1239
1168
1139
997
976
943
858
816
784
789
746
688
652
604
596
546
496
494
489
432
424
416
416
468
284
388
355
320
385
330
304
235
278
272
266
214
10000
284
356
564
708
868
976
1073
1180
1369
1475
1639
1668
1846
1900
1955
2022
2119
2149
2231
2303
2352
2352
2437
2483
2544
2559
2559
2595
2659
2719
2815
2783
2863
2773
2859
2885
2919
2877
2915
2927
3031
2935
3003
2954
3071
3063
2975
3051
3031
2975
10000
2834
2799
2559
2384
2224
2000
1987
1840
1777
1700
1507
1434
1395
1350
1270
1245
1109
1008
1113
850
848
918
781
752
704
709
708
630
608
532
496
585
505
476
448
416
416
385
384
356
296
314
288
272
346
240
328
248
214
224
10000
152
353
528
724
778
1056
1155
1250
1362
1494
1569
1742
1822
1897
1913
2031
2112
2205
2234
2325
2411
2395
2467
2529
2478
2640
2639
2615
2703
2643
2717
2783
2781
2847
2864
2847
2819
2893
2879
2879
2975
2991
2991
2926
2982
3018
3025
2993
3071
2999
10000
2877
2735
2589
2319
2245
2160
1934
1878
1807
1671
1472
1456
1340
1264
1189
1166
1090
1082
981
922
878
752
784
825
714
760
658
696
566
570
562
560
540
452
448
424
448
394
448
384
340
332
304
316
290
336
272
234
256
218
10000
192
376
536
686
857
974
1104
1264
1328
1437
1573
1703
1823
1863
2011
2087
2159
2219
2299
2306
2335
2455
2459
2535
2543
2559
2640
2602
2679
2707
2716
2831
2779
2833
2815
2862
2801
2895
2923
3022
2967
2915
3003
3019
3059
2975
3057
3037
3071
3089
10000
2885
2775
2459
2383
2291
2103
1963
1817
1816
1622
1582
1490
1376
1300
1155
1168
1064
1020
1028
912
917
853
787
712
672
644
644
568
612
592
521
515
481
466
464
384
400
432
376
377
405
274
322
336
288
312
256
256
240
226
10000
132
340
538
712
910
1036
1140
1232
1434
1523
1652
1734
1883
1895
1960
2089
2242
2150
2215
2402
2339
2434
2551
2507
2559
2559
2676
2677
2623
2743
2799
2835
2811
2733
2815
2869
2893
2887
2879
2910
2983
2959
2885
2955
3043
2961
2961
3039
2963
3071
10000
2967
2671
2518
2399
2267
2157
2003
1839
1691
1624
1431
1408
1344
1274
1248
1152
1002
1072
1008
874
825
769
768
720
781
686
592
644
630
673
496
528
490
474
458
403
403
410
352
308
392
320
305
260
192
217
256
361
210
288
10000
228
352
504
744
882
930
1037
1202
1333
1507
1589
1629
1777
1951
1955
2097
2099
2131
2274
2350
2367
2399
2455
2474
2543
2615
2667
2687
2655
2732
2751
2723
2815
2795
2891
2847
2847
2893
2907
2847
2943
2891
3007
2961
2983
3037
3063
3019
3045
3063
10000
2947
2673
2559
2341
2261
2075
1942
1817
1775
1597
1584
1506
1355
1263
1219
1134
1176
1040
928
984
868
848
784
806
752
720
635
576
592
592
493
608
498
484
400
440
442
384
272
397
388
353
368
280
256
242
224
320
282
192
10000
112
378
528
693
816
976
1088
1236
1401
1455
1622
1726
1789
1886
1967
2070
2107
2192
2275
2302
2409
2475
2467
2501
2557
2625
2559
2675
2691
2763
2711
2802
2770
2837
2823
2859
2897
2823
2975
2967
2893
2999
2915
2911
2993
3055
3023
3103
3021
3051
10000
2971
2783
2525
2365
2213
1967
1911
1783
1706
1664
1535
1461
1327
1284
1208
1130
1100
1005
902
925
886
823
836
740
717
698
688
595
640
546
580
545
485
460
434
426
480
432
392
384
368
377
328
337
234
304
242
260
264
208
10000
277
416
544
740
872
960
1020
1216
1377
1461
1555
1712
1850
1869
1985
2055
2151
2174
2299
2347
2427
2372
2453
2559
2559
2535
2667
2719
2746
2750
2709
2775
2811
2743
2823
2895
2846
2928
2927
2775
2875
3018
2895
3025
3021
2987
3026
3039
3043
3047
10000
2895
2753
2607
2387
2255
2128
1955
1846
1788
1646
1602
1408
1379
1344
1138
1074
1135
1002
977
908
916
892
752
835
736
706
656
682
592
594
558
576
528
472
488
368
453
432
352
352
362
306
310
280
336
304
176
240
244
185
10000
230
458
454
720
786
1069
1104
1290
1323
1498
1569
1683
1857
1905
1987
1991
2131
2165
2303
2307
2403
2423
2514
2543
2503
2677
2647
2619
2631
2767
2783
2811
2779
2802
2773
2775
2907
2911
2911
2915
2943
2943
2959
3027
3031
3025
3058
2995
3037
3071
10000
2935
2719
2515
2411
2247
2142
2032
1808
1712
1678
1557
1476
1382
1324
1224
1138
1074
972
988
904
856
828
768
816
742
720
612
688
598
556
544
590
578
517
424
432
354
386
320
354
336
364
336
320
264
304
292
226
240
236
10000
227
374
626
750
875
974
1088
1237
1364
1458
1566
1683
1810
1904
1953
1993
2159
2154
2243
2320
2367
2396
2448
2490
2545
2594
2615
2731
2687
2683
2807
2807
2871
2815
2887
2847
2851
2899
2931
2999
3005
2935
2949
2919
2973
3037
2935
3007
3093
3057
10000
2963
2767
2559
2391
2223
2160
1904
1869
1697
1715
1482
1473
1387
1269
1280
1221
1146
1032
882
973
852
812
812
760
768
704
688
649
549
548
576
505
510
473
434
384
416
405
422
336
278
260
288
315
324
233
312
210
256
220
10000
234
418
544
708
833
1040
1092
1280
1412
1524
1579
1757
1840
1939
1979
2075
2115
2175
2271
2303
2353
2390
2448
2519
2551
2559
2597
2623
2687
2735
2759
2675
2859
2831
2887
2870
2865
2833
2901
2903
2928
2895
3026
2991
2991
2995
2992
3022
3039
3003
10000
2959
2711
2559
2402
2255
2047
1967
1879
1745
1690
1511
1456
1337
1259
1221
1152
1040
976
993
944
896
862
856
844
746
682
627
601
650
588
568
554
505
496
417
450
480
362
449
324
336
336
248
288
304
320
272
256
241
309
10000
240
368
562
721
864
1008
1100
1260
1398
1535
1565
1758
1808
1873
2047
2059
2116
2191
2303
2283
2352
2427
