2459
2483
2531
2655
2631
2663
2671
2759
2726
2804
2811
2815
2846
2705
2910
2939
2975
2969
2951
2943
2927
2943
3027
2927
2979
3031
3055
3063
10000
2895
2768
2515
2393
2193
2075
2013
1936
1733
1703
1570
1489
1355
1263
1249
1062
1060
1008
870
937
869
832
824
762
720
682
720
705
545
640
576
536
533
416
464
460
384
368
368
329
314
352
326
320
256
368
232
256
216
224
10000
184
421
498
708
832
1006
1133
1221
1402
1518
1661
1657
1836
1901
2013
2083
2099
2190
2315
2337
2384
2463
2453
2480
2591
2559
2615
2677
2742
2687
2727
2775
2823
2779
2832
2812
2919
2939
2889
2923
2927
2960
2967
2955
3047
3005
3038
3015
3047
2962
10000
2895
2651
2527
2437
2213
2106
1930
1798
1725
1617
1563
1459
1434
1270
1180
1178
1110
1028
939
912
916
784
818
732
729
746
673
572
564
544
568
522
481
507
496
510
432
352
426
369
416
432
304
328
256
290
264
256
272
242
10000
210
376
528
748
880
934
1083
1254
1383
1472
1530
1738
1817
1883
1918
2022
2084
2221
2291
2321
2351
2415
2462
2525
2487
2526
2615
2667
2655
2703
2707
2791
2755
2832
2867
2877
2901
2875
2843
2871
2941
2951
2963
2943
2895
2975
3007
2979
3039
3067
10000
2928
2695
2543
2371
2253
2112
2034
1815
1734
1616
1574
1446
1370
1222
1254
1154
1089
984
1000
969
816
748
802
794
770
677
614
685
626
610
592
576
500
457
362
469
416
448
352
328
300
288
304
288
276
240
306
224
240
192
10000
172
468
536
654
842
972
1120
1237
1408
1481
1627
1698
1758
1856
1970
2099
2122
2165
2295
2318
2371
2463
2389
2513
2559
2559
2551
2647
2671
2641
2799
2845
2705
2815
2831
2839
2863
2871
2897
2907
2897
2971
2955
2895
2963
2927
2986
3013
3021
2959
10000
2864
2774
2513
2354
2147
2095
1993
1857
1775
1668
1523
1465
1309
1267
1213
1169
1028
1045
944
888
896
880
784
753
709
716
578
608
592
642
552
550
548
517
458
410
396
441
368
368
369
328
320
320
240
240
256
244
232
258
10000
224
421
481
704
806
933
1092
1229
1344
1488
1611
1747
1840
1869
1950
2056
2133
2211
2293
2254
2320
2343
2514
2448
2503
2522
2609
2631
2677
2715
2743
2804
2733
2847
2815
2826
2823
2943
2983
2928
2897
3035
2919
2998
2999
2935
2999
3029
3047
3023
10000
2851
2697
2544
2359
2199
2071
1926
1889
1743
1589
1535
1466
1380
1267
1238
1192
995
1046
960
912
897
801
860
758
716
661
629
632
613
553
560
552
496
482
464
420
388
357
345
361
328
308
309
292
224
290
272
224
256
224
10000
256
336
568
700
846
1050
1152
1233
1392
1453
1559
1671
1833
1846
1937
2044
2149
2205
2338
2353
2352
2493
2453
2545
2543
2608
2747
2639
2647
2743
2727
2747
2783
2769
2891
2896
2887
2901
2903
2926
2919
2999
2989
3029
3057
3055
3135
3175
2995
3051
10000
2923
2719
2530
2309
2287
2115
1872
1859
1744
1648
1565
1500
1307
1262
1202
1136
1039
1033
944
934
882
835
777
750
652
715
666
594
592
502
560
532
529
448
403
432
441
352
325
352
348
320
404
320
272
232
282
258
216
324
10000
236
396
576
688
864
995
1102
1296
1367
1584
1613
1618
1707
1968
1937
2012
2111
2159
2241
2305
2351
2426
2514
2559
2559
2619
2603
2695
2655
2687
2751
2800
2819
2799
2867
2910
2871
2911
2850
2879
3023
2979
2931
2941
2983
2942
3033
2959
3003
3087
10000
2943
2695
2479
2381
2147
2008
2035
1795
1709
1635
1564
1424
1288
1303
1243
1203
1083
1005
976
870
868
832
752
784
768
640
644
633
624
544
548
486
466
508
448
421
368
352
390
336
304
352
332
216
258
248
268
261
304
272
10000
260
404
576
805
768
969
1122
1231
1329
1477
1616
1707
1840
1911
2064
2032
2147
2191
2243
2319
2414
2363
2447
2483
2607
2626
2637
2597
2671
2743
2775
2706
2635
2787
2702
2800
2829
2933
2909
2935
2915
3007
3007
2942
2971
3093
2991
3071
3007
3061
10000
2907
2769
2551
2386
2229
2095
2027
1883
1746
1619
1521
1424
1296
1308
1172
1168
1165
1006
928
885
868
840
723
826
714
678
656
616
630
554
548
528
532
464
476
400
408
392
340
364
368
290
392
290
332
244
236
244
289
208
10000
240
435
596
690
833
928
1114
1267
1318
1475
1590
1712
1804
1879
1962
2033
2101
2096
2230
2281
2374
2455
2482
2497
2518
2531
2595
2591
2639
2702
2711
2807
2795
2819
2863
2831
2903
2843
2975
2963
2997
2859
2959
2967
3063
3071
2982
2959
2975
3059
10000
2939
2739
2533
2435
2173
2043
1937
1826
1742
1664
1623
1514
1321
1206
1216
992
1097
1002
988
914
913
784
800
752
780
720
720
651
582
595
532
435
521
388
386
448
452
368
280
336
368
306
288
304
276
296
266
330
240
288
10000
248
368
528
717
849
965
1040
1200
1350
1568
1664
1696
1735
1905
1914
2123
2174
2175
2206
2283
2384
2431
2410
2479
2511
2559
2705
2675
2639
2734
2782
2811
2800
2823
2861
2783
2853
2879
2879
3007
2933
2935
2832
2983
2919
2967
3019
3047
3003
3046
10000
2963
2677
2559
2341
2295
2029
1955
1878
1742
1680
1434
1460
1383
1248
1173
1170
1078
1035
993
942
816
832
800
747
706
688
646
640
668
568
521
544
496
472
418
453
378
340
368
346
334
304
326
218
284
304
297
256
224
176
10000
208
368
640
714
802
1001
1163
1296
1307
1528
1603
1728
1747
1871
1979
2083
2107
2215
2288
2289
2347
2419
2442
2449
2487
2627
2684
2615
2703
2674
2687
2727
2769
2751
2879
2815
2867
2917
2941
2847
2971
2987
2970
3007
2979
2997
3024
2993
3024
3054
10000
2935
2703
2559
2335
2239
2071
1963
1840
1765
1694
1574
1518
1424
1334
1221
1126
1068
1047
966
860
916
838
770
755
708
624
608
602
520
528
544
532
496
488
467
392
386
444
400
356
386
304
308
344
310
240
288
280
213
264
10000
240
337
496
656
848
1003
1036
1275
1421
1513
1655
1753
1838
1861
1959
2061
2111
2219
2260
2358
2355
2443
2463
2555
2519
2597
2709
2673
2735
2727
2623
2699
2737
2864
2769
2832
2833
2895
2943
2974
2855
2959
2928
2995
3011
3043
3003
3007
3005
3039
10000
2839
2719
2543
2371
2257
2062
1870
1877
1744
1680
1520
1412
1393
1303
1193
1174
1078
1010
922
824
892
888
772
781
640
685
676
662
608
610
540
498
544
468
464
470
424
400
366
432
304
353
368
336
288
240
208
226
300
257
10000
196
420
506
665
848
979
1120
1313
1282
1505
1616
1658
1757
1907
2022
2059
2183
2190
2230
2303
2326
2423
2449
2526
2483
2535
2606
2731
2675
2735
2789
2789
2759
2795
2855
2859
2839
2891
2891
2891
2903
2925
2979
3011
2990
2941
2991
3095
3007
3023
10000
2929
2727
2543
2389
2224
2118
1979
1895
1729
1620
1566
1513
1431
1288
1204
1205
1122
1072
941
896
872
854
787
848
645
678
708
585
606
576
592
490
520
560
400
448
388
428
352
357
360
368
224
346
272
272
320
266
218
336
10000
192
355
642
657
886
923
1118
1248
1344
1467
1564
1737
1769
1893
1935
2077
2133
2193
2224
2243
2365
2443
2423
2531
2497
2609
2608
2638
2625
2631
2719
2809
2807
2773
2800
2819
2851
2919
2967
2917
2954
2971
2915
2991
2911
3071
2967
3003
3023
3022
10000
2883
2669
2555
2347
2247
2155
1893
1904
1744
1642
1535
1421
1340
1317
1200
1073
1020
966
930
928
944
832
832
762
691
669
608
592
652
536
528
585
492
484
369
384
384
452
370
401
342
384
364
332
312
129
304
256
208
256
10000
180
398
516
724
880
979
1040
1335
1371
1531
1646
1746
1783
1891
1989
2090
2113
2192
2305
2303
2352
2403
2501
2459
2587
2559
2591
2679
2655
2687
2628
2747
2795
2823
2831
2895
2867
2910
2925
2896
3003
2933
2959
2941
3059
3010
3047
3022
3071
2999
10000
2957
2767
2559
2365
2237
2101
1959
1868
1722
1670
1600
1424
1402
1239
1276
1122
1114
1036
986
928
930
864
800
721
688
634
652
646
602
580
500
494
448
420
470
424
384
340
448
370
325
373
288
300
308
326
321
298
280
216
10000
200
422
570
704
882
997
1154
1267
1355
1506
1584
1746
1851
1870
1987
2081
2118
2209
2234
2321
2318
2416
2421
2512
2539
2591
2501
2654
2559
2719
2641
2789
2736
2851
2885
2871
2879
2883
2851
2875
2967
2929
2951
3011
3027
3055
2998
3071
3021
3099
10000
2967
2671
2555
2382
2202
2096
1909
1839
1782
1632
1568
1444
1419
1273
1184
1129
1072
997
944
928
904
842
810
678
737
692
704
684
601
600
529
516
530
528
516
418
401
435
400
364
400
308
432
256
312
278
248
289
276
236
10000
212
306
560
742
850
986
1130
1251
1389
1446
1588
1669
1788
1887
1990
1985
2129
2166
2238
2290
2383
2435
2479
2495
2491
2595
2639
2653
2725
2763
2727
2775
2775
2807
2857
2831
2847
2895
2863
2899
2928
2865
2943
2995
2947
2989
3135
3019
3019
3039
10000
2879
2691
2513
2352
2239
2215
2015
1814
1833
1629
1520
1473
1330
1322
1152
1143
1107
1018
880
944
908
864
817
752
752
673
653
688
553
544
532
552
488
424
504
469
384
400
408
376
320
342
328
224
258
280
280
208
232
272
10000
208
412
476
720
880
996
1101
1272
1324
1425
1612
1680
1838
1907
1917
2017
2099
2288
2241
2283
2338
2395
2527
2515
2499
2535
2608
2659
2669
2679
2714
2715
2749
2800
2831
2851
2879
2893
2890
2959
2959
2973
2999
3055
3015
3039
3019
3023
3055
3093
10000
2891
2674
2553
2403
2233
2127
1889
1708
1719
1683
1488
1470
1353
1299
1216
1168
1142
965
944
976
931
817
756
715
720
630
738
586
608
556
534
602
472
472
548
430
408
418
405
352
352
326
290
304
256
293
236
236
244
236
10000
216
400
654
742
770
948
1189
1251
1360
1462
1520
1685
1804
1818
1941
2085
2134
2189
2255
2295
2345
2411
2454
2587
2448
2559
2621
2655
2715
2711
2813
2768
2780
2771
2855
2885
2831
2893
2963
2910
2951
2911
2960
3047
2950
3067
3058
3039
3023
3059
10000
2907
2767
2534
2345
2238
2098
1923
1839
1744
1615
1521
1431
1392
1245
1201
1161
1120
1040
980
944
870
810
760
710
689
704
627
594
657
560
569
483
499
408
428
420
401
364
330
368
294
291
400
256
268
256
280
224
240
208
10000
256
386
492
634
800
956
1159
1253
1328
1490
1669
1773
1789
1830
1935
2001
2141
2192
2231
2318
2371
2448
2365
2515
2519
2559
2642
2627
2667
2693
2710
2801
2802
2759
2779
2847
2994
2899
2865
2915
2879
2999
3021
2943
3007
3043
3023
3015
3059
3023
10000
3019
2695
2557
2359
2271
2069
1947
1904
1751
1646
1567
1426
1414
1280
1207
1174
1032
1045
1040
968
849
866
794
758
752
680
679
592
600
552
538
542
436
525
460
384
448
398
453
416
348
336
336
320
288
234
256
225
181
226
10000
256
416
544
672
820
992
1136
1177
1360
1328
1574
1629
1678
1872
1895
2089
2160
2160
2229
2256
2377
2384
2495
2447
2539
2559
2607
2683
2704
2719
2767
2774
2813
2783
2795
2951
2863
2849
2891
2885
2917
2993
2967
3007
2963
3003
2971
3039
3071
2979
10000
2973
2715
2499
2335
2192
2047
1979
1811
1730
1653
1630
1475
1422
1251
1224
1197
1085
1010
1020
934
825
832
824
786
756
642
689
500
544
600
561
508
548
494
430
432
384
353
320
352
342
312
274
328
256
284
308
256
272
258
10000
192
432
552
722
854
955
1152
1214
1394
1499
1671
1731
1798
1855
1989
2064
2096
2133
2183
2307
2375
2320
2495
2470
2450
2545
2591
2691
2719
2709
2719
2738
2706
2819
2783
2885
2879
2887
2859
2959
2891
2926
2927
3017
3035
2960
2983
3039
2987
2975
10000
2895
2775
2559
2353
2221
2079
2032
1829
1731
1670
1532
1414
1364
1201
1280
1148
1020
1050
980
945
816
836
728
698
726
650
689
624
632
605
564
608
473
434
436
368
456
416
376
402
332
368
352
288
256
280
288
262
240
236
10000
256
374
560
692
826
904
1140
1244
1348
1473
1531
1642
1775
1875
1997
2043
2130
2161
2221
2205
2357
2448
2455
2431
2559
2559
2711
2655
2682
2821
2790
2727
2831
2871
2939
2943
2815
2891
2887
2927
2859
2931
2950
2959
2987
2957
3015
2975
3007
2967
10000
2967
2730
2515
2390
2166
2036
1893
1837
1723
1584
1535
1442
1387
1214
1248
1148
1006
1003
946
976
897
880
849
746
692
720
696
626
656
520
576
558
458
504
432
386
404
344
342
372
272
320
301
288
208
216
336
228
234
233
10000
276
428
612
674
882
1001
1168
1306
1437
1533
1616
1762
1762
1921
1990
2047
2161
2223
2255
2253
2353
2490
2384
2519
2643
2531
2608
2631
2679
2763
2703
2811
2811
2843
2807
2851
2901
2835
2851
2935
2891
2919
3011
2974
3019
3023
2947
3027
3015
3019
10000
2927
2606
2491
2416
2257
2112
1943
1738
1749
1643
1535
1503
1314
1271
1182
1130
1104
1040
928
928
876
846
801
752
704
720
676
634
561
621
568
504
467
532
432
393
384
400
408
390
404
302
368
304
322
244
257
236
272
256
10000
208
368
584
714
842
985
1188
1258
1331
1484
1584
1619
1755
1891
1885
1920
2125
2114
2224
2331
2330
2388
2411
2512
2547
2525
2627
2627
2715
2711
2711
2743
2791
2771
2885
2883
2897
2843
2927
2979
2939
3007
2993
3023
2911
2993
2941
3051
2947
3026
10000
2903
2771
2533
2342
2203
2067
1959
1837
1710
1596
1573
1437
1349
1317
1200
1133
1082
1072
1046
930
841
780
774
736
724
706
630
624
594
592
549
464
516
432
400
424
328
369
377
336
326
356
336
296
272
246
268
256
212
256
10000
212
416
504
743
873
941
1121
1255
1365
1503
1661
1692
1791
1893
1965
2067
2103
2237
2253
2271
2411
2379
2446
2494
2550
2546
2619
2610
2635
2675
2754
2799
2815
2801
2803
2823
2831
2895
2927
2935
2999
2961
2983
2987
2975
2979
2995
3007
3003
3067
10000
2893
2745
2583
2290
2285
2105
1969
1841
1791
1616
1520
1441
1373
1360
1213
1152
1005
1044
962
896
880
803
747
819
772
690
685
584
624
548
488
614
508
508
432
442
400
341
362
448
373
397
326
288
332
316
288
322
292
320
10000
176
435
576
724
818
992
1096
1232
1324
1535
1636
1696
1738
1813
1963
2035
2128
2198
2250
2363
2341
2388
2479
2535
2530
2559
2626
2638
2711
2703
2727
2751
2803
2815
2864
2899
2885
2867
2895
2960
2987
2955
2911
2931
2995
3005
3007
3023
3037
3043
10000
2971
2719
2541
2362
2214
2118
1991
1857
1733
1670
1523
1465
1293
1318
1241
1144
1047
988
957
972
880
880
800
786
748
669
660
664
608
597
538
544
480
488
548
412
358
338
336
324
360
336
296
256
240
258
280
336
232
236
10000
193
425
612
752
878
1001
1176
1329
1410
1443
1626
1725
1811
1926
2001
2103
2131
2181
2247
2352
2379
2447
2487
2523
2551
2559
2613
2643
2693
2741
2737
2803
2739
2815
2865
2797
2822
2871
2927
2885
2907
2947
2961
2919
2934
2963
3023
3007
3039
3131
10000
3019
2735
2557
2330
2255
2103
1943
1883
1749
1674
1572
1457
1294
1332
1200
1067
1097
1008
916
902
834
786
800
752
745
676
666
656
576
549
602
496
412
485
416
504
456
298
529
378
448
422
208
264
304
240
226
304
224
273
10000
216
416
576
698
854
986
1146
1181
1348
1469
1595
1695
1825
1917
1955
2006
2101
2215
2223
2295
2389
2350
2487
2384
2619
2591
2583
2694
2623
2719
2717
2771
2799
2763
2855
2877
2893
2899
2815
2903
2939
2959
2951
2959
2929
3007
3055
3005
3019
2992
10000
2950
2739
2511
2293
2237
2172
2015
1883
1692
1617
1552
1491
1409
1280
1137
1168
1088
1081
976
943
844
880
822
840
710
748
628
672
632
560
528
434
484
448
460
404
385
408
377
306
409
396
336
290
224
320
275
228
192
244
10000
210
330
587
726
848
1008
1129
1248
1455
1535
1605
1719
1830
1881
1989
2077
2127
2158
2286
2319
2359
2399
2383
2495
2606
2559
2655
2669
2651
2734
2783
2671
2793
2775
2773
2767
2875
2863
2895
2863
2896
2960
2971
2947
2959
2941
3035
3023
2947
3025
10000
2941
2672
2519
2410
2195
1991
1973
1879
1723
1639
1597
1360
1417
1394
1280
1155
995
1072
1008
906
940
816
832
841
768
731
794
632
633
572
620
624
534
428
516
449
468
396
384
408
416
384
304
272
290
280
304
283
290
208
10000
240
468
656
777
904
963
1094
1145
1358
1408
1531
1703
1708
1888
1943
1979
2107
2146
2173
2302
2298
2386
2533
2453
2480
2546
2637
2638
2715
2723
2672
2751
2741
2769
2897
2827
2929
2899
2885
2919
2931
2947
2895
2979
2939
3003
3007
2970
3035
3071
10000
2917
2751
2547
2370
2221
2063
1919
1855
1745
1623
1584
1456
1341
1292
1246
1184
1114
1101
930
900
940
800
788
738
736
773
650
656
582
584
537
488
528
435
421
416
392
328
352
360
384
320
308
338
295
272
268
244
257
248
10000
224
409
546
748
833
1033
1120
1290
1392
1515
1581
1679
1779
1854
2019
2110
2161
2229
2260
2346
2389
2387
2533
2531
2514
2559
2559
2683
2609
2699
2686
2734
2783
2774
2770
2875
2801
2839
2863
2846
2877
2911
2959
2959
2951
3015
2959
3091
3031
3027
10000
2928
2677
2547
2345
2195
2159
1970
1827
1750
1667
1585
1502
1349
1376
1186
1172
1114
1100
968
976
845
832
803
752
850
762
688
601
598
704
544
550
592
536
432
523
500
452
448
388
352
320
393
360
304
320
322
176
284
242
10000
208
385
608
716
880
956
1056
1200
1365
1435
1600
1735
1744
1833
1915
2102
2105
2177
2239
2243
2311
2431
2352
2423
2527
2559
2583
2645
2626
2723
2775
2775
2766
2743
2815
2811
2907
2831
2893
2919
2935
2955
2960
2875
2951
3091
2979
2967
2963
3015
10000
2890
2735
2517
2319
2274
2128
1923
1901
1763
1622
1594
1533
1457
1280
1257
1232
1117
1084
1058
948
902
852
844
807
743
761
704
628
620
594
544
517
474
472
476
456
384
368
384
456
360
324
273
321
284
210
281
256
313
256
10000
228
432
576
736
829
1005
1080
1317
1429
1445
1591
1632
1790
1895
1955
2045
2123
2161
2223
2278
2374
2342
2449
2499
2483
2534
2631
2559
2669
2643
2699
2663
2735
2831
2807
2835
2815
2869
2847
2839
2919
2971
2957
2941
2991
2993
3045
3089
2928
3051
10000
2875
2707
2491
2311
2160
2063
2011
1840
1777
1668
1535
1475
1328
1297
1344
1104
995
1046
1027
912
896
942
832
788
720
768
620
717
624
596
632
586
560
448
509
480
469
396
464
384
402
352
400
309
320
320
297
272
316
240
10000
264
432
624
712
811
990
1152
1221
1328
1454
1645
1634
1776
1840
1959
1949
2129
2186
2211
2262
2290
2352
2448
2448
2476
2493
2559
2667
2625
2685
2687
2699
2773
2807
2800
2885
2821
2859
2942
2959
2887
2861
2883
2943
2926
3045
2997
2975
3013
3029
10000
2922
2678
2502
2403
2303
2081
1889
1823
1731
1675
1588
1474
1501
1321
1280
1184
1108
1101
995
912
912
884
817
808
720
700
643
592
624
618
592
510
600
531
480
414
392
481
400
400
360
384
410
312
340
296
284
324
272
296
10000
232
416
576
726
832
976
1074
1265
1374
1414
1600
1653
1850
1857
1968
2019
2075
2125
2175
2256
2416
2379
2416
2429
2497
2557
2587
2618
2615
2634
2599
2739
2775
2794
2827
2757
2849
2847
2891
2907
2897
2845
2928
2991
2922
3007
3007
3007
2931
3047
10000
2927
2663
2559
2371
2253
2069
1958
1841
1680
1680
1611
1526
1411
1312
1234
1232
1079
1001
951
992
802
881
817
776
742
768
692
678
682
608
562
616
560
438
530
460
416
504
498
357
400
312
345
362
352
309
336
292
266
272
10000
242
392
598
746
818
949
1104
1168
1288
1459
1584
1705
1776
1845
1940
2047
2119
2199
2183
2275
2295
2415
2431
2475
2463
2559
2631
2655
2670
2767
2654
2727
2803
2827
2841
2843
2839
2866
2911
2966
2943
2933
2987
2975
3011
2983
2983
3019
2983
3047
10000
2961
2747
2543
2362
2251
2075
1949
1819
1728
1611
1523
1468
1385
1289
1190
1141
1072
1136
966
904
868
840
770
805
704
708
658
566
672
614
576
448
530
464
428
404
418
384
402
364
336
352
378
336
248
280
246
338
203
264
10000
258
337
552
768
790
970
1115
1232
1342
1456
1518
1798
1710
1857
2000
2067
2111
2230
2201
2239
2363
2446
2463
2433
2512
2527
2640
2598
2672
2687
2687
2777
2767
2770
2878
2843
2878
2929
2883
2989
2923
2999
3029
2933
2969
2903
3056
3007
3031
3089
10000
2967
2795
2559
2331
2195
2086
1902
1798
1759
1584
1510
1469
1392
1306
1242
1128
1056
1028
984
960
948
897
832
718
697
688
673
658
576
564
560
572
508
480
539
405
456
404
426
401
341
468
308
320
299
334
281
281
290
256
10000
265
397
496
698
839
909
1138
1179
1392
1552
1626
1728
1825
1840
2013
2023
2087
2192
2227
2302
2437
2419
2449
2413
2559
2667
2607
2646
2683
2674
2774
2766
2731
2735
2815
2854
2867
2895
2917
2842
2943
2935
2929
2963
2987
2949
3023
2955
2999
3027
10000
2928
2742
2539
2367
2193
2135
1973
1861
1781
1683
1610
1451
1373
1333
1146
1163
1105
1117
1014
914
896
849
786
752
704
746
651
624
608
576
576
560
468
480
460
394
412
410
370
352
368
320
320
280
240
304
204
208
246
228
10000
192
433
645
699
826
993
1050
1184
1351
1520
1605
1744
1765
1851
2031
2082
2103
2227
2239
2263
2367
2469
2497
2437
2558
2591
2558
2595
2704
2743
2739
2755
2795
2757
2850
2871
2895
2867
2883
2887
3007
2947
2941
2973
2991
3039
2997
3023
3039
3025
10000
2893
2769
2583
2305
2239
2086
1980
1863
1750
1630
1562
1417
1340
1280
1204
1152
1072
1008
1012
962
876
840
784
752
710
688
620
561
690
584
582
533
496
448
440
456
410
320
408
365
404
369
384
288
264
280
256
272
256
212
10000
152
337
521
645
878
925
1076
1211
1199
1438
1600
1689
1789
1865
2030
2063
2190
2201
2196
2277
2346
2399
2477
2535
2495
2607
2640
2559
2683
2718
2719
2795
2835
2767
2847
2899
2891
2909
2839
2987
2961
2933
2931
2960
2890
2911
3055
3071
3007
2994
10000
2922
2779
2531
2391
2226
2095
1951
1831
1780
1591
1534
1424
1320
1344
1285
1211
1090
1021
1041
992
865
804
772
780
740
752
666
604
592
564
560
500
528
486
464
440
465
400
390
362
260
352
284
296
228
268
329
306
268
242
10000
214
370
504
650
833
1000
1185
1232
1424
1578
1616
1727
1808
1983
1994
2032
2047
2165
2279
2334
2367
2439
2461
2514
2538
2595
2559
2646
2667
2661
2774
2783
2821
2832
2871
2895
2871
2847
2943
2887
3031
2886
2995
2999
2975
2950
3024
2987
3093
3039
10000
2923
2739
2527
2365
2239
2069
1956
1849
1763
1633
1514
1479
1459
1294
1182
1105
1064
1040
1008
905
906
880
776
777
704
636
640
630
585
632
533
480
544
483
480
441
409
341
362
348
353
290
360
300
322
379
316
256
226
224
10000
108
450
540
741
836
980
1078
1328
1388
1504
1629
1694
1808
1875
1909
2063
2128
2129
2239
2357
2399
2433
2459
2539
2607
2663
2611
2663
2703
2742
2730
2771
2815
2831
2879
2763
2897
2815
2885
3007
2896
2987
2963
2931
2943
2975
2975
3029
3023
3012
10000
2863
2737
2519
2381
2253
2128
1971
1840
1705
1615
1532
1435
1450
1296
1264
1169
1097
1008
973
976
877
931
864
729
691
679
752
697
624
616
604
576
508
496
464
448
482
408
332
368
320
336
332
304
265
200
288
244
208
192
10000
262
368
552
714
805
984
1152
1289
1392
1472
1623
1707
1836
1822
1989
2114
2096
2198
2239
2269
2357
2391
2491
2451
2469
2603
2654
2645
2641
2673
2699
2767
2800
2879
2783
2863
2823
2811
2855
2975
2943
3015
2971
2998
2961
2967
3047
3027
3035
3051
10000
2943
2847
2554
2334
2194
2086
1946
1834
1733
1649
1529
1363
1392
1270
1238
1168
1165
1016
1002
868
944
804
826
704
768
717
618
672
624
580
538
528
476
580
472
472
400
427
377
384
328
352
304
274
312
226
256
248
232
216
10000
272
304
560
692
812
983
1101
1168
1321
1491
1616
1671
1718
1842
2020
2038
2117
2215
2243
2315
2402
2365
2509
2487
2559
2591
2623
2637
2791
2687
2749
2686
2739
2779
2727
2897
2843
2879
2833
2919
2975
2947
2951
2992
3023
2911
3003
2963
2979
3063
10000
2919
2699
2497
2335
2251
2077
2077
1857
1744
1626
1594
1419
1412
1283
1252
1145
1083
1056
912
896
896
821
716
752
704
740
624
600
576
640
576
532
496
518
448
448
392
416
378
376
312
338
298
308
208
240
284
208
280
256
10000
168
418
539
746
868
944
1034
1226
1509
1472
1535
1744
1904
1819
1969
2032
2099
2177
2179
2255
2321
2363
2415
2547
2541
2559
2594
2677
2726
2673
2807
2767
2751
2815
2827
2823
2863
2930
2903
2923
3001
2915
2867
3047
2983
2974
3059
3061
2975
3021
10000
2973
2855
2558
2359
2234
2099
2001
1825
1710
1652
1461
1488
1365
1262
1170
1136
1089
1008
977
843
776
816
824
720
688
674
632
642
554
533
624
536
464
408
409
432
368
436
396
400
289
312
296
240
320
208
265
192
182
205
10000
240
384
522
672
821
936
1099
1244
1424
1494
1591
1648
1776
1845
1951
2032
2131
2135
2234
2355
2395
2478
2477
2559
2511
2626
2613
2558
2704
2663
2814
2755
2795
2819
2827
2887
2887
2879
2927
2911
2955
2966
2941
2991
3022
2967
3047
3056
3031
3088
10000
2935
2741
2494
2430
2271
2082
1979
1798
1762
1616
1501
1434
1345
1303
1218
1181
1040
1012
960
880
924
797
816
736
716
714
658
545
582
588
520
498
496
452
473
384
450
416
352
322
336
288
288
268
196
240
203
284
244
240
10000
208
404
597
754
964
960
1106
1189
1399
1509
1578
1722
1831
1942
1897
2086
2126
2125
2256
2290
2352
2391
2447
2587
2546
2549
2619
2671
2647
2751
2704
2751
2815
2883
2871
2853
2871
2934
2931
2883
2915
3003
3003
2930
2983
2975
2970
2989
3039
3039
10000
2939
2815
2559
2385
2242
2087
1938
1871
1755
1691
1507
1451
1360
1266
1106
1138
1106
1004
1010
891
899
814
808
690
650
548
636
597
608
633
592
528
464
449
404
384
336
396
386
360
240
352
361
322
304
312
305
216
192
240
10000
212
410
496
724
774
960
1126
1229
1387
1488
1626
1655
1795
1902
2031
2094
2111
2189
2228
2315
2333
2375
2419
2525
2535
2614
2672
2667
2640
2747
2823
2779
2783
2829
2845
2870
2927
2869
2928
2917
2887
2951
2939
2967
2971
3023
3005
3005
2958
3003
10000
2871
2703
2603
2402
2351
2149
1955
1915
1738
1680
1600
1378
1360
1280
1176
1137
1069
1014
976
896
893
896
845
801
656
706
620
652
624
610
553
496
459
490
496
428
424
377
360
310
330
280
344
314
304
240
272
210
280
280
10000
152
418
537
713
850
1008
1152
1228
1370
1473
1665
1647
1818
1891
1982
2055
2167
2235
2288
2275
2383
2431
2438
2518
2527
2557
2639
2655
2757
2636
2779
2797
2827
2791
2830
2909
2943
2887
2925
2907
3003
2943
3026
2928
3071
2979
2987
3037
3067
3155
10000
2915
2717
2511
2384
2224
2115
1971
1807
1680
1648
1502
1434
1408
1280
1130
1145
1044
1044
969
917
870
856
760
752
778
720
736
634
576
596
538
486
597
428
432
460
396
369
400
384
376
296
288
292
292
272
265
242
196
244
10000
176
449
616
640
936
960
1130
1246
1369
1462
1503
1734
1855
1903
2007
2023
2070
2151
2333
2196
2399
2407
2492
2559
2559
2599
2635
2695
2737
2769
2821
2739
2833
2815
2859
2979
2875
2943
2917
2879
2939
2911
2967
3043
3007
2991
3027
2997
3031
3051
10000
2867
2736
2559
2419
2238
2127
1990
1854
1707
1626
1558
1384
1356
1391
1216
1176
1122
996
944
928
900
800
792
782
696
547
666
617
560
576
572
464
470
480
432
429
368
372
320
400
352
336
300
240
274
286
257
263
256
212
10000
216
384
560
699
824
984
1131
1264
1367
1505
1659
1715
1840
1936
2021
2045
2117
2199
2299
2335
2338
2487
2518
2529
2551
2623
2559
2725
2663
2767
2718
2815
2834
2875
2867
2854
2967
2979
2959
2965
2898
2941
2943
3014
2899
3031
3059
3071
3043
3047
10000
2923
2698
2507
2407
2247
2095
1969
1766
1719
1671
1566
1476
1340
1270
1168
1121
1187
1028
965
1002
850
850
818
720
740
759
630
622
577
576
619
496
496
534
402
485
426
441
368
400
384
352
332
304
304
256
256
204
184
212
10000
224
389
517
713
849
966
1108
1211
1360
1534
1618
1740
1767
1915
2015
2091
2186
2230
2235
2288
2391
2447
2463
2527
2531
2591
2739
2703
2707
2671
2802
2727
2775
2837
2841
2838
2863
2827
2895
2933
2959
2887
2951
2927
3010
2931
3007
2955
3151
3015
10000
2994
2803
2551
2431
2199
2119
1949
1869
1823
1684
1529
1460
1378
1360
1177
1158
1074
1046
926
906
888
802
768
722
780
640
676
673
650
544
548
596
528
452
474
448
384
370
432
377
394
232
280
260
358
192
240
288
213
228
10000
208
384
561
704
848
1040
1162
1308
1457
1475
1597
1792
1879
1867
2015
2029
2143
2290
2303
2327
2373
2421
2513
2479
2589
2635
2640
2667
2655
2791
2831
2731
2811
2773
2859
2871
2859
2925
2895
2879
2975
2923
3019
3027
3103
3067
3039
3120
3091
3138
10000
2967
2691
2603
2398
2151
2103
1950
1930
1712
1620
1552
1467
1358
1296
1194
1156
1072
1045
972
873
878
753
816
721
756
709
704
630
640
563
598
435
556
480
434
484
448
375
401
352
308
368
298
326
240
320
274
272
289
208
10000
192
424
568
652
880
996
1104
1273
1394
1466
1707
1714
1809
1936
2023
2039
2137
2156
2250
2370
2423
2423
2455
2510
2635
2659
2611
2665
2640
2725
2770
2733
2786
2837
2829
2979
2799
2875
2950
3023
2959
2987
2951
3006
3003
2943
2955
3015
3023
3111
10000
2961
2811
2559
2397
2195
2198
2002
1840
1819
1638
1559
1456
1419
1241
1180
1152
1138
1043
938
928
928
776
794
661
697
704
617
704
608
540
584
518
490
488
475
400
450
374
341
368
288
366
257
320
336
260
304
240
196
208
10000
193
368
576
733
880
1004
1122
1281
1392
1535
1616
1723
1766
1978
1975
2064
2172
2211
2271
2303
2362
2381
2455
2489
2589
2615
2675
2645
2719
2727
2769
2795
2877
2839
2843
2927
2907
2927
2865
2999
2927
2943
2928
2931
3007
3071
3003
3063
3103
3051
10000
2959
2855
2449
2361
2219
2064
1983
1844
1729
1631
1594
1460
1342
1293
1210
1132
1074
1058
896
888
860
896
789
753
730
683
783
586
565
569
554
554
504
464
459
370
388
480
393
368
372
290
308
258
268
306
194
208
192
184
10000
208
448
544
788
858
1005
1098
1232
1422
1445
1567
1762
1821
1853
1927
2031
2159
2214
2260
2325
2387
2495
2411
2540
2559
2651
2671
2559
2695
2714
2754
2781
2735
2863
2815
2879
2925
2902
2931
2983
2891
2929
2951
2943
2971
2959
3034
3117
3071
3019
10000
2941
2711
2559
2351
2257
2109
1997
1886
1695
1665
1616
1466
1365
1316
1223
1236
1100
940
1008
935
864
849
716
750
715
713
684
497
576
608
554
528
508
432
448
433
416
368
368
336
362
276
336
306
289
234
266
340
226
268
10000
162
400
592
754
821
1049
1153
1317
1414
1529
1624
1728
1798
1899
1985
2058
2167
2251
2269
2407
2338
2421
2299
2503
2587
2615
2658
2645
2645
2755
2736
2739
2811
2801
2864
2925
2935
2931
2959
2999
2971
2943
2979
2997
2919
3055
2992
2991
3063
3055
10000
2891
2749
2591
2382
2288
2084
1991
1875
1756
1671
1525
1434
1383
1262
1236
1131
1141
1044
945
960
810
843
784
749
720
730
674
624
592
576
497
504
522
463
500
405
386
400
376
384
332
326
346
304
288
284
240
240
258
313
10000
209
376
594
717
793
1017
1153
1232
1394
1488
1557
1680
1854
1884
1986
2099
2141
2223
2243
2293
2319
2407
2535
2531
2606
2559
2667
2683
2687
2743
2755
2747
2801
2763
2855
2839
2842
2939
2899
3107
2999
2959
2963
2961
2961
2975
2910
3007
3063
3039
10000
2907
2707
2503
2479
2246
2047
2003
1903
1751
1657
1533
1458
1422
1326
1199
1181
1066
1037
976
914
880
824
848
706
705
652
632
593
576
563
489
564
504
448
533
452
490
384
324
320
384
298
274
248
336
280
264
242
256
280
10000
204
408
496
656
896
981
1088
1250
1434
1493
1595
1759
1844
1901
2003
2143
2106
2209
2247
2331
2267
2355
2483
2465
2559
2609
2559
2640
2738
2715
2727
2765
2767
2799
2835
2923
2899
2941
2928
2943
2919
3057
2974
2963
2943
2962
3051
2994
3143
3025
10000
3051
2797
2513
2407
2261
2096
1919
1855
1678
1616
1525
1394
1408
1278
1239
1129
1104
1030
960
860
885
823
725
732
720
640
584
656
624
596
544
570
482
476
448
462
368
416
400
320
372
368
320
290
288
276
272
232
256
210
10000
192
400
528
768
874
904
1165
1323
1290
1500
1619
1694
1809
1884
2004
2095
2149
2171
2287
2271
2379
2447
2448
2559
2487
2530
2633
2723
2622
2695
2771
2731
2863
2839
2821
2795
2853
2911
2887
2871
2935
2925
2935
2935
2939
2962
2967
2963
3019
3039
10000
2927
2745
2449
2359
2243
2082
1966
1855
1803
1563
1535
1388
1372
1217
1193
1113
1109
1040
880
930
821
877
832
781
688
632
613
651
608
563
534
480
530
356
472
420
392
328
376
336
312
304
240
282
320
260
208
160
280
236
10000
128
435
564
662
811
1056
1057
1310
1495
1494
1600
1680
1781
1866
2007
2023
2121
2215
2303
2330
2335
2441
2431
2525
2445
2559
2628
2655
2723
2715
2781
2767
2801
2821
2863
2799
2943
2973
2959
2943
2971
2929
2961
2958
3030
3031
3039
3035
3053
3067
10000
2886
2773
2543
2373
2222
2131
1945
1859
1733
1621
1583
1419
1350
1293
1156
1136
1078
1001
914
947
870
848
811
832
656
698
698
608
601
608
554
490
544
480
436
458
360
384
388
320
304
370
304
288
272
288
240
224
244
209
10000
272
394
589
644
846
1009
1068
1275
1424
1535
1535
1671
1830
1862
2019
2096
2158
2167
2334
2325
2326
2421
2467
2491
2503
2671
2653
2667
2725
2775
2767
2907
2771
2735
2847
2927
2919
2859
2863
2927
2947
2901
2947
2998
3007
3023
3047
3142
3101
3069
10000
2911
2737
2483
2415
2251
2159
1979
1819
1778
1583
1520
1437
1335
1249
1182
1109
1008
994
1032
878
832
800
763
752
705
688
730
616
584
560
514
584
509
450
560
398
400
304
280
394
332
313
336
322
272
266
240
248
256
282
10000
208
400
490
732
817
960
1050
1194
1360
1535
1535
1682
1793
1889
1934
2039
2095
2210
2287
2335
2451
2459
2503
2512
2555
2531
2663
2640
2663
2699
2704
2793
2801
2835
2865
2799
2896
2935
2929
2864
2983
2957
2993
2959
3014
3023
2987
3007
3099
3024
10000
2903
2733
2533
2378
2239
2183
1971
1903
1744
1644
1569
1454
1322
1194
1152
1104
1056
1038
968
900
786
854
768
896
729
696
731
592
586
554
520
472
465
468
612
448
384
368
450
354
400
360
280
320
294
344
228
296
216
266
10000
236
421
474
754
797
912
1076
1245
1410
1535
1661
1654
1823
1904
1950
2096
2136
2138
2258
2243
2431
2435
2463
2555
2527
2546
2631
2699
2727
2768
2781
2767
2801
2847
2799
2903
2955
2885
2891
2943
3003
2989
2990
3043
2983
3045
3119
3055
3039
3095
10000
2915
2775
2615
2371
2207
2115
1951
1863
1749
1616
1579
1440
1472
1281
1232
1126
1038
1080
992
928
912
848
720
742
710
673
676
630
610
587
502
490
521
520
416
402
386
376
368
332
336
298
272
336
288
306
304
288
224
212
10000
172
368
476
678
832
960
1063
1219
1345
1552
1666
1744
1802
1963
2078
2112
2162
2257
2322
2320
2267
2397
2416
2511
2513
2591
2559
2671
2705
2674
2731
2739
2771
2896
2851
2911
2925
2929
2938
2927
3007
2895
3015
3039
3027
2999
3039
3053
3090
3107
10000
2960
2759
2523
2427
2194
2106
1964
1894
1775
1648
1535
1402
1379
1264
1246
1102
1060
1033
977
972
886
816
704
777
736
704
640
576
592
624
520
484
582
426
448
456
328
384
402
322
404
313
376
326
288
256
208
186
257
240
10000
176
432
580
720
814
1034
1072
1230
1393
1554
1600
1726
1863
1901
1997
2083
2122
2183
2338
2291
2387
2416
2479
2503
2559
2615
2719
2640
2699
2747
2768
2799
2833
2863
2879
2803
2870
2859
3028
2927
2999
2941
2973
2975
3015
3015
3067
3063
2967
3053
10000
2943
2751
2595
2353
2195
2114
1957
1841
1735
1610
1563
1478
1364
1223
1233
1132
1054
1065
976
926
889
802
832
808
757
723
700
593
629
560
538
548
448
499
484
394
410
404
400
344
352
336
272
260
300
241
278
244
304
214
10000
200
416
586
704
877
1072
1148
1243
1385
1530
1600
1699
1866
1937
2014
2047
2159
2223
2307
2346
2387
2439
2471
2513
2541
2627
2593
2671
2731
2783
2739
2835
2715
2799
2863
2878
2939
2865
2896
3007
2927
3015
2959
3014
3031
3014
2987
3027
3127
2975
10000
2967
2667
2475
2417
2235
2089
1977
1925
1750
1670
1488
1414
1373
1316
1224
1132
1106
992
989
915
888
768
830
794
710
752
625
633
568
595
566
562
470
426
488
356
428
436
378
352
293
398
304
304
298
224
320
336
280
212
10000
160
400
532
706
848
996
1156
1282
1413
1502
1674
1713
1827
1907
2042
2013
2032
2185
2279
2277
2387
2411
2527
2559
2527
2672
2607
2610
2675
2691
2838
2851
2783
2795
2847
2847
2865
2915
2909
2911
2974
2989
3023
2983
2951
2903
3021
3071
3047
3059
10000
2902
2747
2602
2318
2282
2126
2013
1808
1667
1664
1595
1445
1406
1245
1146
1158
1112
928
1032
896
872
760
792
770
652
641
668
656
608
528
562
480
426
464
476
476
400
400
352
384
368
329
264
280
256
272
241
282
212
192
10000
240
372
556
672
947
1008
1152
1314
1389
1521
1598
1718
1899
1850
1927
2063
2141
2228
2297
2327
2419
2403
2497
2526
2559
2673
2641
2662
2722
2670
2702
2799
2795
2903
2871
2893
2911
2939
3015
2834
2935
2959
2974
3024
3067
2975
2903
3051
3039
2967
10000
2903
2783
2527
2409
2253
2109
1932
1831
1691
1588
1561
1466
1399
1242
1072
1195
1098
1053
928
920
820
832
774
818
720
682
640
648
648
560
554
530
469
525
496
432
432
368
400
368
384
360
208
272
262
288
240
208
242
256
10000
226
352
546
752
844
973
1044
1292
1392
1520
1582
1771
1779
1827
2008
2045
2151
2143
2314
2267
2383
2443
2446
2498
2535
2559
2687
2627
2667
2662
2799
2735
2803
2775
2821
2839
2906
2943
2894
2935
2955
3023
3142
3003
3039
2919
3019
3115
3053
3103
10000
2909
2723
2539
2367
2256
2092
1938
1825
1700
1584
1574
1445
1374
1292
1250
1134
1069
1017
1009
928
906
768
769
744
688
624
632
629
576
533
528
504
522
450
456
400
352
320
288
304
340
356
274
312
290
256
296
192
233
256
10000
176
384
592
686
890
1005
1104
1264
1313
1508
1600
1713
1867
1899
2022
2117
2172
2177
2301
2321
2348
2462
2455
2535
2541
2707
2559
2667
2672
2751
2731
2719
2791
2806
2831
2865
2927
2903
2923
2907
2935
2921
2821
2955
3047
3013
3043
3043
3054
3071
10000
2915
2711
2557
2379
2187
2096
2002
1869
1787
1638
1492
1481
1339
1296
1201
1152
1118
1044
944
936
880
827
800
752
786
689
641
684
608
496
528
472
520
484
442
433
432
368
459
324
378
304
240
336
307
342
256
236
240
196
10000
192
408
578
709
849
944
1082
1300
1297
1465
1639
1726
1808
1874
1923
2071
2186
2165
2301
2331
2403
2495
2419
2559
2559
2559
2677
2613
2727
2811
2815
2832
2795
2773
2863
2929
2887
2851
2919
2903
2967
2991
2927
2903
2999
2983
3055
3061
3039
3047
10000
2927
2759
2531
2411
2235
2151
1949
1837
1786
1626
1535
1434
1314
1315
1152
1152
1136
1013
902
825
876
832
817
768
706
784
708
608
560
544
540
466
496
468
480
434
338
372
416
396
354
320
288
281
330
235
288
274
220
212
10000
220
384
571
716
866
1017
1200
1242
1398
1499
1558
1743
1856
1921
2029
2067
2095
2182
2251
2289
2379
2301
2527
2559
2559
2623
2655
2619
2640
2729
2775
2807
2815
2865
2879
2897
2878
2865
2897
2955
2899
3047
3007
2999
2973
2997
3039
2999
3099
3151
10000
2934
2822
2531
2434
2217
2095
1947
1811
1767
1641
1590
1434
1424
1280
1218
1166
1048
986
987
944
885
897
818
800
729
640
660
632
624
648
550
496
484
468
448
496
464
363
432
320
288
256
288
292
274
241
288
288
260
176
10000
208
378
620
682
826
986
1088
1280
1381
1489
1518
1689
1791
1855
2001
2113
2155
2199
2215
2275
2410
2347
2401
2479
2602
2605
2642
2659
2654
2704
2733
2800
2775
2785
2897
2811
2847
2879
2895
2863
2966
2931
2960
2983
3023
2999
3007
3122
3023
3159
10000
2957
2751
2583
2415
2203
2113
1989
1853
1708
1610
1558
1380
1378
1302
1168
1152
1088
1008
936
944
880
815
754
693
750
688
613
634
554
576
502
464
420
368
400
376
432
304
386
336
354
312
300
300
292
224
368
214
306
194
10000
194
384
621
656
901
918
1109
1270
1322
1535
1628
1699
1781
1903
1950
1968
2109
2227
2290
2358
2367
2412
2501
2439
2509
2559
2687
2623
2667
2791
2590
2815
2801
2843
2837
2934
2898
2839
2883
2921
2967
3007
2929
2974
2957
3063
3019
3071
3007
3142
10000
2915
2740
2587
2447
2202
2112
1921
1808
1712
1617
1520
1426
1397
1283
1171
1152
1056
966
947
908
865
848
796
770
704
644
534
672
660
563
560
508
480
504
441
492
432
384
442
369
408
300
320
304
232
304
100
304
202
240
10000
112
433
720
656
885
933
1113
1282
1451
1568
1571
1714
1825
1903
1969
2149
2214
2185
2241
2335
2369
2469
2469
2500
2537
2599
2631
2711
2735
2759
2759
2831
2829
2799
2881
2883
2931
2866
2955
2959
3021
2943
2971
2995
2983
3057
3055
3007
3135
3047
10000
2991
2759
2519
2422
2219
2112
1998
1870
1780
1648
1535
1430
1408
1345
1274
1200
1088
1021
1021
922
890
816
860
730
720
737
660
608
624
626
498
490
498
476
458
465
432
372
369
360
384
325
353
358
256
281
258
232
300
261
10000
217
432
544
656
866
969
1153
1264
1395
1514
1610
1680
1783
1929
2015
2097
2165
2192
2303
2230
2351
2397
2337
2551
2512
2611
2623
2653
2647
2707
2743
2768
2834
2790
2839
2859
2867
2915
2927
2975
3011
2995
3015
2986
3059
3061
3007
3067
3047
3115
10000
2941
2751
2543
2349
2246
2079
1936
1834
1744
1611
1499
1420
1321
1240
1202
1011
1052
964
951
897
861
835
772
754
744
672
624
624
566
572
532
502
524
464
453
432
340
416
320
396
296
410
282
322
228
192
182
352
217
184
10000
144
368
544
656
832
926
1104
1277
1355
1517
1505
1744
1799
1856
1973
2043
2128
2174
2304
2352
2399
2445
2455
2523
2603
2559
2645
2667
2669
2687
2743
2830
2761
2863
2800
2847
2951
2929
2927
2959
2915
2919
2961
2969
3015
3031
3025
2997
3071
2991
10000
2935
2751
2559
2362
2199
2087
2043
1921
1698
1626
1515
1430
1377
1328
1232
1168
1096
980
1040
930
864
856
786
738
746
688
609
580
610
544
496
528
465
465
400
404
352
452
373
325
300
368
368
290
284
240
300
272
212
228
10000
209
364
592
698
856
1039
1106
1216
1328
1535
1600
1719
1857
1919
1951
2065
2171
2251
2246
2429
2390
2426
2470
2544
2541
2593
2547
2675
2711
2743
2749
2777
2837
2911
2879
2815
2879
2879
2919
2975
3007
3057
2951
3021
2975
3031
3055
3031
3087
3143
10000
2975
2751
2607
2359
2192
2095
1997
1802
1724
1595
1579
1504
1330
1242
1195
1109
1093
947
926
968
878
868
780
722
657
681
688
640
560
560
528
452
528
480
448
482
418
418
416
404
344
302
294
304
244
282
304
208
244
192
10000
208
435
528
764
843
924
1104
1233
1356
1431
1619
1705
1840
1861
1966
2071
2191
2210
2319
2339
2309
2480
2487
2543
2541
2613
2559
2672
2687
2759
2767
2725
2783
2821
2895
2837
2885
2957
2907
2917
3007
2959
2959
2999
2967
2971
3071
3058
3088
3051
10000
2959
2711
2559
2411
2198
2128
1979
1859
1712
1651
1493
1456
1386
1388
1187
1200
1098
1057
901
914
875
818
756
724
676
681
739
625
613
600
496
464
417
424
484
400
400
395
388
326
352
272
312
261
304
256
306
256
240
260
10000
176
438
592
727
840
1005
1124
1304
1398
1494
1680
1778
1822
1919
2021
2043
2106
2281
2259
2331
2416
2467
2477
2479
2531
2479
2671
2599
2699
2669
2679
2829
2751
2832
2837
2885
2875
2933
2887
2879
2907
2959
3019
3054
3043
2987
3047
3043
3115
3011
10000
2903
2719
2597
2333
2239
2082
2047
1872
1680
1618
1601
1439
1380
1360
1184
1136
1072
973
928
913
896
868
749
744
736
656
618
576
544
544
557
484
492
448
470
410
401
384
372
306
336
356
336
312
296
320
272
232
208
212
10000
186
378
551
665
728
944
1158
1232
1323
1512
1598
1705
1827
1926
1952
2057
2127
2181
2198
2351
2384
2437
2469
2559
2513
2613
2640
2683
2663
2743
2805
2783
2863
2839
2861
2895
2860
2887
2883
2881
2963
2981
3023
3055
2959
2983
2999
2987
3120
3027
10000
2925
2737
2515
2363
2243
2077
2006
1870
1801
1606
1584
1464
1388
1300
1265
1168
1100
986
976
946
922
880
768
752
746
640
658
628
608
563
472
524
490
532
428
432
408
408
384
368
336
301
296
304
268
336
232
272
240
288
10000
245
388
538
730
865
977
1116
1264
1362
1561
1575
1739
1855
1897
1890
2099
2145
2176
2247
2315
2320
2453
2437
2507
2605
2599
2705
2699
2751
2733
2822
2791
2827
2851
2835
2839
2843
2973
2943
2877
2975
3067
3017
2987
3047
3023
3021
3035
3007
3093
10000
2983
2763
2609
2366
2224
2130
2000
1854
1725
1727
1529
1424
1360
1274
1195
1126
1134
1050
912
882
864
810
816
793
708
704
640
656
645
610
536
576
464
528
472
474
400
440
393
356
370
352
372
266
244
288
256
329
276
212
10000
232
370
494
736
928
998
1088
1265
1344
1457
1579
1671
1671
1938
2000
2035
2102
2203
2285
2315
2375
2429
2487
2531
2501
2559
2615
2672
2643
2683
2743
2715
2823
2799
2811
2875
2859
2867
2995
2951
2911
2911
3014
2989
3007
3030
3051
3007
2943
3110
10000
2866
2741
2598
2431
2223
2112
1954
1856
1786
1648
1634
1469
1390
1335
1220
1200
1105
1022
978
942
912
876
768
752
736
672
656
576
645
596
528
529
458
470
464
506
386
450
320
384
314
288
264
328
242
320
264
336
211
196
10000
264
392
538
708
882
944
1120
1284
1405
1483
1674
1714
1787
1904
2018
2096
2098
2241
2269
2302
2421
2391
2411
2503
2608
2559
2655
2695
2719
2751
2715
2783
2857
2915
2827
2893
2943
2967
2949
3007
2998
2963
2963
3023
3097
3103
3095
3003
3119
3127
10000
2975
2711
2627
2389
2254
2147
1942
1922
1682
1647
1561
1473
1376
1250
1220
1209
1040
1010
966
985
865
784
826
768
864
672
600
640
690
597
692
504
568
448
496
464
432
470
433
402
368
395
320
304
291
268
320
256
256
224
10000
240
409
593
704
842
980
1030
1296
1385
1487
1622
1754
1808
1899
1982
2073
2112
2285
2224
2341
2384
2455
2523
2523
2559
2607
2659
2719
2714
2800
2782
2800
2833
2799
2863
2877
2896
2965
2886
2957
2985
2994
3011
2960
2998
3054
2950
2983
2983
3051
10000
2879
2815
2539
2352
2209
2103
1974
1886
1808
1607
1488
1392
1494
1324
1213
1189
1115
1088
983
968
873
866
760
752
732
705
696
592
660
616
565
516
510
496
456
464
376
430
422
336
384
336
306
346
290
264
236
282
240
154
10000
192
416
612
678
862
1017
1148
1220
1304
1573
1680
1693
1886
1937
1957
2035
2183
2219
2266
2398
2473
2478
2479
2490
2559
2595
2691
2655
2659
2731
2687
2807
2807
2906
2833
2875
2923
2975
2895
2927
2963
2975
2959
2871
3028
3061
3055
3029
3062
3067
10000
2919
2722
2539
2311
2173
2038
1975
1789
1654
1581
1515
1447
1368
1238
1168
1141
1026
1051
891
854
829
822
785
784
676
660
631
685
576
544
450
538
473
476
476
428
416
410
400
384
400
384
322
332
297
297
193
256
256
225
10000
144
348
538
720
784
988
1064
1219
1308
1428
1621
1649
1821
1879
1930
2034
2078
2170
2235
2351
2359
2387
2491
2515
2535
2509
2679
2622
2587
2642
2682
2768
2795
2831
2867
2847
2847
2865
2875
2867
2911
2893
2939
2999
2943
3014
2993
2999
3059
3015
10000
2895
2743
2559
2363
2211
2075
1925
1808
1699
1578
1526
1373
1312
1246
1170
1118
1088
1062
1008
928
820
773
758
721
681
660
618
558
577
560
521
450
452
418
408
448
432
384
340
337
338
336
304
276
256
240
236
202
193
236
10000
176
384
448
689
818
1006
1069
1205
1397
1441
1600
1655
1810
1862
1963
2064
2079
2202
2239
2224
2311
2416
2486
2498
2559
2511
2640
2628
2719
2736
2743
2703
2715
2847
2823
2813
2897
2909
2855
2907
2919
2959
2939
3015
2987
3015
3035
3015
3111
2975
10000
2915
2683
2559
2415
2257
2034
1973
1843
1740
1560
1522
1372
1326
1339
1236
1088
1030
974
888
885
754
910
836
714
678
686
545
592
547
532
594
461
448
448
384
448
442
342
416
341
280
352
310
312
266
308
224
236
256
284
10000
184
352
508
681
916
944
1057
1205
1387
1472
1602
1657
1818
1889
1951
2093
2123
2225
2227
2395
2384
2439
2467
2470
2559
2621
2499
2737
2702
2731
2727
2787
2811
2769
2898
2847
2879
2906
2947
2943
2951
2951
2962
2919
3039
3031
3039
3119
3071
3088
10000
3003
2737
2526
2415
2267
2166
2017
1902
1761
1620
1585
1488
1401
1293
1184
1123
1104
1069
1013
960
867
832
900
762
768
684
686
588
629
650
528
481
483
448
432
480
460
336
412
408
337
384
324
337
288
340
261
258
272
264
10000
202
342
528
756
861
1083
1165
1307
1405
1501
1616
1761
1838
1919
1977
2096
2204
2307
2285
2358
2465
2406
2453
2555
2514
2613
2663
2639
2731
2797
2743
2807
2831
2857
2843
2815
2963
2905
2927
2979
3071
3007
3007
3021
3025
3063
3034
2960
3071
3091
10000
2959
2770
2527
2435
2277
2145
1949
1910
1751
1752
1632
1475
1379
1307
1268
1161
1104
956
1060
936
817
821
854
827
772
720
689
648
640
584
608
605
501
465
532
496
398
408
402
410
336
570
296
216
240
324
246
236
216
224
10000
256
377
590
724
856
984
1092
1280
1364
1535
1615
1666
1886
1922
2068
2109
2141
2201
2242
2341
2402
2487
2497
2475
2533
2631
2659
2639
2685
2695
2723
2833
2791
2895
2895
2897
2895
2983
2955
2981
2939
2917
3121
3021
3039
2991
3063
3059
3071
3117
10000
3051
2750
2559
2411
2307
2128
1991
1872
1767
1670
1535
1456
1433
1385
1321
1184
1121
1021
913
952
880
976
846
796
784
720
732
698
650
618
640
508
560
500
456
440
373
448
412
396
428
352
320
266
280
336
281
348
224
240
10000
268
482
589
788
896
1062
1166
1266
1464
1518
1725
1790
1888
1961
2033
2128
2192
2224
2357
2363
2378
2459
2511
2538
2587
2559
2659
2705
2735
2774
2849
2815
2851
2864
2895
2911
2887
2927
2991
3002
2939
2983
3007
3011
3087
3071
3031
3035
3147
3130
10000
2943
2754
2586
2405
2265
2111
1922
1862
1761
1614
1535
1513
1383
1328
1244
1152
1111
962
974
896
880
922
794
752
744
720
666
602
647
658
582
496
505
565
474
448
437
388
372
340
416
356
298
336
306
274
272
320
282
256
10000
280
400
586
688
857
1053
1153
1269
1415
1566
1648
1710
1890
1906
2005
2113
2162
2175
2256
2343
2454
2457
2498
2587
2559
2551
2641
2733
2705
2735
2826
2787
2795
2807
2887
2887
2915
2897
2891
2975
3047
2991
2937
2975
2999
2971
3056
2916
3087
3039
10000
3015
2719
2559
2365
2298
2117
1934
1803
1720
1632
1568
1368
1385
1344
1210
1107
1142
1065
960
870
896
826
736
714
708
676
625
656
594
616
550
553
480
516
448
428
346
366
380
386
377
292
228
272
294
208
240
300
234
282
10000
166
388
592
736
900
967
1105
1313
1314
1510
1652
1684
1797
1907
2007
2033
2097
2291
2281
2347
2371
2422
2415
2559
2526
2595
2611
2679
2751
2723
2737
2838
2843
2855
2864
2855
2855
2915
2950
2987
2879
2927
3071
2955
3019
2935
3007
3107
3047
3055
10000
2989
2687
2544
2415
2219
2087
1987
1893
1802
1664
1533
1418
1396
1312
1280
1088
1116
1072
888
944
913
757
732
760
692
648
664
640
624
647
576
496
496
450
433
428
370
412
321
361
336
328
332
306
308
256
282
210
216
176
10000
172
434
576
664
889
961
1128
1177
1392
1504
1573
1655
1746
1905
1987
2075
2177
2237
2291
2361
2415
2435
2481
2463
2559
2639
2625
2699
2711
2739
2775
2766
2800
2805
2799
2807
2879
2903
2891
2883
2929
2999
3005
2947
3007
3055
3015
2914
3071
3111
10000
2975
2751
2585
2486
2192
2128
2031
1850
1795
1586
1460
1424
1411
1326
1280
1186
1086
936
988
1013
914
884
758
770
704
721
658
566
552
608
556
560
490
496
448
388
472
368
370
272
320
336
338
244
306
241
304
240
272
192
10000
218
386
561
688
848
946
1045
1224
1414
1477
1646
1712
1795
1907
2001
2035
2187
2122
2243
2311
2359
2431
2463
2523
2499
2591
2599
2695
2643
2735
2755
2790
2833
2823
2846
2863
2775
2897
2938
2931
2935
2941
2991
3071
3045
2943
2990
3023
3063
3153
10000
2965
2775
2526
2391
2237
2149
1968
1872
1743
1613
1558
1428
1308
1290
1188
1129
1083
1036
901
917
912
866
780
746
764
751
714
656
614
579
576
576
496
448
460
466
464
355
385
384
352
344
368
258
256
264
220
228
284
240
10000
192
370
589
736
690
1030
1110
1212
1457
1535
1650
1731
1827
1891
2006
2034
2167
2207
2263
2317
2385
2445
2507
2559
2559
2623
