2309
2452
2475
2551
2597
2687
2671
2725
2717
2807
2815
2855
2725
2951
2896
2931
2867
2927
2887
2979
3025
2983
2975
3007
3103
3111
3051
3157
3055
3151
3163
3151
3143
3167
3231
3235
3223
3247
3237
3255
3245
3199
3295
3219
3295
3231
10000
1754
1724
1436
1197
1120
1075
916
836
837
784
741
730
656
688
608
614
592
569
528
538
488
410
452
416
425
396
429
395
308
401
336
336
336
342
352
336
304
288
272
272
202
260
234
200
248
240
208
212
232
336
10000
112
1239
1871
2099
2243
2357
2519
2559
2559
2623
2719
2687
2749
2783
2823
2863
2903
2867
2887
2943
2981
2987
2965
3007
3043
3063
3045
3071
3115
3013
3139
3067
3123
3093
3141
3119
3174
3211
3167
3135
3178
3215
3249
3231
3245
3215
3251
3179
3294
3291
10000
1835
1733
1447
1212
1111
1044
944
857
789
769
722
680
699
644
640
624
620
576
528
544
400
466
492
397
400
464
378
428
358
384
368
306
304
306
328
274
308
272
282
216
288
274
296
228
216
240
192
196
210
192
10000
104
1240
1811
2082
2237
2427
2469
2559
2591
2659
2705
2710
2799
2791
2839
2895
2897
2943
2847
2919
2979
2943
2966
2957
3031
3071
3107
3071
3119
3071
3123
3115
3135
3135
3062
3067
3157
3199
3199
3167
3205
3155
3191
3263
3221
3231
3343
3199
3271
3239
10000
1835
1792
1434
1179
1122
983
933
892
921
752
720
672
668
688
640
602
604
580
592
544
486
448
448
464
432
448
356
432
378
352
320
320
384
378
312
276
282
260
256
284
320
256
249
242
256
234
216
256
204
200
10000
138
1264
1830
1875
2273
2421
2480
2513
2591
2653
2672
2751
2795
2687
2815
2863
2839
2847
2891
2967
2933
2975
2989
3025
2903
3013
3039
2959
3121
3102
3135
3088
3103
3119
3135
3183
3179
3109
3135
3185
3183
3183
3199
3294
3189
3255
3173
3303
3286
3263
10000
1797
1759
1442
1252
1072
1026
917
992
806
798
800
726
658
716
630
624
614
528
540
508
466
528
444
448
420
416
443
364
368
374
345
325
354
336
272
268
256
256
256
232
306
292
245
272
208
240
179
226
256
208
10000
131
1243
1762
2091
2256
2367
2466
2531
2661
2623
2730
2677
2751
2800
2811
2823
2879
2847
2943
2959
2989
2993
2971
3047
2983
3019
3107
3055
3071
3151
3121
3153
3115
3141
3151
3155
3195
3171
3123
3247
3211
3235
3267
3199
3239
3215
3195
3237
3279
3255
10000
1754
1803
1413
1189
1097
954
932
856
833
833
688
672
645
740
642
528
588
523
580
528
492
448
432
490
452
448
384
421
384
384
325
280
308
292
288
304
336
288
280
301
234
256
320
192
204
220
212
176
232
208
10000
160
1178
1843
2109
2271
2384
2439
2515
2639
2679
2667
2679
2741
2790
2843
2870
2910
2927
2898
2917
2909
2962
2957
2955
3007
3031
3053
3019
3059
3115
3153
3058
3135
3109
3153
3131
3167
3247
3143
3222
3179
3199
3255
3175
3275
3263
3281
3259
3231
3291
10000
1849
1787
1455
1226
1072
994
900
938
816
813
746
739
685
688
656
596
560
592
529
508
496
464
484
448
498
409
400
348
386
322
360
360
320
326
348
305
312
310
176
248
280
266
232
280
169
256
210
192
216
208
10000
88
1133
1707
2026
2251
2371
2503
2545
2599
2674
2756
2705
2768
2805
2815
2819
2903
2927
2859
2907
2879
3103
2961
2955
2975
3003
3039
3015
3057
3095
3071
3071
3111
3195
3175
3151
3139
3151
3183
3199
3153
3199
3191
3247
3267
3275
3218
3219
3231
3347
10000
1819
1712
1456
1170
1111
996
901
861
784
789
740
752
712
630
609
632
578
510
531
480
480
484
435
457
402
416
402
408
384
340
400
320
360
344
256
320
284
320
289
272
272
272
220
272
204
208
112
232
224
232
10000
82
1152
1730
2062
2267
2351
2495
2527
2626
2663
2687
2677
2741
2798
2770
2825
2859
2879
2874
2963
2947
2915
3056
3003
2995
3047
3043
3013
3131
3071
3119
3087
3135
3027
3123
3199
3143
3227
3229
3183
3263
3181
3135
3247
3231
3175
3270
3217
3251
3315
10000
1827
1767
1427
1206
1088
984
961
848
896
761
717
680
675
684
656
656
612
536
560
528
480
529
466
454
410
432
352
424
359
304
400
356
327
192
288
324
330
278
276
268
236
284
208
240
244
264
230
218
234
236
10000
108
1232
1831
2135
2323
2375
2491
2529
2559
2615
2694
2736
2842
2789
2783
2835
2831
2895
2943
2930
2915
2889
2991
2979
3038
3007
3115
3043
3067
3095
3103
3143
3159
3165
3153
3171
3163
3167
3147
3215
3203
3183
3215
3149
3227
3221
3263
3247
3235
3279
10000
1840
1815
1355
1224
1062
968
896
868
848
791
745
786
789
676
688
592
576
593
544
480
609
498
448
418
388
432
384
387
369
320
336
320
368
368
336
321
304
309
277
274
358
218
261
248
344
256
257
179
272
240
10000
139
1296
1830
2106
2279
2405
2480
2478
2645
2687
2711
2727
2799
2755
2829
2820
2864
2864
2931
2931
2927
3019
3011
2994
2992
2973
3015
3053
3024
3111
3173
3071
3117
3159
3181
3171
3101
3101
3151
3183
3163
3167
3199
3184
3183
3187
3235
3295
3295
3291
10000
1827
1790
1422
1225
1104
960
956
928
884
786
785
762
688
644
666
628
592
666
560
544
544
460
456
452
400
384
424
421
336
352
355
310
368
256
300
272
260
292
288
276
244
228
246
224
288
280
224
232
194
224
10000
130
1286
1803
2045
2319
2417
2515
2512
2543
2631
2655
2775
2795
2763
2851
2789
2903
2893
2935
2954
2941
2983
2929
2963
2941
3031
3054
3099
3023
3071
3071
3111
3107
3071
3071
3135
3119
3179
3155
3115
3143
3199
3231
3187
3152
3249
3207
3319
3215
3221
10000
1845
1746
1469
1161
1072
1008
915
837
849
798
704
706
688
658
672
650
569
634
521
448
536
472
432
464
426
354
384
396
337
391
336
304
258
320
280
332
297
256
320
273
273
224
209
288
240
256
228
208
234
192
10000
186
1394
1796
2145
2301
2389
2467
2559
2609
2643
2719
2775
2725
2801
2831
2865
2867
2923
2919
2915
2930
2959
2919
2983
2975
3019
3035
3055
3051
3063
3087
3023
3153
3135
3095
3087
3175
3149
3119
3175
3207
3186
3184
3263
3217
3295
3271
3197
3279
3267
10000
1839
1744
1419
1222
1112
962
953
909
808
828
746
685
688
645
665
604
620
530
552
586
405
448
480
496
428
404
474
384
384
368
320
336
301
341
320
272
336
292
278
276
258
256
244
248
256
224
192
240
184
246
10000
84
1106
1744
2064
2286
2350
2407
2518
2625
2583
2647
2731
2727
2799
2793
2843
2895
2895
2951
2975
2983
2935
2992
2939
3031
3025
3025
3056
3037
3071
3055
3071
3088
3127
3117
3111
3159
3221
3153
3221
3179
3223
3262
3184
3249
3311
3255
3199
3186
3107
10000
1868
1733
1413
1203
1062
1010
896
822
803
800
752
739
640
640
582
576
576
585
592
528
462
484
528
464
488
401
416
368
432
485
352
373
336
348
292
320
336
244
241
304
304
228
294
176
228
230
224
228
192
192
10000
148
1266
1787
2096
2279
2367
2491
2559
2615
2670
2603
2706
2743
2765
2821
2863
2887
2907
2911
2875
2997
2947
2983
3031
3054
3031
3027
3025
3043
3099
3071
3063
3135
3111
3095
3095
3159
3152
3183
3191
3203
3147
3183
3249
3249
3207
3222
3199
3342
3262
10000
1845
1856
1406
1198
1109
976
921
906
842
784
782
752
704
681
665
676
580
561
560
508
448
509
458
468
420
372
397
340
365
352
328
337
312
356
308
296
272
288
268
244
268
282
264
256
208
234
226
192
310
192
10000
2
928
1589
1915
2187
2426
2430
2391
2554
2623
2653
2757
2687
2799
2743
2779
2867
2827
2879
2919
2911
2938
2983
2995
3046
2993
2995
3071
3023
3067
3058
3071
3127
3071
3135
3179
3199
3163
3093
3103
3215
3183
3243
3231
3239
3246
3217
3263
3287
3246
10000
1749
1775
1433
1241
1088
950
906
870
868
773
780
714
704
664
656
618
713
576
565
522
497
493
464
400
416
384
344
368
428
368
340
352
384
333
336
338
272
266
266
328
256
225
240
235
240
246
210
241
249
192
10000
132
1247
1821
2131
2271
2395
2397
2511
2608
2645
2695
2699
2767
2815
2851
2885
2843
2875
2915
2847
2991
2911
2923
2999
2991
3021
3199
3035
3029
3119
3045
3003
3143
3115
3095
3155
3195
3261
3197
3183
3135
3218
3219
3172
3253
3227
3219
3242
3271
3269
10000
1847
1741
1447
1215
1088
1040
988
866
826
794
762
694
714
624
640
619
538
544
537
544
536
524
418
440
408
400
393
402
368
406
284
320
336
308
333
258
308
264
261
240
240
276
288
198
240
206
194
192
210
192
10000
146
1229
1790
2058
2263
2414
2491
2527
2559
2669
2687
2705
2775
2799
2837
2838
2902
2897
2903
2943
2971
2959
3071
3024
3055
3035
2911
3099
3071
3091
3088
3121
3123
3071
3147
3059
3135
3139
3179
3131
3249
3211
3215
3199
3207
3235
3243
3281
3251
3319
10000
1891
1822
1466
1255
1135
1004
960
858
841
752
720
745
625
689
645
618
558
544
564
547
524
465
450
400
400
406
370
400
409
368
344
328
288
544
310
352
330
306
312
228
256
288
288
228
258
256
208
192
224
168
10000
112
1230
1786
2193
2295
2443
2437
2549
2599
2629
2623
2742
2729
2805
2791
2711
2875
2897
2915
2907
2925
2971
2999
2989
3043
3014
2951
3035
3047
3057
3103
3055
3103
3071
3120
3099
3199
3123
3183
3158
3183
3183
3229
3249
3267
3197
3219
3311
3279
3311
10000
1791
1833
1424
1244
1072
1038
961
884
810
752
778
720
688
656
650
646
592
533
549
576
480
492
473
456
432
416
400
356
400
342
376
354
312
269
297
280
336
304
244
308
299
240
246
272
240
279
258
216
272
208
10000
106
1262
1778
2092
2245
2383
2497
2559
2559
2627
2711
2687
2759
2825
2735
2879
2855
2883
3037
2930
2981
2955
2963
2967
2991
2997
3069
3026
3019
3101
3058
3099
3115
3143
3110
3157
3131
3159
3103
3299
3175
3249
3231
3203
3215
3245
3211
3291
3255
3217
10000
1797
1798
1398
1184
1097
1020
937
913
864
820
720
720
668
656
620
612
560
569
475
520
510
450
460
556
457
432
336
370
400
388
336
320
368
320
304
292
320
320
293
266
256
248
296
268
248
274
216
208
176
152
10000
96
1199
1711
2005
2224
2307
2478
2544
2655
2554
2687
2672
2675
2837
2823
2835
2886
2899
2911
2917
2899
2979
2943
2989
3015
3027
3057
3039
3062
3067
3070
3157
3163
3087
3135
3059
3187
3151
3239
3157
3165
3199
3219
3135
3184
3167
3239
3271
3222
3248
10000
1799
1751
1449
1177
1131
1002
912
880
846
800
729
705
668
588
594
586
550
504
596
560
496
533
464
440
405
400
400
368
370
387
370
331
314
320
308
291
320
280
276
340
280
256
288
194
264
220
262
216
268
208
10000
108
1236
1856
2119
2279
2369
2419
2530
2605
2647
2731
2733
2801
2790
2767
2887
2847
2827
2991
2943
2991
3057
2975
2963
2997
3024
3017
3045
3095
3071
3059
3143
3071
3114
3191
3164
3217
3111
3152
3167
3179
3223
3185
3199
3155
3263
3238
3263
3263
3248
10000
1794
1772
1399
1312
1082
960
930
886
859
750
761
696
668
664
640
624
640
609
550
514
496
532
432
457
468
373
400
384
404
368
337
288
330
290
304
290
292
278
256
304
288
260
224
244
245
256
208
192
180
160
10000
128
1296
1823
2098
2309
2397
2438
2549
2544
2614
2672
2719
2710
2787
2815
2821
2867
2919
2863
2923
2919
2991
2992
2966
2943
3063
3059
3024
3063
3055
3071
3159
3151
3115
3107
3143
3199
3179
3247
3167
3167
3179
3239
3189
3199
3217
3247
3283
3263
3263
10000
1853
1767
1433
1232
1124
1008
862
884
856
784
769
720
693
650
640
628
572
562
597
482
448
467
458
452
432
412
424
376
348
388
386
320
300
320
299
320
320
282
276
276
298
266
240
224
226
272
188
224
240
236
10000
96
1084
1762
2086
2192
2419
2535
2499
2599
2675
2731
2743
2743
2765
2771
2879
2887
2919
2887
2881
2922
2911
3006
2995
2992
3007
3090
3099
3069
3099
3063
3070
3179
3151
3197
3141
3147
3153
3185
3135
3215
3231
3303
3187
3198
3247
3255
3247
3227
3263
10000
1801
1777
1518
1225
1072
950
937
864
820
816
738
712
733
732
632
604
614
570
500
516
480
508
480
448
474
421
412
432
320
341
357
348
332
348
304
321
288
260
272
288
224
272
240
232
278
232
192
217
224
176
10000
100
1212
1797
2123
2285
2387
2447
2511
2559
2645
2703
2723
2737
2769
2803
2846
2855
2929
2869
2949
2911
2967
3069
2959
3043
3053
3035
3122
3107
3067
3037
3135
3071
3147
3147
3185
3139
3143
3217
3151
3191
3331
3119
3153
3275
3225
3295
3326
3247
3263
10000
1803
1726
1449
1208
1088
1009
954
906
852
792
752
724
696
657
599
665
585
528
528
476
528
452
478
408
400
412
396
432
368
376
337
320
341
336
288
288
288
308
240
276
280
288
208
242
261
200
256
224
224
176
10000
112
1266
1781
2093
2258
2426
2479
2529
2559
2685
2675
2702
2751
2797
2815
2815
2830
2903
2893
2878
2907
2987
2967
2981
2959
3003
3043
3089
3133
3070
3071
3107
3183
3151
3143
3088
3135
3183
3190
3183
3203
3255
3215
3258
3239
3247
3217
3259
3199
3383
10000
1840
1781
1424
1271
1090
976
992
880
841
752
794
706
692
672
693
626
600
613
528
496
496
528
450
482
422
481
397
413
400
386
360
362
305
340
328
336
304
325
272
256
236
248
256
192
288
256
193
197
224
235
10000
108
1265
1822
2085
2275
2337
2475
2495
2589
2687
2673
2689
2757
2783
2811
2794
2847
2827
2853
2943
2973
2934
2981
2975
2982
3011
3071
3071
3153
3094
3095
3007
3087
3119
3183
3151
3157
3215
3185
3155
3183
3183
3187
3159
3245
3263
3254
3257
3247
3249
10000
1831
1783
1403
1216
1111
1008
945
876
805
782
723
752
700
624
598
587
590
585
506
548
508
448
456
400
440
416
454
426
400
312
320
312
304
321
288
297
290
288
324
244
274
242
259
184
276
256
292
240
194
205
10000
88
1138
1687
2015
2301
2351
2490
2544
2559
2599
2695
2701
2733
2743
2783
2847
2815
2927
2907
2917
2895
2967
2995
2993
3043
3019
3031
3103
3091
3071
3117
3035
3055
3038
3118
3147
3195
3159
3207
3218
3159
3199
3175
3185
3175
3211
3239
3191
3235
3231
10000
1771
1680
1401
1216
1126
997
956
865
820
758
784
808
726
640
640
640
586
554
554
496
496
506
496
430
437
416
336
418
376
384
364
373
320
330
282
368
276
320
322
225
300
264
224
212
256
268
186
232
216
208
10000
88
1092
1773
2035
2254
2378
2459
2543
2555
2647
2710
2719
2787
2747
2799
2835
2901
2874
2987
2891
2846
2963
2941
2975
2973
3031
2951
3039
3111
3026
3071
3051
3135
3159
3135
3197
3163
3099
3199
3255
3271
3189
3183
3199
3167
3217
3279
3231
3215
3247
10000
1838
1811
1466
1228
1061
985
914
893
818
801
824
745
722
688
585
611
610
536
558
460
508
496
436
436
464
421
378
370
388
370
394
322
272
376
340
292
220
290
308
256
264
264
264
216
298
264
237
208
236
192
10000
80
1088
1732
2038
2238
2370
2467
2609
2595
2654
2659
2703
2726
2787
2839
2847
2839
2859
2839
2967
2919
2935
2941
2975
3019
3026
3071
3039
3030
3111
3117
3135
3119
3121
3185
3183
3151
3215
3167
3195
3155
3262
3231
3095
3351
3263
3231
3263
3231
3239
10000
1907
1743
1426
1196
1035
1061
917
846
802
824
755
689
666
676
688
592
592
529
548
517
448
492
450
440
436
420
340
392
363
372
352
324
336
320
322
320
308
260
256
288
256
304
228
256
260
242
194
225
212
200
10000
48
1117
1795
2159
2251
2355
2437
2482
2605
2629
2675
2703
2769
2773
2815
2833
2791
2867
2919
2935
2847
2975
2960
2951
2975
3015
3038
3023
2965
3119
3123
3093
3071
3091
3089
3163
3088
3159
3167
3191
3133
3153
3151
3183
3207
3215
3259
3277
3275
3248
10000
1841
1799
1397
1264
1100
985
976
921
816
784
802
737
720
676
696
612
628
548
546
622
481
448
520
457
505
418
443
392
411
360
336
336
304
368
345
257
278
224
268
262
280
260
288
233
208
268
208
256
228
180
10000
112
1249
1768
2047
2287
2395
2463
2491
2625
2599
2687
2725
2735
2782
2795
2879
2903
2845
2915
2919
2975
2939
2975
2999
2993
3071
3063
3070
3123
3022
3071
3099
3070
3099
3103
3157
3249
3179
3183
3191
3255
3271
3223
3259
3191
3255
3253
3293
3199
3251
10000
1763
1757
1466
1200
1107
987
940
900
821
788
821
741
691
722
656
644
596
560
566
540
468
480
486
461
452
400
412
428
344
368
384
340
240
284
330
340
288
272
298
268
240
304
240
244
274
208
180
238
232
208
10000
150
1272
1808
2075
2258
2416
2495
2559
2597
2687
2703
2690
2731
2791
2767
2827
2895
2847
2935
2931
2950
2958
2998
3019
3014
2967
3007
3091
3067
3035
3071
3119
3131
3186
3120
3149
3119
3111
3207
3207
3215
3187
3199
3185
3199
3221
3271
3263
3243
3299
10000
1826
1815
1474
1261
1031
996
916
962
856
816
800
740
690
644
646
594
620
560
544
528
528
524
480
462
388
432
406
400
440
400
292
320
304
301
290
354
306
293
288
288
264
234
236
272
256
240
256
236
198
184
10000
24
1134
1795
2115
2243
2335
2445
2544
2591
2620
2705
2759
2765
2768
2815
2813
2837
2839
2863
2951
2955
2926
2943
2975
3007
2991
3003
3043
3063
3107
3089
3045
3135
3089
3123
3123
3127
3195
3247
3187
3135
3167
3211
3267
3223
3199
3343
3249
3195
3299
10000
1845
1761
1480
1236
1110
985
943
850
842
816
763
758
677
656
613
592
600
586
544
564
470
535
490
477
450
404
420
393
358
336
373
424
368
326
304
322
212
336
288
342
300
220
268
272
212
208
212
245
170
208
10000
112
1222
1809
2119
2246
2375
2477
2559
2559
2651
2687
2735
2735
2805
2807
2845
2855
2879
2835
2918
2901
2993
3023
3039
3026
3088
3033
2999
3063
3035
3134
3098
3071
3167
3123
3138
3199
3015
3211
3167
3152
3183
3216
3227
3187
3199
3215
3270
3275
3213
10000
1823
1753
1423
1200
1131
1041
972
928
850
752
721
713
641
695
688
642
576
550
518
530
497
524
457
441
448
448
332
396
368
400
346
348
320
320
306
274
258
288
272
240
296
256
266
262
220
280
256
199
202
200
10000
128
1246
1750
2097
2223
2397
2498
2559
2607
2655
2683
2771
2725
2815
2799
2855
2831
2896
2865
2883
2939
2893
2943
2979
3054
3020
3023
3039
3120
3155
3021
3155
3135
3125
3163
3155
3199
3123
3139
3185
3247
3181
3151
3247
3271
3239
3243
3219
3263
3271
10000
1867
1801
1456
1248
1106
981
960
890
830
857
757
720
726
707
654
624
560
528
536
542
528
528
464
460
484
440
410
392
360
368
336
352
304
288
336
306
262
300
272
305
304
276
194
240
217
212
260
210
236
192
10000
100
1232
1766
2112
2233
2374
2451
2607
2638
2673
2741
2686
2751
2783
2798
2827
2862
2879
2893
2911
2935
2919
2971
2959
3047
3003
3059
3067
3039
3019
3123
3003
3131
3103
3173
3207
3159
3127
3167
3199
3219
3191
3239
3153
3199
3159
3263
3215
3255
3231
10000
1839
1805
1443
1200
1126
1001
1060
870
818
810
821
700
672
659
652
534
608
580
496
576
529
544
444
458
434
416
426
364
354
426
368
352
362
360
288
320
320
220
312
256
240
204
217
258
220
240
205
193
240
232
10000
88
1112
1753
2032
2271
2367
2451
2527
2599
2589
2669
2679
2768
2847
2800
2855
2835
2895
2925
2943
2919
2879
2891
3025
2966
2992
2983
3031
2998
3070
3101
3071
3099
3159
3151
3127
3213
3154
3181
3216
3207
3175
3226
3235
3217
3183
3231
3199
3215
3263
10000
1810
1761
1453
1305
1104
1009
938
920
736
816
748
809
720
694
620
622
584
576
496
521
533
472
458
422
451
432
429
384
402
402
360
354
392
346
266
300
356
344
280
217
216
290
296
240
320
216
192
289
179
192
10000
128
1250
1787
2134
2239
2318
2463
2512
2603
2623
2709
2707
2755
2783
2815
2807
2863
2919
2895
2943
2979
2965
2979
3026
3015
3057
3023
3143
3071
3099
3071
3067
3120
3095
3171
3163
3153
3199
3185
3259
3205
3231
3153
3197
3223
3327
3211
3235
3206
3217
10000
1818
1776
1419
1198
1148
1013
960
938
845
793
722
752
710
716
608
624
592
640
594
611
472
464
496
468
485
384
400
374
384
320
384
320
344
314
294
289
304
257
348
296
268
256
234
242
256
256
224
220
208
128
10000
106
1226
1777
2082
2283
2374
2487
2559
2631
2641
2693
2707
2763
2789
2783
2864
2821
2897
2927
2931
2963
3011
3029
3005
2999
2983
3024
3059
3088
3122
3030
3093
3135
3135
3147
3095
3231
3159
3135
3215
3175
3198
3217
3151
3248
3190
3185
3249
3243
3231
10000
1850
1764
1409
1290
1140
984
963
885
880
808
740
720
678
605
678
644
646
576
564
600
500
464
432
458
448
448
428
432
362
448
370
368
352
308
248
288
256
320
274
296
304
246
192
310
224
232
256
240
272
228
10000
80
1072
1764
2063
2262
2324
2495
2542
2607
2635
2639
2768
2749
2743
2755
2801
2864
2851
2883
2957
2909
2971
2979
2987
2943
2995
3007
3039
3055
3099
3071
3119
3127
3143
3061
3167
3153
3211
3189
3111
3307
3175
3183
3231
3187
3218
3185
3249
3271
3261
10000
1778
1819
1402
1257
1088
1062
933
872
821
816
768
692
682
652
611
690
640
556
545
534
482
448
476
477
450
420
384
416
418
336
376
392
320
353
328
320
320
289
280
244
266
256
285
232
208
244
224
220
208
192
10000
128
1267
1815
2146
2284
2352
2459
2526
2608
2625
2615
2695
2763
2831
2815
2811
2835
2879
2911
2826
2821
2975
2925
2949
3071
2999
2942
3071
3035
3087
3118
3155
3119
3143
3095
3167
3163
3183
3205
3183
3194
3243
3187
3235
3247
3319
3199
3247
3279
3299
10000
1871
1746
1456
1283
1133
1019
960
874
811
832
785
705
720
685
630
538
592
576
560
536
618
496
464
432
434
388
409
421
400
384
400
336
322
384
336
304
292
308
276
208
268
256
240
220
244
204
208
235
184
164
10000
112
1281
1849
2125
2271
2343
2512
2539
2548
2640
2695
2687
2735
2755
2807
2861
2779
2903
2879
2939
2867
3007
2999
3003
2987
3063
2993
3011
3043
3055
3087
3123
3143
3125
3183
3126
3111
3187
3183
3175
3223
3219
3167
3271
3301
3246
3271
3295
3157
3295
10000
1806
1765
1409
1221
1120
988
912
892
823
827
737
667
707
662
648
614
592
601
548
576
556
460
468
485
520
386
437
442
400
400
340
304
307
320
360
344
280
268
304
272
320
256
240
268
200
228
256
268
244
180
10000
96
1134
1699
1963
2233
2339
2459
2558
2603
2629
2703
2711
2735
2739
2797
2919
2879
2867
2951
2903
2911
2962
2973
3025
2967
3021
2979
3023
3038
3055
3071
3095
3143
3135
3063
3103
3195
3123
3185
3227
3166
3199
3190
3227
3135
3187
3219
3211
3279
3262
10000
1829
1760
1442
1280
1128
994
928
912
849
842
816
751
706
665
632
598
581
577
576
560
518
489
480
456
470
400
400
336
341
368
444
352
345
273
380
302
282
281
352
272
245
240
224
262
233
278
208
200
240
192
10000
97
1022
1680
2085
2225
2334
2497
2544
2625
2691
2677
2687
2691
2735
2811
2810
2833
2871
2815
2911
2891
2959
2911
2967
3027
3071
3027
3047
3120
3055
3103
3197
3071
3115
3187
3215
3151
3203
3159
3183
3215
3235
3199
3141
3239
3243
3218
3295
3267
3271
10000
1802
1713
1442
1267
1072
996
976
880
837
832
704
704
656
698
624
656
608
540
560
560
544
448
454
386
444
432
390
436
320
358
326
374
368
368
288
304
298
298
264
265
281
256
248
288
300
208
240
240
172
162
10000
128
1284
1849
2102
2231
2354
2465
2491
2551
2640
2661
2727
2737
2823
2861
2799
2911
2915
2871
2898
2943
2935
2971
2991
2975
3025
3059
3019
3031
3071
2990
3091
3122
3111
3135
3111
3183
3135
3207
3135
3175
3199
3223
3175
3173
3215
3251
3249
3235
3203
10000
1793
1776
1438
1216
1113
955
933
936
808
956
784
738
738
689
656
648
624
592
560
480
525
556
436
422
420
444
421
384
460
336
352
368
368
304
256
332
308
272
274
272
284
256
265
225
217
266
212
192
240
260
10000
144
1320
1814
2033
2195
2380
2474
2544
2623
2639
2671
2739
2741
2815
2835
2847
2823
2864
2971
2899
2909
2939
2963
2995
2989
3039
2998
3025
3055
3135
3071
3063
3071
3199
3216
3107
3153
3167
3205
3175
3143
3213
3199
3191
3263
3255
3243
3231
3279
3279
10000
1850
1806
1528
1219
1095
1046
915
891
844
786
770
733
656
688
624
650
594
496
483
522
500
500
464
480
402
422
368
402
358
364
388
358
370
384
336
272
308
266
236
288
256
240
232
240
204
224
284
240
216
224
10000
118
1193
1792
2113
2230
2378
2463
2495
2651
2619
2673
2701
2703
2807
2789
2847
2835
2871
2895
2923
2909
2992
2999
2982
3019
3005
3121
3055
3063
3093
3103
3071
3111
3139
3127
3195
3191
3183
3211
3175
3147
3163
3247
3263
3183
3139
3216
3279
3311
3279
10000
1872
1802
1441
1233
1047
1033
951
923
842
810
644
693
650
640
616
590
624
541
580
518
502
502
554
448
482
454
384
378
352
368
312
323
363
298
328
272
304
274
323
240
224
162
194
312
256
200
278
216
237
172
10000
96
1116
1733
2059
2271
2321
2449
2551
2615
2667
2670
2769
2736
2747
2811
2866
2815
2863
2902
2895
2929
2843
2992
2967
2993
3088
3057
3035
3071
3122
3039
3135
3131
3135
3125
3109
3150
3127
3183
3163
3221
3231
3277
3235
3175
3221
3259
3227
3227
3270
10000
1826
1821
1467
1238
1124
1002
929
879
842
804
758
672
746
640
652
667
586
528
506
533
552
465
401
432
400
378
368
400
368
402
324
368
368
304
320
330
300
300
281
269
232
202
284
230
272
228
216
176
226
208
10000
165
1264
1779
2064
2293
2352
2447
2479
2591
2641
2661
2758
2789
2767
2755
2863
2850
2859
2894
2827
2960
2929
3059
3023
3013
3026
3021
3015
3089
3103
3154
3119
3093
3155
3071
3115
3119
3127
3087
3223
3175
3191
3215
3263
3262
3231
3251
3231
3227
3241
10000
1911
1808
1430
1228
1098
1002
934
852
816
848
752
736
688
660
725
578
592
560
560
521
496
480
464
432
424
410
432
448
388
356
384
334
338
352
292
266
324
288
292
224
256
280
274
208
213
234
292
256
192
184
10000
114
1262
1845
2060
2237
2406
2423
2517
2559
2659
2683
2677
2710
2787
2804
2849
2863
2933
2927
2951
2943
2963
2967
3023
3024
2991
3007
3045
2991
3011
3061
3051
3121
3147
3191
3125
3094
3143
3215
3179
3199
3223
3215
3259
3251
3235
3235
3263
3263
3259
10000
1823
1749
1510
1254
1157
974
921
912
834
769
777
768
720
656
633
648
600
576
501
509
506
469
488
440
444
429
410
384
337
314
466
280
320
324
320
336
298
296
288
308
272
248
192
208
236
208
192
202
272
184
10000
148
1200
1794
2105
2275
2403
2445
2559
2610
2663
2683
2719
2726
2771
2807
2781
2871
2851
2887
2915
2931
2879
2949
2935
2975
3037
2975
3059
3063
3107
3191
3159
3147
3141
3123
3150
3185
3183
3151
3199
3199
3243
3159
3195
3263
3207
3271
3175
3254
3267
10000
1818
1753
1439
1283
1135
977
954
848
848
830
744
770
664
669
656
645
630
552
525
558
496
448
480
472
472
468
457
418
424
400
348
320
368
348
298
338
298
310
304
244
275
288
244
256
232
196
172
236
228
210
10000
80
1104
1753
2002
2219
2352
2470
2515
2559
2639
2725
2687
2725
2759
2833
2847
2871
2903
2879
2935
2899
2947
2943
3031
2951
2885
2975
3056
3055
3071
3063
3107
3191
3143
3119
3141
3167
3167
3191
3189
3167
3163
3215
3231
3205
3231
3231
3239
3253
3215
10000
1841
1776
1402
1218
1098
998
939
862
841
812
730
774
758
676
640
616
549
528
566
496
507
536
434
466
408
416
456
369
384
344
352
368
365
324
324
314
373
244
336
298
276
282
272
244
272
230
226
216
240
173
10000
98
1046
1679
1917
2285
2367
2416
2492
2599
2605
2687
2651
2719
2768
2751
2822
2847
2871
2963
2897
2986
2923
2994
2960
2965
2973
3039
3014
3071
3051
3071
3063
3120
3071
3181
3171
3133
3203
3153
3239
3219
3261
3155
3159
3199
3217
3238
3239
3199
3191
10000
1843
1853
1449
1202
1082
965
961
947
848
810
804
752
666
640
640
624
576
561
550
561
529
507
504
416
432
358
424
400
410
384
396
320
320
345
288
308
256
290
242
291
292
204
256
288
210
208
236
208
168
196
10000
74
1081
1741
2079
2210
2305
2387
2509
2607
2611
2651
2725
2795
2819
2789
2823
2841
2835
2847
2915
2908
2965
2967
2967
3051
3039
3055
3059
3054
3071
3109
3111
3071
3055
3147
3143
3141
3185
3155
3150
3159
3123
3187
3247
3237
3198
3184
3249
3311
3251
10000
1815
1776
1430
1232
1120
1038
908
888
828
832
764
740
776
689
656
628
658
652
508
472
560
464
480
476
480
416
356
416
368
364
321
320
329
304
370
300
336
272
256
290
268
194
176
268
219
272
224
192
192
186
10000
138
1235
1811
2128
2251
2355
2448
2507
2583
2633
2673
2699
2683
2782
2743
2815
2851
2799
2879
2896
2931
2975
3023
2969
2993
2989
3051
3071
3013
3043
3117
3057
3127
3135
3153
3149
3179
3199
3199
3142
3189
3207
3215
3287
3223
3159
3143
3215
3282
3223
10000
1809
1783
1438
1237
1068
1050
950
896
842
789
736
720
634
640
570
600
606
584
560
537
473
452
464
508
432
464
384
360
368
384
376
368
313
283
331
288
256
316
304
274
262
260
290
236
240
218
196
236
240
156
10000
112
1237
1760
2059
2227
2363
2448
2483
2587
2623
2702
2741
2751
2759
2775
2852
2799
2851
2839
2943
2974
2994
2919
3029
2847
2991
3031
3055
3015
3071
3089
3071
3071
3163
3175
3159
3151
3189
3111
3195
3141
3181
3259
3179
3199
3249
3235
3229
3249
3198
10000
1759
1756
1454
1280
1152
1041
904
868
862
820
757
664
692
650
620
656
616
608
532
525
498
494
482
440
466
372
372
356
388
356
304
353
368
315
304
268
293
256
272
298
290
304
235
224
160
208
170
194
192
201
10000
112
1242
1743
2128
2255
2405
2431
2545
2530
2619
2719
2659
2683
2739
2759
2863
2867
2833
2925
2915
2947
2911
2999
3006
3023
2965
3071
3119
3059
3071
3023
3056
3089
3071
3184
3127
3069
3143
3199
3235
3199
3223
3231
3187
3207
3195
3251
3253
3283
3301
10000
1850
1732
1421
1258
1082
1014
876
923
806
811
768
736
753
642
662
624
618
608
544
465
545
517
478
418
448
436
432
283
370
338
337
384
330
345
320
324
256
304
272
276
244
227
256
240
264
176
244
192
220
168
10000
132
1266
1808
2079
2195
2371
2459
2517
2555
2631
2682
2727
2783
2765
2800
2811
2834
2843
2875
2942
2941
2899
2959
2995
2965
2991
3023
3139
3060
3111
3107
3071
3107
3095
3151
3031
3165
3183
3183
3171
3157
3167
3179
3187
3239
3181
3285
3254
3295
3255
10000
1779
1799
1421
1216
1068
1050
932
868
864
796
704
772
728
698
604
664
613
528
530
501
484
496
496
464
528
424
411
400
448
352
384
356
272
320
276
274
272
320
272
224
248
230
128
256
248
192
288
240
258
232
10000
108
1204
1713
2079
2231
2379
2515
2544
2547
2671
2631
2691
2699
2783
2787
2855
2835
2863
2875
2830
2955
2928
2987
2970
2975
3027
2983
3087
3023
3019
3088
3071
3089
3111
3125
3187
3207
3174
3147
3203
3149
3231
3199
3187
3287
3216
3210
3269
3279
3251
10000
1855
1742
1462
1227
1117
1008
949
912
870
776
769
846
656
664
634
616
576
565
584
572
548
474
476
448
450
436
365
456
392
384
376
320
368
276
324
264
306
264
280
288
257
228
276
236
224
224
265
224
176
224
10000
154
1222
1779
2063
2285
2391
2429
2507
2634
2625
2651
2711
2719
2768
2799
2909
2843
2918
2843
2947
2935
2999
3023
2989
2971
3031
3027
3051
3039
3039
3071
3107
3071
3159
3167
3143
3167
3024
3403
3199
3211
3279
3219
3175
3199
3207
3281
3247
3263
3229
10000
1807
1831
1392
1339
1200
996
988
880
850
838
760
736
722
660
644
624
576
640
532
578
496
521
480
488
402
434
418
416
400
384
348
384
336
340
352
304
304
260
300
256
277
309
304
300
256
210
156
244
256
320
10000
144
1237
1759
2105
2233
2362
2446
2512
2534
2613
2671
2727
2815
2767
2783
2853
2909
2861
2899
2895
2915
2909
2951
3035
3015
3014
3071
3062
3071
3057
3067
3127
3186
3227
3149
3151
3187
3190
3223
3091
3198
3255
3217
3295
3303
3207
3247
3231
3231
3267
10000
1802
1843
1473
1269
1152
968
971
900
882
842
788
752
690
729
694
710
602
586
586
564
536
506
508
472
405
406
424
370
400
432
372
358
357
328
328
333
304
336
280
208
292
306
304
240
290
242
216
257
204
258
10000
193
1248
1785
2082
2271
2451
2453
2533
2614
2647
2691
2663
2727
2799
2815
2875
2828
2887
2941
2865
2941
2999
2967
3057
3091
3039
3015
3045
3153
3063
3121
3091
3159
3127
3147
3223
3219
3167
3187
3223
3247
3171
3159
3239
3199
3307
3191
3287
3255
3205
10000
1806
1808
1435
1319
1133
1066
960
944
848
810
784
696
717
710
706
560
550
544
518
528
560
500
432
461
450
384
448
384
384
396
393
396
336
313
336
336
304
284
292
304
283
301
262
320
288
230
226
320
140
208
10000
144
1244
1784
2096
2303
2333
2447
2512
2607
2699
2654
2695
2739
2771
2771
2819
2847
2896
2895
2903
2919
3023
2975
3037
2997
2992
3013
3071
3071
3039
3071
3103
3070
3135
3163
3171
3185
3139
3185
3167
3185
3214
3167
3203
3262
3231
3141
3239
3327
3263
10000
1839
1791
1430
1249
1112
997
962
934
884
784
742
786
718
660
653
592
608
578
540
489
578
480
457
464
439
384
448
323
420
408
384
354
370
320
324
296
320
320
306
288
288
232
232
272
224
266
256
240
240
208
10000
140
1280
1776
2127
2226
2319
2455
2495
2535
2615
2673
2755
2767
2767
2875
2823
2875
2837
2887
2927
2963
2943
2987
3007
2991
2997
3039
2999
3103
3055
3095
3071
3091
3123
3123
3167
3071
3215
3131
3223
3230
3255
3231
3247
3215
3255
3267
3231
3277
3223
10000
1834
1791
1419
1255
1144
944
896
868
864
828
768
744
664
704
680
662
569
608
576
528
539
482
464
464
496
397
408
433
396
352
338
372
308
288
300
306
322
292
244
308
256
261
288
240
236
240
208
256
226
219
10000
106
1145
1791
2082
2258
2389
2475
2539
2591
2675
2675
2695
2783
2751
2787
2783
2815
2826
2995
2903
2955
2883
2943
2995
2983
3003
3056
3027
3055
3117
3089
3059
3071
3159
3151
3191
3119
3149
3153
3155
3191
3211
3158
3211
3214
3173
3199
3199
3287
3221
10000
1879
1808
1475
1280
1088
965
980
876
848
853
805
733
754
694
624
592
616
592
554
548
506
498
422
448
464
384
384
401
424
416
358
330
345
264
384
277
345
310
304
288
304
320
192
224
234
280
208
196
240
204
10000
160
1264
1808
2087
2243
2393
2479
2523
2629
2667
2663
2715
2750
2803
2847
2853
2863
2866
2896
2887
2931
2893
3013
2941
3071
3039
3042
3071
3039
3094
3025
3131
3023
3190
3159
3199
3199
3119
3190
3153
3131
3231
3223
3167
3249
3303
3303
3277
3271
3319
10000
1811
1773
1442
1248
1072
992
960
946
849
810
789
771
752
688
687
672
592
576
592
590
552
490
497
524
437
464
432
400
422
388
360
341
402
336
320
324
376
320
320
272
272
232
256
269
232
256
256
224
185
168
10000
80
1142
1759
2071
2247
2311
2445
2495
2659
2663
2733
2555
2709
2783
2769
2819
2847
2823
2855
2879
2919
2943
2971
2971
3057
2991
3063
3088
3099
3059
3094
3071
3103
3159
3103
3123
3152
3181
3223
3227
3243
3215
3221
3179
3279
3313
3243
3343
3279
3287
10000
1829
1820
1441
1244
1046
1084
950
945
887
806
835
720
738
688
630
640
664
596
545
592
548
491
472
464
404
448
464
432
428
400
384
344
402
352
364
304
340
320
313
288
266
294
292
305
240
236
248
266
208
172
10000
162
1264
1823
2120
2288
2385
2469
2518
2637
2559
2755
2749
2727
2779
2831
2807
2927
2943
2911
2910
2979
2967
3027
3039
2979
3013
3063
3031
3135
3090
3131
3139
3127
3119
3198
3195
3179
3211
3223
3283
3263
3247
3181
3285
3307
3223
3249
3251
3287
3253
10000
1830
1787
1391
1308
1096
1088
988
906
885
848
773
788
685
705
676
656
640
616
628
582
528
509
528
489
445
442
417
418
420
392
416
387
387
352
365
316
320
272
328
301
264
300
320
300
292
230
197
192
293
228
10000
120
1231
1803
2061
2279
2427
2483
2557
2609
2647
2686
2757
2783
2797
2851
2847
2839
2831
2901
2990
2923
2939
3003
3053
3029
3047
3091
3071
3039
3095
3071
3179
3159
3127
3187
3211
3159
3175
3152
3259
3191
3237
3227
3231
3263
3231
3315
3309
3279
3315
10000
1855
1853
1477
1241
1151
1015
944
896
893
844
826
768
722
672
672
674
640
618
554
592
528
480
508
486
432
436
409
448
376
384
384
388
336
352
361
329
352
344
359
260
320
276
232
264
234
216
240
320
232
212
10000
144
1276
1807
2107
2327
2439
2533
2549
2559
2641
2668
2751
2765
2787
2799
2875
2867
2903
2923
2911
2975
3034
3003
3011
3071
3053
3047
3111
3143
3119
3091
3107
3191
3141
3179
3199
3191
3231
3199
3223
3302
3211
3263
3235
3283
3207
3248
3347
3295
3295
10000
1823
1808
1506
1231
1146
1080
1008
880
913
896
816
747
693
658
694
697
656
626
697
624
570
480
489
529
451
458
448
474
426
436
387
400
330
368
358
358
356
305
320
336
332
262
284
289
288
256
202
248
192
240
10000
98
1120
1757
2094
2309
2369
2449
2559
2445
2649
2698
2747
2799
2887
2831
2867
2832
2961
2883
2955
2967
3007
3067
3059
3007
3088
3067
3103
3119
3119
3071
3103
3091
3167
3115
3175
3215
3231
3215
3231
3239
3263
3279
3294
3227
3263
3311
3263
3285
3311
10000
1845
1791
1500
1328
1142
1101
989
948
924
835
889
795
760
720
658
692
650
736
620
592
529
476
533
496
528
436
420
442
453
490
368
400
352
417
356
352
340
277
329
332
268
328
297
282
280
300
272
184
272
240
10000
145
1278
1787
2132
2341
2398
2509
2559
2559
2639
2711
2751
2759
2771
2885
2829
2903
2896
2955
2903
2933
2951
3003
3035
3071
3109
3007
3111
3091
3103
3159
3134
3167
3143
3151
3195
3214
3151
3263
3215
3255
3263
3231
3231
3239
3319
3279
3281
3295
3375
10000
1841
1799
1451
1268
1168
1056
966
912
866
850
805
750
720
697
714
666
698
608
635
620
560
522
528
589
480
426
448
430
416
420
416
360
384
390
357
320
392
324
332
386
274
304
242
304
256
240
256
232
276
243
10000
144
1269
1829
2077
2299
2391
2480
2527
2551
2654
2691
2715
2763
2765
2869
2859
2919
2879
2931
2971
2925
2975
3024
3053
3047
3131
3095
3031
3071
3099
3091
3071
3054
3151
3159
3121
3173
3271
3199
3231
3223
3243
3247
3263
3237
3327
3267
3279
3315
3291
10000
1777
1839
1444
1325
1191
1019
974
914
864
808
856
827
720
688
673
742
624
656
560
592
504
516
532
496
443
448
420
432
408
368
384
340
388
336
341
352
288
308
296
320
320
312
282
272
282
272
264
268
272
240
10000
144
1342
1845
2064
2231
2397
2448
2551
2545
2695
2659
2723
2767
2759
2843
2909
2911
2903
2927
2951
2951
2957
2966
2951
3055
3099
3055
3057
3094
3071
3127
3059
3124
3135
3095
3143
3163
3223
3183
3215
3217
3263
3231
3271
3205
3281
3199
3271
3275
3223
10000
1840
1776
1471
1296
1171
1022
930
896
906
832
777
778
672
666
672
640
640
608
600
602
525
452
424
432
448
496
456
340
388
362
368
361
360
384
328
332
307
314
308
304
264
256
272
256
256
240
225
224
192
210
10000
160
1277
1776
2101
2271
2383
2443
2535
2623
2679
2699
2640
2758
2763
2820
2859
2832
2879
2879
2903
2903
2918
2959
2963
2983
2992
2967
3071
3019
3047
3121
3071
3127
3103
3135
3123
3123
3169
3147
3126
3119
3179
3191
3213
3183
3283
3183
3249
3205
3217
10000
1808
1776
1418
1220
1099
1005
974
890
816
770
752
752
677
640
649
628
608
550
592
484
466
450
437
480
424
384
389
336
308
372
336
326
312
320
272
292
242
272
262
240
244
228
224
192
267
168
229
186
180
184
10000
112
1236
1791
2067
2220
2367
2474
2497
2537
2597
2639
2675
2672
2704
2719
2799
2783
2825
2870
2823
2899
2915
2866
2973
2959
3047
2957
3051
3013
3019
3047
3031
3117
3071
3103
3063
3071
3135
3167
3071
3155
3185
3186
3219
3215
3163
3127
3167
3216
3251
10000
1798
1765
1418
1185
1050
962
934
850
818
776
684
714
688
580
560
568
536
520
560
475
486
420
480
416
400
360
356
384
368
320
340
256
314
320
240
280
273
298
232
284
244
256
240
256
148
176
146
209
176
161
10000
129
1245
1700
1999
2183
2347
2463
2499
2559
2559
2599
2607
2654
2735
2705
2767
2855
2799
2815
2862
2838
2867
2851
2891
2923
2959
2947
2903
2987
2975
2967
2983
2998
3071
3051
3199
3107
3123
3119
3103
3099
3134
3135
3119
3133
3159
3152
3071
3131
3184
10000
1782
1697
1365
1182
1076
953
884
841
726
736
648
612
642
576
553
580
536
482
516
402
420
394
430
336
346
309
272
304
329
290
266
244
266
272
204
240
242
192
208
193
140
128
138
186
144
130
156
145
138
136
10000
40
998
1535
1925
2105
2224
2361
2367
2475
2479
2591
2611
2640
2661
2687
2705
2711
2772
2795
2835
2835
2851
2833
2855
2883
2879
2943
2922
2947
2963
3011
2975
3007
3027
3029
3057
3045
3101
3055
3115
3057
3067
3095
3163
3135
3039
3121
3143
3127
3143
10000
1776
1698
1403
1139
1052
928
844
801
741
718
681
650
640
544
576
560
550
464
433
456
492
396
384
384
384
392
297
336
292
272
320
272
240
258
196
240
224
196
224
192
216
149
146
196
162
168
149
176
129
120
10000
128
1196
1678
2031
2202
2265
2365
2454
2539
2595
2559
2662
2685
2718
2807
2763
2835
2823
2829
2895
2879
2871
2919
2975
2979
2993
3003
3034
2943
3039
3022
3019
3015
3071
3115
3091
3056
3146
3166
3103
3127
3139
3203
3131
3235
3135
3175
3226
3171
3253
10000
1771
1767
1416
1189
1052
976
949
848
849
768
757
656
688
656
632
632
576
588
491
496
464
448
476
384
436
396
352
336
456
302
368
304
352
308
337
272
328
264
241
272
216
260
209
180
194
228
182
208
169
152
10000
48
1089
1712
2047
2242
2359
2450
2527
2533
2653
2559
2727
2699
2722
2827
2882
2838
2815
2853
2879
2895
2913
2959
2960
2907
2966
3030
3024
3025
3019
3047
3123
3107
3103
3107
3043
3071
3062
3133
3149
3247
3135
3199
3211
3191
3199
3221
3239
3279
3185
10000
1847
1781
1494
1251
1126
1008
918
852
790
816
752
748
680
685
608
622
560
576
506
544
474
505
451
448
448
465
376
368
408
392
310
324
368
320
337
297
272
320
256
256
268
262
264
208
260
218
208
200
168
160
10000
114
1266
1774
2119
2222
2321
2413
2475
2550
2607
2679
2727
2706
2771
2763
2815
2859
2839
2895
2903
2931
2879
2961
2963
3031
3025
3055
3056
3007
3067
3093
3139
3111
3111
3153
3154
3127
3154
3199
3159
3215
3195
3171
3231
3191
3211
3271
3191
3279
3263
10000
1808
1773
1465
1230
1073
1040
994
910
841
784
746
737
698
680
693
604
608
544
600
614
508
544
464
412
474
424
368
412
393
365
400
368
345
352
320
342
274
298
288
312
304
234
248
218
272
246
162
233
201
232
10000
133
1232
1796
2061
2239
2347
2439
2470
2623
2687
2707
2655
2767
2743
2811
2783
2933
2933
2875
2963
2955
2910
2983
2967
2975
2978
3031
3091
3023
3053
3027
3135
3159
3123
3165
3190
3111
3175
3197
3157
3359
3199
3229
3259
3263
3247
3259
3263
3327
3283
10000
1808
1777
1432
1232
1196
1016
976
907
896
795
824
659
656
656
592
612
545
560
568
480
488
474
464
416
396
418
422
332
384
336
362
376
354
352
328
293
246
328
272
272
312
256
272
278
218
186
212
224
220
216
10000
100
1225
1792
2031
2261
2391
2431
2542
2607
2647
2619
2704
2766
2811
2803
2795
2859
2829
2859
2915
2931
2923
3039
2961
2975
3011
3015
3031
3135
3135
3035
3099
3091
3135
3147
3155
3127
3151
3123
3141
3152
3151
3173
3223
3187
3199
3255
3239
3271
3219
10000
1811
1799
1433
1232
1097
1008
937
925
908
781
752
757
780
660
672
613
576
608
544
536
569
468
482
432
466
418
422
418
400
352
312
322
284
320
282
272
297
268
264
228
272
268
224
256
244
220
240
192
64
214
10000
130
1248
1795
2086
2217
2402
2383
2519
2609
2615
2663
2691
2789
2779
2783
2866
2855
2879
2883
2909
2979
2915
2915
3010
3031
3015
3023
3055
3090
3019
3091
3071
3089
3095
3216
3121
3171
3197
3155
3199
3111
3247
3239
3239
3283
3223
3207
3217
3245
3287
10000
1809
1773
1444
1281
1109
1008
974
851
809
764
758
758
691
672
598
640
592
524
528
526
500
496
502
429
496
410
394
401
360
344
308
330
368
360
355
272
272
256
284
256
304
168
232
202
266
256
234
208
160
180
10000
112
1201
1840
2087
2275
2418
2438
2471
2627
2639
2667
2679
2691
2716
2783
2831
2835
2869
2917
2855
2928
2879
2982
2959
3007
2975
2999
3031
3051
3063
3023
3137
3121
3123
3135
3071
3175
3207
3167
3215
3199
3111
3249
3271
3217
3215
3255
3187
3247
3294
10000
1814
1754
1475
1222
1164
1005
926
882
820
749
726
749
626
672
650
673
580
616
544
522
484
520
428
474
432
410
428
416
368
360
384
314
352
304
304
260
336
292
288
292
244
304
292
242
200
176
256
212
236
171
10000
128
1305
1734
2087
2255
2359
2447
2465
2534
2663
2655
2704
2799
2775
2754
2791
2861
2869
2870
2909
2931
2886
2915
2959
2941
3005
2957
3056
3003
3035
3055
3043
3091
3095
3095
3153
3115
3179
3163
3131
3207
3179
3255
3191
3185
3263
3239
3263
3222
3263
10000
1820
1841
1424
1248
1077
950
996
914
796
784
796
762
699
656
689
640
576
560
496
533
448
524
520
448
480
373
372
396
405
417
336
358
364
320
321
232
288
210
332
280
256
232
268
224
260
212
194
214
173
220
10000
73
1104
1734
2032
2235
2407
2469
2543
2559
2629
2641
2687
2693
2751
2863
2814
2863
2879
2907
2907
2867
2943
2891
2975
3025
3023
3047
3059
3015
3063
3117
3059
3057
3026
3111
3167
3163
3159
3163
3191
3175
3199
3195
3175
3347
3263
3231
3199
3229
3223
10000
1847
1766
1462
1245
1123
974
948
893
880
817
817
776
715
664
657
564
610
571
497
507
540
464
496
480
464
437
371
362
368
369
408
292
234
310
354
184
304
312
258
256
216
178
280
240
228
192
212
182
240
176
10000
57
1104
1761
2047
2219
2353
2418
2515
2609
2619
2669
2697
2755
2763
2823
2799
2830
2847
2863
2959
2947
2927
3007
2983
2959
3013
2995
3058
3119
3062
3151
3061
3089
3057
3071
3071
3211
3198
3175
3127
3111
3155
3227
3259
3213
3153
3221
3271
3239
3263
10000
1815
1781
1437
1232
1088
968
955
944
846
828
822
776
689
710
656
648
605
564
546
516
502
458
388
456
481
444
401
406
338
329
400
356
310
332
394
304
320
272
265
288
234
210
261
277
260
196
208
176
241
202
10000
134
1239
1839
2064
2267
2385
2435
2513
2551
2611
2671
2706
2671
2749
2769
2811
2871
2871
2815
2943
2895
2955
2957
2961
2939
2999
2993
3093
3027
3095
3043
3119
3059
3095
3159
3155
3263
3095
3199
3163
3151
3269
3223
3199
3263
3191
3213
3259
3223
3227
10000
1813
1770
1474
1268
1129
1008
960
861
834
774
749
680
685
715
657
632
640
562
570
523
528
476
488
426
388
432
438
384
410
387
384
325
352
332
297
288
272
256
340
240
290
264
245
208
256
240
238
192
211
224
10000
144
1216
1735
2106
2299
2379
2471
2539
2589
2641
2623
2687
2727
2723
2833
2835
2823
2838
2906
2898
2907
2993
2943
3003
2967
3023
3071
3006
3067
3099
3067
3121
3035
3137
3115
3153
3115
3103
3189
3167
3153
3175
3121
3231
3247
3247
3243
3235
3291
3245
10000
1776
1776
1464
1215
1056
1060
1028
876
836
820
773
726
684
672
616
656
564
544
476
506
520
521
410
410
394
448
432
362
444
384
384
370
336
320
240
274
260
281
300
274
312
340
208
208
244
241
248
176
208
178
10000
100
1174
1826
2073
2194
2386
2411
2442
2559
2635
2687
2611
2737
2701
2831
2827
2819
2895
2845
2853
2903
2931
2959
3011
2979
3047
2971
3099
3051
3045
3091
3119
3063
3149
3143
3113
3175
3217
3187
3139
3191
3239
3219
3191
3195
3277
3251
3287
3183
3223
10000
1799
1795
1434
1241
1147
1040
1053
802
812
768
768
729
665
660
593
628
586
496
540
484
528
516
442
473
405
412
440
384
416
400
401
377
293
316
298
320
240
256
224
244
258
300
294
244
256
217
233
218
224
204
10000
54
1121
1733
1989
2266
2343
2423
2544
2559
2643
2607
2695
2686
2751
2769
2819
2783
2855
2931
2847
2903
2971
2949
2915
2995
2999
2959
3055
3039
3025
3115
3069
3067
3163
3135
3167
3159
3135
3183
3153
3191
3199
3235
3159
3243
3215
3219
3227
3119
3217
10000
1812
1822
1497
1274
1168
1008
940
872
772
803
806
736
683
640
614
592
630
592
584
534
464
536
540
464
420
394
341
433
346
384
312
352
298
280
260
260
308
256
281
264
276
264
244
256
208
218
224
218
168
204
10000
114
1191
1769
2077
2225
2311
2445
2467
2515
2639
2659
2675
2718
2659
2799
2787
2815
2893
2878
2943
2919
2928
2939
2967
3015
3027
3005
2998
3030
3071
3151
3131
3135
3127
3167
3151
3123
3155
3231
3269
3227
3147
3178
3187
3247
3198
3271
3231
3199
3310
10000
1856
1813
1478
1258
1082
1062
946
880
821
823
770
737
752
677
632
604
621
560
550
562
544
480
461
388
450
474
384
394
418
305
354
352
336
344
320
332
290
288
320
324
261
228
288
288
224
225
224
192
176
246
10000
128
1245
1766
2010
2231
2343
2407
2541
2545
2627
2663
2699
2647
2767
2695
2801
2815
2837
2891
2943
2961
2919
2989
2943
3007
2943
3051
2999
3035
3007
3023
3123
3023
3055
3071
3167
3175
3217
3099
3175
3175
3195
3189
3139
3191
3247
3281
3215
3219
3223
10000
1807
1760
1424
1234
1122
1008
977
912
805
784
768
705
738
668
604
600
560
553
506
554
475
480
461
440
428
400
432
387
500
384
352
394
368
325
360
256
302
292
272
298
272
212
274
224
205
228
196
214
232
240
10000
96
1056
1754
2037
2178
2369
2447
2487
2519
2608
2695
2687
2711
2759
2783
2831
2799
2839
2847
2909
2897
2917
2973
2911
3039
2901
3043
3026
3111
3035
3071
3067
3093
3119
3111
3155
3123
3179
3107
3139
3247
3219
3135
3165
3199
3263
3199
3271
3223
3231
10000
1823
1733
1485
1282
1116
986
953
868
848
666
804
720
704
720
621
640
534
576
516
556
442
518
480
448
420
426
378
396
400
348
360
384
289
346
272
258
336
276
272
328
288
243
224
240
226
208
160
186
262
208
10000
96
1080
1661
2064
2192
2343
2455
2429
2547
2623
2677
2685
2756
2741
2771
2823
2911
2867
2933
2915
2896
2866
3039
2961
2967
3023
2973
3031
3038
3139
3123
3103
3071
3119
3111
3107
3139
3175
3181
3159
3231
3179
3207
3222
3215
3247
3277
3223
3159
3155
10000
1821
1753
1451
1228
1149
1040
944
908
833
816
758
758
729
720
641
656
592
568
493
588
472
458
439
464
432
404
474
384
345
393
292
352
346
344
322
304
281
258
256
282
296
200
260
224
256
224
224
234
193
153
10000
120
1249
1751
2047
2257
2353
2431
2487
2587
2739
2691
2670
2725
2807
2799
2865
2855
2871
2887
2851
2955
2966
2983
2957
2983
3019
3037
3071
3111
3047
3199
3099
3119
3055
3095
3071
3185
3153
3111
3127
3195
3151
3175
3251
3182
3199
3263
3248
3281
3259
10000
1875
1766
1478
1197
1177
944
990
896
817
737
806
705
720
704
588
642
576
581
537
560
518
473
468
480
424
434
392
402
320
288
304
392
288
290
280
292
276
264
274
282
304
200
278
240
224
184
208
182
184
182
10000
82
1097
1744
2087
2241
2323
2399
2481
2529
2627
2675
2687
2709
2754
2791
2831
2835
2943
2859
2861
2911
3013
2963
2991
3021
3039
3019
2997
3103
3135
3167
3091
3122
3071
3103
3135
3119
3175
3183
3167
3191
3217
3247
3173
3207
3227
3191
3255
3159
3243
10000
1791
1802
1393
1276
1072
1008
956
864
825
846
708
788
758
705
610
608
624
508
565
536
496
537
464
440
406
400
418
416
372
396
368
304
290
321
336
336
256
288
320
288
224
272
272
276
192
200
268
148
240
74
10000
192
1230
1757
2089
2278
2374
2419
2543
