2807
2895
2915
2955
2991
2991
2897
2981
3038
3003
3023
3071
3045
3143
3101
3091
3151
3191
3118
3099
3199
3189
3139
3207
3173
3173
3247
3231
3195
3223
3231
3231
10000
1872
1821
1462
1326
1132
1058
977
947
884
816
865
776
721
685
688
623
584
592
554
560
560
525
496
492
428
425
457
386
384
395
400
398
291
373
272
340
276
288
304
272
304
288
302
268
192
280
272
228
203
170
10000
104
1232
1781
2047
2266
2307
2461
2489
2517
2633
2659
2718
2755
2727
2787
2829
2842
2845
2865
2847
2891
2964
2931
2963
3039
2992
3043
3071
3062
3071
3109
3071
3099
3121
3127
3123
3123
3167
3149
3213
3171
3167
3179
3199
3199
3281
3215
3279
3275
3251
10000
1874
1872
1463
1291
1152
1041
917
882
860
876
738
784
750
685
657
613
624
594
554
596
472
528
500
408
468
472
409
384
451
392
360
384
361
320
336
348
320
312
224
300
224
240
240
242
204
267
218
244
168
192
10000
110
1196
1715
2047
2233
2366
2407
2469
2559
2615
2669
2682
2704
2751
2775
2823
2843
2831
2895
2927
2891
2921
2971
2959
3007
3031
3015
3047
3047
2959
3039
3153
3111
3126
3119
3091
3184
3139
3111
3185
3141
3203
3199
3219
3235
3179
3185
3271
3231
3279
10000
1813
1821
1493
1222
1168
1072
996
872
886
887
802
759
776
748
696
656
634
620
592
502
528
560
440
482
450
418
397
448
376
376
416
369
412
344
304
304
272
326
292
281
320
292
256
300
258
226
224
208
208
180
10000
88
1072
1708
1993
2199
2313
2431
2544
2605
2623
2623
2658
2733
2811
2815
2835
2903
2835
2859
2933
2943
2931
3003
2973
2999
3051
3024
3057
3031
3063
3071
3099
3091
3147
3123
3189
3151
3119
3231
3139
3222
3199
3223
3205
3282
3231
3231
3283
3313
3245
10000
1870
1832
1499
1232
1179
1089
1040
929
890
818
794
809
760
661
709
640
617
598
592
482
560
456
464
522
464
416
482
358
388
368
410
336
384
368
328
368
336
304
257
278
198
272
256
256
224
212
208
244
200
226
10000
122
1170
1776
2059
2254
2352
2446
2514
2591
2639
2679
2727
2679
2747
2783
2799
2863
2871
2923
2863
2875
2927
2995
2929
3027
3014
2981
3051
3023
3089
3003
3087
3127
3069
3111
3189
3133
3165
3173
3217
3183
3279
3182
3155
3251
3247
3279
3249
3191
3255
10000
1872
1807
1510
1291
1102
1050
938
866
837
842
789
716
722
730
670
674
569
585
592
504
524
600
480
528
505
453
408
372
368
368
313
390
320
320
304
321
258
320
298
240
332
208
260
240
230
240
202
225
294
229
10000
108
1197
1761
2047
2210
2365
2507
2495
2594
2659
2587
2687
2686
2800
2749
2815
2805
2883
2917
2919
2943
2949
2927
2981
2987
2935
3015
3007
3111
3143
3071
3089
3099
3099
3140
3135
3195
3127
3185
3095
3217
3134
3155
3183
3235
3231
3213
3211
3195
3291
10000
1839
1842
1520
1297
1098
1120
944
947
864
858
768
724
736
677
584
698
608
618
641
544
592
509
464
466
472
474
425
400
448
352
424
336
364
320
336
304
370
264
296
272
304
224
200
234
256
240
216
240
224
224
10000
165
1200
1791
2077
2213
2355
2437
2480
2531
2643
2691
2706
2703
2774
2755
2831
2851
2847
2895
2829
2933
2943
2960
2931
2951
2959
3029
3103
3071
2999
3071
3103
3107
3063
3119
3159
3153
3187
3121
3167
3123
3295
3211
3199
3263
3175
3279
3207
3239
3227
10000
1866
1795
1488
1310
1164
1054
998
898
880
832
784
794
698
705
656
644
596
620
560
547
528
496
522
536
424
420
416
384
400
388
310
336
354
328
352
326
314
288
266
256
216
240
242
268
282
264
216
240
260
208
10000
114
1264
1739
2030
2192
2394
2418
2479
2559
2623
2675
2639
2687
2751
2803
2779
2783
2863
2823
2919
2957
2929
2895
2943
3011
3024
3011
3021
3071
3071
3108
3089
3069
3151
3119
3134
3147
3163
3123
3199
3213
3215
3191
3231
3303
3251
3237
3295
3215
3271
10000
1847
1819
1459
1275
1146
1035
976
960
842
832
784
769
728
688
690
624
656
576
541
532
546
481
499
464
448
469
428
432
325
369
324
336
326
320
284
312
344
248
276
280
280
268
216
256
241
234
256
256
170
264
10000
132
1225
1793
2067
2205
2374
2475
2494
2595
2607
2630
2719
2691
2749
2795
2806
2845
2895
2853
2855
2751
2943
2971
3007
3031
2991
3013
3027
3031
3022
3019
3135
3109
3039
3183
3135
3103
3103
3150
3235
3135
3191
3246
3191
3203
3159
3263
3279
3259
3279
10000
1802
1808
1486
1280
1078
1010
962
899
890
806
768
785
740
684
681
641
652
578
546
565
436
548
521
496
493
408
340
360
368
448
368
416
357
304
384
293
248
304
288
309
241
272
244
268
212
242
283
212
232
176
10000
146
1178
1810
2029
2224
2355
2411
2543
2588
2621
2653
2683
2682
2795
2795
2791
2791
2815
2899
2854
2851
2993
2967
3003
3023
2935
3015
3031
3087
3115
3017
3119
3139
3110
3175
3103
3101
3103
3151
3199
3261
3279
3173
3133
3223
3227
3221
3197
3327
3258
10000
1806
1890
1491
1268
1170
1090
970
896
876
845
818
781
684
691
700
633
608
612
569
490
464
528
460
472
484
432
420
384
368
400
362
338
344
320
313
320
288
258
280
240
293
264
195
240
224
208
262
201
213
224
10000
128
1248
1767
2079
2223
2351
2431
2495
2596
2631
2631
2677
2711
2741
2704
2814
2819
2877
2867
2943
2923
2931
2975
2999
3025
3007
3031
3039
3103
3071
3089
3071
3103
3031
3127
3135
3197
3139
3221
3198
3166
3207
3251
3211
3177
3219
3025
3263
3275
3286
10000
1791
1789
1473
1254
1168
1054
992
908
891
816
781
752
704
640
698
653
673
624
544
596
576
496
488
480
480
432
448
434
370
368
368
331
344
328
330
384
314
272
288
320
256
339
256
258
232
202
216
176
226
228
10000
112
1216
1795
2064
2242
2321
2447
2543
2554
2623
2671
2659
2771
2749
2799
2755
2805
2791
2861
2931
2919
2960
2993
3025
3005
2979
3015
3119
3103
3135
3111
3151
3147
3163
3175
3119
3219
3263
3187
3215
3207
3287
3213
3199
3239
3238
3227
3295
3319
3319
10000
1833
1766
1472
1242
1155
1058
1012
938
868
864
801
772
713
670
656
684
650
540
557
480
469
558
480
496
528
468
461
384
438
400
340
360
354
346
320
337
324
313
340
320
357
257
293
204
200
240
224
240
196
214
10000
136
1234
1807
2079
2235
2394
2396
2543
2611
2639
2639
2763
2723
2790
2807
2863
2871
2864
2887
2885
2961
2935
2951
2979
3055
3051
3119
3007
3063
3027
3055
3023
3147
3149
3237
3159
3153
3175
3167
3115
3211
3263
3223
3245
3215
3239
3344
3279
3251
3344
10000
1808
1807
1449
1280
1125
1041
922
904
832
808
768
745
682
710
640
624
624
566
516
554
562
483
476
468
432
448
486
520
432
356
300
388
348
272
336
308
320
208
272
296
280
284
240
258
228
224
234
226
224
160
10000
102
1237
1764
2033
2265
2374
2470
2587
2546
2646
2677
2699
2770
2767
2859
2803
2847
2979
2927
2925
2927
3031
2965
3056
2999
3027
3057
3071
3023
3127
3121
3154
3135
3119
3205
3217
3183
3150
3167
3237
3246
3327
3103
3245
3217
3221
3319
3261
3275
3283
10000
1750
1803
1457
1277
1178
1060
1036
900
898
832
769
740
714
707
722
664
648
624
586
544
566
500
494
496
464
480
464
368
436
405
412
365
368
368
312
368
337
278
276
293
310
277
288
288
244
210
313
259
248
176
10000
128
1340
1851
2160
2308
2438
2503
2610
2591
2685
2738
2741
2759
2855
2864
2886
2927
2907
2931
2979
2991
3011
2991
3031
2991
3115
3191
3071
3127
3151
3184
3217
3215
3287
3275
3283
3287
3287
3263
3389
3377
3359
3427
3583
3455
3479
3499
3559
3647
3635
10000
1694
1456
1053
834
741
656
640
571
516
516
456
498
536
408
432
304
346
416
352
389
336
388
340
354
304
320
320
336
260
280
296
192
312
262
293
256
416
308
312
288
310
300
272
272
202
276
234
208
240
240
10000
96
1535
2431
2736
2963
3055
3229
3221
3255
3295
3223
3311
3403
3355
3483
3455
3431
3579
3639
3631
3631
3675
3619
3701
3679
3659
3743
3767
3967
3735
3871
3831
3875
3887
3823
3877
3903
3803
3831
3875
3830
3723
3871
3647
3839
3407
3807
3583
3623
3839
10000
1587
1333
880
640
626
400
353
320
324
288
281
329
360
248
260
360
432
164
218
209
200
186
188
224
165
132
104
176
96
128
80
130
96
116
137
80
64
68
73
216
200
36
0
2
18
67
80
0
8
48
10000
18
1502
2434
2993
3159
3345
3535
3511
3533
3615
3549
3615
3879
3797
3835
3730
3863
3723
3855
3775
3791
3775
3839
3710
3755
3679
3633
3723
3637
3711
3879
3451
3707
3703
3671
3675
3611
3647
3759
3739
3711
3735
3839
3859
3903
3763
3943
3923
3815
3831
10000
1712
1329
920
660
530
384
378
292
288
333
224
256
161
148
162
132
92
176
116
136
132
96
9
168
32
68
48
32
80
0
16
64
32
96
16
40
32
56
68
24
16
80
48
48
52
68
40
20
57
64
10000
64
1605
2559
2927
3230
3327
3399
3398
3342
3527
3645
3607
3579
3583
3519
3631
3583
3565
3643
3235
3579
3735
3583
3687
3455
3603
3639
3839
3583
3679
3775
3709
3711
3723
3879
3839
3799
3697
3543
3827
3909
3827
3839
3631
3855
3
2
2879
2991
2877
2911
2999
2911
3126
3063
3123
3103
3057
3115
3121
3195
3179
3167
3053
3185
3229
3207
3069
3089
3198
3283
3197
3391
10000
1830
1807
1677
1365
1248
1248
1196
1316
1128
1260
1166
1072
1067
903
914
978
944
848
816
737
745
752
630
630
524
474
592
480
536
432
400
432
491
418
320
352
272
296
288
224
296
277
330
368
276
256
216
233
136
181
10000
35
968
1488
1714
1940
1989
2145
2109
2243
2331
2334
2511
2467
2535
2640
2771
2765
2687
2815
2699
2757
2763
2943
2835
2931
2925
3015
2791
2991
3071
3027
3131
3093
3071
3063
3039
3057
3126
3167
3199
3071
3215
3099
3179
3199
3439
3271
3251
3243
3175
10000
1851
2002
1797
1473
1312
1280
1245
1221
1120
1084
1085
1013
776
736
773
640
584
590
610
672
586
598
489
528
417
418
466
520
388
433
400
448
370
336
369
320
360
236
256
328
224
204
186
120
272
133
232
320
230
128
10000
214
1150
1673
1984
2209
2192
2357
2371
2331
2343
2055
2032
2073
2257
2366
2691
2646
2663
2693
2755
2736
2843
2727
2859
2823
2783
2927
2864
2943
2990
3007
2902
3019
3111
3143
2927
3151
3223
3217
3315
3269
3153
3263
3195
3227
3163
3262
3407
3255
3255
10000
1862
1887
2225
1952
1996
1819
1534
1565
1376
1310
1189
988
1066
960
864
945
714
820
829
760
593
576
696
625
656
442
426
562
384
408
417
366
396
236
240
333
368
258
308
186
210
160
144
284
202
176
244
114
260
212
10000
112
1158
1483
1610
1669
1714
1755
1873
2064
2065
2134
2237
2341
2288
2397
2453
2509
2595
2670
2704
2783
2723
2863
2774
2637
2815
2762
2779
2831
3111
3071
3137
3167
3119
3199
3199
3119
3199
3211
3184
3327
3261
3199
3423
3239
3199
3303
3249
3359
3335
10000
1927
1987
1693
1474
1405
1247
1206
1263
1188
1072
1000
930
976
924
880
835
768
784
762
726
665
649
592
570
452
576
484
457
528
532
474
456
442
392
434
330
281
320
307
292
304
310
308
290
304
176
176
336
138
240
10000
112
1167
1535
1809
1983
2224
2240
2380
2435
2421
2491
2591
2491
2679
2599
2711
2671
2743
2671
2835
2864
2841
2863
2879
2903
2891
2896
3071
2895
2927
3067
3035
2931
3030
3056
3023
3111
3087
3063
3187
3153
3117
3216
3191
3167
3247
3199
3197
3231
3211
10000
1805
1879
1563
1562
1581
1480
1463
1364
1282
1335
1101
1164
1008
896
976
1002
872
704
716
597
624
612
688
537
532
488
432
384
352
384
432
344
396
290
384
400
288
368
324
320
192
320
309
185
300
72
256
226
192
48
10000
150
1167
1482
1462
1570
1718
1785
2011
2175
2190
2238
2361
2352
2451
2606
2474
2704
2731
2787
2641
2783
2781
2754
2819
2896
2949
2931
2927
2959
3005
2965
3111
2917
3091
3175
3049
3131
3219
3251
3217
3247
3251
3387
3191
3247
3213
3191
3315
3333
3251
10000
1863
1982
1840
1758
1616
1568
1461
1295
1153
1181
1186
1136
1036
1000
848
816
780
712
704
733
648
660
553
528
540
557
530
448
448
482
472
366
336
308
224
228
368
368
368
336
264
288
276
232
160
216
164
178
228
104
10000
80
904
1264
1321
1627
1805
1968
2047
2219
2302
2259
2299
2411
2480
2410
2479
2397
2480
2495
2615
2783
2773
2779
2801
2719
2847
2887
2959
2928
2981
3025
2911
2963
3067
3055
3120
3249
3111
3206
3199
3179
3222
3167
3198
3219
3367
3249
3375
3245
3150
10000
1840
1898
1857
1700
1674
1530
1351
1328
1348
1383
1195
1152
1120
1062
1056
994
922
843
786
852
838
742
740
720
537
563
528
521
448
429
424
404
396
336
304
304
292
276
353
308
368
218
306
226
192
170
160
184
201
128
10000
26
884
1275
1521
1837
1919
2150
2135
2119
2141
2357
2289
2347
2483
2544
2635
2625
2586
2654
2787
2801
2838
2813
2815
2743
2864
2882
2831
3135
3093
3071
2959
3039
2979
2983
2975
3055
3024
3071
3031
2958
3043
3043
3133
3071
3151
3071
3101
3167
3307
10000
1826
2033
1916
1680
1629
1659
1429
1337
1284
1201
1092
1032
1008
925
962
752
730
720
696
642
616
594
624
570
488
621
481
560
492
448
528
392
390
360
320
370
293
320
282
327
340
288
336
232
256
170
240
192
208
216
10000
140
1094
1177
1386
1616
1862
1799
1968
2099
2069
2223
2293
2350
2607
2555
2667
2655
2551
2686
2831
2915
2911
2895
2927
2811
2935
2971
2903
2994
2963
2995
2943
3197
3115
3091
3057
3103
3042
3235
3111
3174
3143
3159
3235
3215
3151
3217
3167
3247
3179
10000
1778
2000
1886
1640
1534
1578
1488
1308
1385
1239
1360
1097
1028
944
880
937
890
912
834
848
780
608
616
576
577
578
560
592
610
448
498
416
312
352
288
300
336
320
364
220
256
261
240
244
220
230
272
224
226
96
10000
201
1152
1501
1535
1702
1818
1904
2064
2134
2113
2331
2306
2427
2498
2611
2655
2623
2695
2743
2775
2879
2751
2835
2883
2971
3005
3143
2928
3159
2959
3094
3053
3163
2975
3071
3071
2787
3007
3217
3024
3185
3221
3263
3151
3174
3109
3150
3279
3263
3327
10000
1885
1915
1994
1658
1698
1430
1234
1266
1392
1104
1189
1104
1008
984
945
910
938
869
832
802
826
662
672
608
448
624
610
448
425
384
456
424
306
496
352
344
256
376
312
304
224
320
362
288
305
262
358
244
208
242
10000
112
958
1120
1468
1743
1979
2129
2175
2279
2293
2331
2331
2439
2497
2591
2559
2661
2715
2674
2640
2709
2811
2879
2767
2928
2890
2791
2883
2943
2989
2927
3021
3055
3013
2943
3071
2983
3171
3071
3093
3149
3111
3231
3155
3119
3178
3255
3239
3249
3191
10000
1877
1916
1801
1721
1711
1623
1570
1535
1354
1416
1254
1349
1272
1054
1070
992
848
854
870
788
857
592
510
613
550
640
618
560
576
410
496
396
278
336
363
376
372
352
377
200
352
196
224
320
162
336
240
50
154
144
10000
208
943
1225
1658
1835
1898
2011
2221
2213
2299
2395
2590
2465
2544
2519
2535
2649
2672
2524
2599
2704
2747
2807
2847
2801
2771
2800
2815
2883
2803
2903
2929
3003
2991
3035
2917
3007
3167
3067
2995
2959
3027
3090
3031
3205
3135
3263
3248
3127
3114
10000
1907
1857
1842
1745
1669
1594
1535
1465
1402
1334
1253
1208
1051
970
930
976
795
832
740
750
649
738
640
673
596
624
482
502
485
522
392
338
368
389
372
304
272
272
304
256
258
224
184
240
278
192
228
202
300
113
10000
100
1030
1553
1809
1894
1757
1761
1713
1781
1883
2042
2192
2275
2407
2427
2485
2367
2559
2703
2890
2865
2933
2879
2899
2871
2939
2939
2899
2989
3023
2891
3027
2943
3007
2955
3091
3025
3103
3039
3344
3199
3319
3267
3215
3263
3271
3175
3319
3283
3367
10000
1921
1823
1652
1534
1535
1661
1571
1584
1416
1308
1340
1140
1182
1156
1008
1005
952
806
864
794
800
736
730
612
624
672
608
504
434
549
420
549
354
368
464
265
368
400
240
336
308
282
208
197
243
256
226
144
196
152
10000
118
964
1196
1685
1941
1980
2001
1978
2047
2126
2171
2403
2366
2447
2493
2531
2523
2594
2559
2687
2623
2707
2759
2735
2767
2846
2831
3053
2789
2928
2927
2955
2875
3051
3107
3131
3087
3103
3199
3125
3143
3230
3154
3327
3111
3223
3211
3243
3287
3183
10000
1903
1955
1836
1744
1712
1611
1344
1299
1177
1111
976
904
949
980
832
828
764
782
664
604
658
646
502
547
472
452
588
525
402
470
466
505
421
390
368
400
240
384
332
281
260
298
244
208
257
248
128
232
202
224
10000
96
880
1445
1788
2034
2128
2223
2333
2422
2450
2543
2525
2523
2631
2667
2655
2599
2745
2707
2743
2901
2831
2805
2839
2943
2871
2943
2911
3003
3071
3063
2989
2979
3043
3071
3060
3022
3141
3011
3119
3129
3071
3115
3249
2995
3123
3245
3271
3199
3207
10000
1815
1937
1731
1535
1328
1312
1346
1180
1120
1000
976
974
864
899
870
768
749
752
616
684
688
640
565
596
488
454
570
484
432
458
488
346
258
368
248
352
256
236
177
336
210
228
228
270
260
193
304
218
154
146
10000
66
967
1368
1650
1728
1840
2079
2045
2207
2238
2375
2322
2325
2445
2471
2643
2829
2779
2789
2839
2823
2887
2801
2847
2896
3019
2934
2883
2890
2963
2907
3037
3109
3111
3167
3121
3125
3345
3147
3319
3215
3135
3175
3065
3095
3047
3099
3151
3127
3165
10000
1850
2175
2000
1904
1857
1488
1622
1440
1329
1163
1041
998
977
1034
940
832
832
756
686
674
602
592
544
480
528
459
384
424
368
304
244
384
336
274
410
338
280
232
216
432
300
224
288
272
160
340
226
256
212
104
10000
56
1082
1294
1474
1729
1650
1705
1999
2077
2078
2239
2128
2384
2482
2455
2687
2605
2658
2602
2635
2759
2755
2774
2839
2727
2863
2915
2995
3030
3059
3023
2983
3007
2992
3143
3027
3059
3162
3071
3209
3031
3121
3127
3117
3250
3263
3263
3291
3199
3287
10000
1869
2079
1796
1569
1648
1510
1466
1327
1281
1238
1134
1156
976
996
946
910
944
850
780
770
772
653
604
534
600
640
528
568
576
561
498
544
418
336
448
321
310
280
304
320
320
298
267
332
360
372
235
240
226
192
10000
105
1193
1345
1408
1655
1807
1927
1907
2007
2007
2147
2256
2213
2347
2318
2471
2465
2544
2603
2759
2703
2607
2832
3069
3111
3031
2967
2995
3103
2907
2999
2990
3026
3151
2961
3005
2967
3007
3023
3035
2943
3167
3011
3223
3283
3206
3295
3271
3271
3247
10000
1883
2067
1929
1717
1680
1602
1494
1443
1296
1286
1224
1154
1045
896
970
922
717
913
688
684
782
705
640
576
538
628
594
518
400
458
499
464
396
408
416
372
362
376
312
328
280
308
320
236
204
160
192
313
229
212
10000
168
1056
1692
1782
1611
1819
1886
1909
2000
2186
2236
2303
2241
2384
2384
2423
2507
2646
2647
2647
2771
2707
2779
2695
2864
2783
2835
2896
2919
2939
2971
2999
3047
3031
3107
3043
3115
3183
3131
3159
3181
3183
3123
3249
3173
3147
3191
3323
3295
3351
10000
1791
2175
1963
1809
1643
1727
1520
1482
1276
1370
1142
1039
984
870
818
774
834
800
774
664
644
688
672
564
627
592
528
589
500
368
416
444
432
401
328
309
314
364
260
276
256
364
208
274
176
278
170
160
200
256
10000
160
1175
1512
1648
1702
1743
1772
1875
2047
1968
2111
2256
2407
2407
2423
2482
2559
2503
2559
2687
2672
2673
2727
2865
2839
3031
2879
2967
2951
2971
2963
3035
2943
3029
3103
3043
3087
3153
3148
3088
3219
3238
3195
3091
3153
3199
3231
3275
3311
3327
10000
1839
2299
1840
1765
1779
1721
1648
1474
1296
1175
1147
993
1063
940
934
752
752
624
808
749
594
747
612
592
640
320
632
500
500
432
404
352
432
328
364
356
400
284
272
298
340
240
242
320
166
235
260
96
176
116
10000
0
912
1359
1869
1985
2002
2027
2122
2279
2170
2175
2237
2359
2359
2399
2363
2559
2599
2842
2747
2807
2811
2908
2887
2906
2813
2943
2992
2961
3007
2943
2863
2863
3027
3037
3095
2975
3127
3019
3211
3171
3133
3089
3174
3341
3134
3271
3183
3359
3243
10000
1881
1873
1926
1729
1585
1530
1406
1389
1217
1281
1129
976
1064
875
940
791
910
768
688
668
736
672
758
667
522
529
544
442
496
525
396
426
467
408
289
288
208
340
368
352
288
368
244
256
292
256
201
208
120
296
10000
176
1051
1556
1785
1835
1877
2135
2176
2199
2256
2261
2414
2443
2351
2421
2587
2667
2727
2751
2655
2755
2639
2687
2736
2875
2803
2905
2928
2903
2961
2994
2947
3007
2975
3143
3049
3186
3173
3171
3067
3181
3159
3271
3216
3277
3171
3335
3365
3343
3247
10000
1853
1901
1816
1749
1648
1557
1333
1378
1232
1245
1086
985
916
1046
918
796
800
756
800
627
626
524
540
656
640
468
464
560
496
472
492
337
454
416
456
360
324
304
372
432
300
337
213
266
224
166
240
273
96
164
10000
56
1034
1453
1616
1728
1887
1902
2086
2263
2175
2257
2231
2271
2407
2462
2517
2594
2647
2653
2853
2738
2727
2670
2947
2843
2867
2847
2943
3093
3035
3071
3067
3243
3015
3037
2943
3039
3199
3043
3091
3143
3185
3185
3215
3287
3315
3143
3255
3247
3215
10000
1786
2022
1845
1745
1535
1637
1558
1362
1380
1109
1201
1096
1009
946
848
896
825
786
762
721
693
586
658
560
448
500
570
490
470
396
328
465
458
336
384
332
368
330
208
256
310
179
410
112
242
202
264
169
294
192
10000
176
1106
1467
1719
1856
2000
2079
2163
2193
2243
2271
2453
2530
2610
2559
2687
2730
2791
2897
2756
2891
2847
2925
2991
2902
2897
2875
3051
2986
3061
2975
2899
3071
3027
3123
2975
3139
3090
3071
3039
3111
3151
3171
3135
3307
3253
3275
3035
3215
3216
10000
1869
1915
1603
1417
1413
1376
1385
1244
1200
1152
1136
1056
908
937
929
825
721
714
736
652
624
496
544
576
368
473
416
416
368
404
320
304
401
324
304
316
364
272
368
324
184
208
240
232
210
212
272
246
196
180
10000
104
1104
1535
1783
1829
2028
2089
2139
2335
2319
2415
2326
2375
2491
2635
2757
2735
2751
2807
2715
2734
2831
2802
2789
2902
2767
2931
2983
2929
3029
2931
3120
3123
3029
3053
3127
3110
3051
3151
3247
3123
2955
3175
3223
3183
3254
3199
3187
3263
3349
10000
1799
1907
1650
1613
1488
1388
1382
1345
1334
1181
1084
1088
955
1002
834
818
816
776
720
720
681
720
536
594
546
556
616
576
544
436
416
592
448
362
273
320
370
340
376
428
272
372
274
106
304
288
245
308
228
298
10000
118
1136
1529
1647
1713
1877
1931
2069
2186
2160
2359
2335
2363
2509
2609
2635
2547
2663
2815
2757
2899
2787
2867
2959
2941
2993
3055
3070
3179
3195
3045
3039
3071
3071
3058
3070
3047
3103
3103
3071
2987
3182
3071
3151
3149
3191
3182
3103
3121
3263
10000
1782
1975
1677
1386
1643
1525
1424
1329
1360
1200
1168
1144
1103
862
964
880
1010
920
752
728
726
525
564
500
544
528
320
437
437
464
480
362
448
368
322
440
432
272
353
309
326
248
256
232
162
204
146
204
106
232
10000
148
1136
1585
1758
2065
2032
2073
2178
2171
2219
2395
2293
2431
2511
2481
2623
2454
2585
2599
2742
2597
2751
2799
2779
2749
2835
2831
2791
2887
2903
2971
2901
2943
3057
2959
3051
3122
3047
3029
3071
3003
3143
3219
3187
3103
3239
3143
3215
3247
3167
10000
1949
2111
1642
1479
1434
1346
1277
1138
1239
1216
1061
1008
969
968
1009
816
784
642
750
624
768
528
560
505
582
589
440
566
508
464
417
402
400
448
459
397
290
336
307
284
336
332
290
192
308
184
208
240
309
242
10000
98
964
1638
1826
2089
2199
2335
2386
2375
2439
2399
2479
2463
2558
2559
2527
2599
2647
2646
2865
2791
2771
2901
2802
2795
2895
2955
2915
2983
2895
3063
2941
2903
2955
3087
3099
3151
3071
3199
3135
3119
3071
3038
3135
3155
3246
3171
3311
3183
3219
10000
1847
1871
1562
1560
1340
1277
1244
1088
1072
1073
964
1036
932
848
906
880
880
886
837
812
672
710
642
601
560
610
520
544
386
408
558
509
396
464
426
429
416
328
294
273
336
268
256
225
288
340
322
260
194
206
10000
152
1020
1696
1846
1889
1950
1887
2034
2219
2247
2367
2329
2525
2418
2514
2415
2546
2539
2559
2643
2769
2831
2877
2867
2891
2875
2951
2915
3056
3089
2927
3071
3131
3117
3111
3139
3175
3167
3195
3007
3159
3237
3181
3151
3119
3159
3295
3179
3123
3303
10000
1847
1889
1646
1397
1370
1294
1242
1052
992
966
832
896
848
896
804
708
840
882
826
741
804
749
688
676
720
616
608
604
537
517
401
436
448
296
400
342
288
328
320
256
320
368
308
276
180
162
304
224
152
230
10000
80
978
1475
1738
1917
2047
2129
2032
2224
2287
2256
2407
2503
2559
2459
2559
2641
2672
2731
2791
2791
2751
2839
2739
2861
2867
2899
2883
2915
2939
2959
3006
3102
3051
3118
3121
3135
3101
3167
3063
3101
3199
3143
3227
3071
3102
3249
3147
3313
3207
10000
1911
1905
1702
1348
1376
1277
1364
1137
1056
1035
1129
1017
1062
880
784
816
860
820
676
704
690
536
618
624
601
560
464
374
496
360
314
337
272
377
368
316
296
258
308
200
184
208
368
368
202
244
129
192
208
256
10000
136
1136
1524
1821
2001
2211
2133
2326
2299
2371
2385
2437
2421
2481
2435
2547
2685
2527
2719
2723
2663
2693
2671
2683
2767
2783
2823
2907
2955
2961
2960
2979
2959
3023
3091
3089
3147
3059
3111
3159
3173
3243
3215
3119
3347
3279
3205
3255
3277
3213
10000
1887
1990
1743
1522
1576
1501
1344
1210
1218
1170
1168
1072
896
1021
912
874
756
832
779
656
697
608
474
521
496
528
470
528
557
450
516
416
360
344
336
370
340
384
360
352
400
262
291
288
236
170
224
192
176
228
10000
104
1150
1649
1920
1952
2155
1844
1947
2127
2220
2191
2215
2407
2439
2651
2591
2587
2591
2683
2723
2863
2917
2915
3011
2855
2865
2903
2899
2959
3055
3035
2983
3027
2999
3057
3151
3103
3039
3155
3267
3135
3056
3111
3219
3249
3215
3150
3229
3245
3221
10000
1775
1999
1701
1569
1554
1383
1159
1057
1116
1088
1037
1014
840
930
843
773
768
774
624
724
706
648
564
563
544
534
496
460
554
430
468
432
448
456
450
336
348
464
408
368
368
272
332
308
272
202
258
220
148
288
10000
208
1254
1616
1758
1996
2078
2195
2295
2409
2486
2498
2503
2551
2603
2623
2683
2695
2925
2815
2871
2830
2783
2863
2900
2990
3024
3007
2967
2967
2899
3179
3095
2927
3039
3025
3055
3121
3093
3157
3111
3127
3229
3143
3263
3351
3151
3231
3251
3179
3059
10000
1776
1866
1554
1535
1594
1565
1472
1264
1210
1164
1084
982
917
923
888
896
807
804
752
650
520
557
576
576
640
508
450
468
472
484
464
384
393
322
322
384
352
408
256
272
333
320
241
300
288
342
184
320
193
272
10000
64
1001
1522
1696
1911
2047
2128
2240
2224
2353
2354
2369
2451
2543
2595
2559
2747
2643
2775
2707
2735
2734
2869
2695
2847
2899
2939
2815
2961
2962
2867
2896
2863
2903
3030
3011
3126
3159
3119
3119
3055
3087
3199
3275
3319
3231
3184
3341
3335
3263
10000
1935
1922
1488
1402
1326
1153
1136
1071
1106
1016
974
860
771
816
732
689
661
661
720
662
568
569
609
554
454
496
568
468
409
518
506
448
392
358
365
384
312
240
224
320
208
172
235
264
240
336
169
220
208
240
10000
152
1197
1735
1974
2047
2190
2259
2407
2421
2413
2503
2659
2629
2672
2647
2685
2672
2794
2877
2851
2847
2867
2729
2931
2847
2939
2903
2961
2999
3051
2999
3071
3095
3035
3047
3071
3071
3152
3091
3062
3005
3247
3183
3231
3255
3163
3091
3127
3199
3171
10000
1887
1867
1679
1421
1293
1232
1084
1072
940
1048
997
981
804
844
834
803
720
736
708
769
676
608
624
592
584
528
553
476
488
516
320
354
448
452
358
346
296
374
272
314
336
240
320
316
312
232
338
322
242
144
10000
86
956
1403
1853
1857
1776
1851
1778
1846
1917
2013
2118
2261
2449
2673
2495
2587
2659
2559
2767
2719
2807
2919
2898
2963
3087
3033
3051
3143
3111
3103
3184
3351
3181
3261
3311
3407
3118
3223
3237
3243
3153
3251
3213
3207
3111
3345
3275
3141
3179
10000
1823
1881
1646
1423
1328
1250
1088
1099
1051
960
887
881
870
866
904
760
848
768
704
583
616
661
624
536
504
492
528
464
544
496
432
416
400
400
362
464
312
352
352
368
304
340
272
280
332
162
336
224
242
96
10000
92
1072
1640
1894
2137
2199
2351
2423
2495
2555
2551
2627
2663
2615
2783
2801
2623
2815
2811
2951
2789
2887
2835
2981
2896
2975
2907
3131
2991
3047
3141
3045
3122
3045
3247
3141
3275
3159
3171
3222
3163
3207
3197
3131
3179
3279
3184
3198
3211
3345
10000
1939
1897
1594
1382
1266
1124
1028
1072
930
929
896
817
832
782
768
774
656
684
748
658
644
560
623
642
592
548
460
562
450
464
426
384
348
416
340
390
368
300
356
272
240
368
288
368
202
160
218
176
232
272
10000
80
1012
1582
1838
2045
2112
2129
2251
2227
2322
2350
2495
2547
2599
2595
2594
2661
2743
2751
2891
2895
2927
2823
2843
2839
2975
2987
2983
3037
3115
3067
3135
3071
3047
3213
3111
3251
3153
3199
2975
3135
3351
3271
3279
3281
3275
3127
3259
3280
3109
10000
1921
1919
1583
1456
1360
1208
1216
1028
949
966
914
974
818
928
754
832
768
602
669
642
693
640
464
593
516
464
554
384
384
500
336
480
324
422
352
274
298
336
301
373
360
194
225
220
275
272
272
242
172
176
10000
128
1235
1682
1847
2035
2181
2279
2320
2471
2383
2447
2493
2513
2655
2663
2655
2587
2736
2743
2765
2751
2891
2815
2919
2975
2979
2935
2970
3095
3035
3111
3127
3053
3071
3099
3175
3045
3135
3089
3167
3259
3111
3143
3271
3187
3247
3211
3175
3206
3323
10000
1918
1887
1482
1427
1847
1709
1654
1485
1506
1332
1107
1058
1073
1017
932
969
867
650
717
601
540
528
550
640
464
576
503
404
496
394
410
342
396
408
434
298
332
292
240
288
268
202
246
280
224
204
197
226
160
112
10000
136
400
616
1231
1273
1723
2143
1912
1826
1808
1905
2081
2239
2255
2258
2329
2519
2469
2687
2879
2911
2863
2807
2767
2783
2991
2901
2875
2929
2911
2991
3191
3091
3055
3071
3026
2963
3103
3163
3091
3155
3255
3278
3199
3187
3215
3207
3255
3207
3102
10000
1969
2001
1969
1671
1535
1434
1408
1358
1232
1322
1152
979
1160
1034
936
934
816
953
870
787
763
745
744
695
676
672
560
550
438
500
410
392
293
396
464
240
302
368
328
312
290
184
260
170
98
210
178
152
144
224
10000
184
1168
1533
1452
1395
1535
1622
1831
1981
2032
2161
2157
2384
2642
2409
2431
2419
2651
2663
2691
2678
2707
2763
2703
2807
2749
2832
2851
2911
2951
2995
3005
2935
3071
3007
3071
3187
3062
3135
3111
3139
3151
3057
3147
3195
3127
3119
3174
3307
3287
10000
1903
2141
1949
1520
1520
1522
1347
1382
1264
1120
1157
1109
969
1109
969
896
896
752
675
592
589
608
592
624
576
528
472
498
538
514
420
430
396
329
304
361
346
390
400
378
278
344
304
320
289
234
299
212
241
224
10000
22
1109
1580
1761
2007
2223
2211
2359
2403
2483
2535
2465
2512
2693
2523
2707
2741
2687
2897
2807
2806
2859
2755
2853
2947
2911
2854
2943
3095
2967
3049
3029
2939
3007
3109
3125
3111
2993
3153
3111
3199
3103
2990
3219
3245
3247
3055
3159
3310
3247
10000
1893
1782
1658
1332
1328
1227
1097
1123
1002
993
876
768
846
816
758
706
722
656
675
666
644
568
602
484
592
492
448
396
486
440
472
389
353
442
312
336
301
432
328
248
280
240
296
304
400
322
185
160
282
324
10000
141
1117
1491
1933
2207
2222
2251
2357
2559
2458
2455
2559
2605
2559
2487
2603
2687
2719
2754
2691
2891
2911
2831
2823
2919
2931
3091
2950
2994
3024
3006
3167
3039
2999
3088
3069
3199
3238
2975
3149
3119
3183
3263
3279
3135
3207
3263
3211
3357
3359
10000
1948
1855
1621
1377
1209
1216
1132
1225
1208
1050
1072
952
962
869
862
825
784
752
672
580
677
605
685
618
576
628
560
425
465
522
413
372
256
368
329
366
316
240
336
297
182
214
338
160
224
264
256
242
192
240
10000
64
992
1535
1586
1808
1847
1967
1935
2186
2096
2303
2398
2339
2387
2480
2503
2703
2647
2624
2615
2715
2815
2867
2815
2833
2885
2959
2911
2751
3023
2990
3039
3267
3183
3191
3183
3199
3213
3279
3303
3223
3153
3427
3123
3217
3251
3291
3159
3253
3359
10000
1941
2015
1936
1825
1680
1516
1645
1563
1447
1225
1344
1200
1058
1064
1012
795
848
774
750
773
464
509
617
600
505
490
537
480
448
424
244
248
292
216
370
262
193
260
112
160
244
160
208
128
132
116
161
80
144
217
10000
80
1004
1440
1373
1514
1770
1767
1991
2035
2143
2241
2269
2463
2398
2514
2450
2614
2655
2719
2717
2833
2831
2767
2919
2925
2931
2943
2961
3135
3107
3007
3093
3153
3247
3135
3167
3139
3231
3103
3231
3186
3255
3248
3209
3227
3223
3275
3163
3277
3248
10000
1825
1872
1568
1424
1382
1300
1314
1190
1146
1216
1010
1078
992
1006
973
997
964
957
790
764
718
786
699
664
548
544
660
570
580
425
490
396
388
344
452
320
352
368
218
321
292
178
228
114
176
180
128
96
116
176
10000
40
912
1576
1822
2013
2079
2083
2319
2225
2390
2467
2477
2411
2503
2559
2503
2607
2629
2647
2658
2705
2864
2822
2747
2741
2815
2762
2929
2933
2963
2973
3227
3071
3143
2939
2939
2982
3071
2992
3063
3047
3094
3135
3067
3095
3151
3163
3205
3102
3183
10000
1817
1919
1701
1751
1728
1650
1661
1458
1462
1206
1110
1074
994
938
910
890
882
865
793
650
814
658
705
589
633
640
608
516
582
420
425
450
320
356
369
384
364
228
256
234
257
213
116
256
262
212
178
169
256
147
10000
32
1042
1520
1791
2060
2131
2205
2165
2218
2224
2287
2379
2435
2431
2423
2557
2605
2583
2773
2692
2775
2767
2855
2903
2749
2801
2858
2865
2959
2923
3031
3039
2987
3031
3059
3239
3167
3217
3123
3249
3183
3187
3199
3217
3111
3175
3303
3173
2943
3099
10000
1764
1973
1975
1877
1505
1453
1565
1509
1378
1448
1177
1216
1115
1102
1091
868
899
977
890
768
695
752
736
648
704
616
528
492
480
418
465
516
410
388
376
332
248
240
324
272
288
163
210
192
194
264
176
208
256
116
10000
48
864
1136
1429
1505
1680
1799
1887
1927
1995
2161
2251
2321
2391
2339
2290
2623
2448
2703
2697
2718
2706
2723
2845
2847
2801
2847
2851
2901
2951
2975
3015
2887
3039
3047
3135
3174
3051
3311
3135
3197
3343
3235
3315
3287
3235
3271
3355
3287
3263
10000
1935
1865
1750
1781
1585
1505
1270
1195
1165
1073
1002
993
971
960
933
1003
912
774
721
714
720
656
592
646
634
516
560
576
429
546
442
458
438
388
330
384
275
276
283
260
288
298
240
304
224
274
212
224
192
194
10000
150
1083
1581
1871
1974
2199
2203
2288
2295
2266
2371
2349
2478
2491
2591
2608
2694
2651
2727
2781
2640
2731
2829
2879
2911
2847
2851
2886
2799
2925
3109
3263
3088
3063
2959
2847
3087
3095
3023
3071
3135
3211
3111
3175
3203
3207
3175
3218
3215
3267
10000
1872
1879
1707
1561
1489
1264
1248
1176
1136
1178
1054
939
912
896
923
828
842
772
896
720
626
628
598
560
580
548
456
528
425
508
464
504
384
384
308
392
324
236
384
340
338
273
288
352
192
224
192
168
240
192
10000
52
1033
1561
1776
1906
1904
2035
2138
2191
2260
2341
2407
2293
2445
2525
2498
2655
2619
2771
2815
2839
2765
2899
2800
2893
2983
2909
2939
2833
2939
3029
3030
2981
3063
3019
3067
3119
3219
3153
3251
3218
3126
3227
3103
3121
3291
3199
3259
3315
3239
10000
1846
2035
1755
1531
1535
1413
1331
1248
1122
1120
1042
976
1072
998
1010
774
832
592
648
624
673
562
608
449
528
528
576
537
392
410
448
308
336
403
328
242
306
256
298
268
304
256
308
293
232
288
184
244
102
128
10000
144
1120
1616
1886
2023
2064
2089
2256
2202
2287
2321
2480
2471
2525
2559
2671
2587
2634
2704
2791
2903
2897
2931
2891
2815
2795
2775
2931
3011
2894
2959
3071
3071
3195
3099
3109
3205
3159
3197
3153
3287
3363
3183
3135
3159
3055
3103
3187
3199
3007
10000
1759
1921
1831
1678
1505
1227
1201
1153
1136
1076
1022
976
910
858
856
912
804
660
729
772
593
640
592
560
780
634
522
472
474
529
442
371
368
426
464
448
416
376
368
344
282
208
246
336
320
208
240
224
194
256
10000
130
1270
1606
1953
2035
2122
2112
2301
2316
2215
2307
2402
2327
2431
2479
2463
2559
2559
2773
2751
2727
2691
2807
2735
2851
2883
3007
3056
3046
3143
3133
3025
3117
3149
3199
3249
3103
3211
3247
3183
3107
3167
3087
3121
3279
3283
3199
3263
3215
3375
10000
1810
1838
1486
1360
1284
1267
1076
1205
1088
1136
1170
1054
933
972
896
925
920
818
758
844
785
694
820
616
595
522
410
492
472
490
448
402
400
358
352
416
304
304
347
336
262
300
146
172
352
154
238
236
178
258
10000
48
897
1224
1486
1806
1999
2195
2279
2126
2307
2379
2431
2405
2543
2449
2559
2662
2606
2727
2769
2815
2813
2837
2883
2911
2960
2911
2961
2881
2799
2997
3069
3123
3111
3167
2995
3199
3223
3163
3103
3239
3335
3279
3217
3183
3149
3223
3223
3229
3043
10000
1897
1887
1453
1403
1425
1366
1136
1138
1075
1066
937
809
851
816
805
720
844
664
724
688
500
481
448
518
577
552
416
418
458
378
336
432
352
282
345
352
352
244
280
304
321
274
212
240
304
224
289
172
202
120
10000
113
1162
1648
1970
2155
2176
2413
2321
2471
2543
2621
2583
2559
2703
2667
2618
2695
2595
2699
2727
2651
2764
2715
2845
2970
2917
2943
3135
2975
3071
3211
3055
3103
3153
3111
3056
3039
3071
3071
3213
3181
3255
3153
3141
3235
3263
3223
3235
3303
3159
10000
1904
1823
1617
1274
1198
1152
976
964
950
897
924
836
711
648
825
656
730
674
704
704
570
664
537
548
588
464
448
418
480
392
357
458
268
384
324
354
368
368
304
354
224
244
272
326
220
320
240
224
132
256
10000
112
1139
1707
1994
2158
2175
2155
2159
2226
2352
2471
2497
2465
2431
2421
2547
2605
2535
2767
2708
2799
2847
2767
2839
2907
2782
2915
2815
2891
2995
2975
2960
2958
2983
3023
3093
3115
3167
3259
3051
3175
3175
3179
3155
3199
3111
3255
3111
3119
3215
10000
1919
2143
1970
1899
1763
1755
1587
1609
1414
1344
1377
1108
1042
1017
915
929
880
950
796
660
663
570
678
738
736
576
562
477
624
498
432
456
424
292
324
368
308
284
240
292
192
208
256
248
240
280
155
258
176
202
10000
120
1082
1401
1470
1334
1693
1710
1856
1803
2101
2006
2239
2297
2416
2559
2455
2683
2735
2751
2801
2839
2901
2939
2771
2871
2879
2799
3003
2895
2991
3007
3031
3122
3135
3163
3135
3119
3207
3117
3109
3167
3135
3071
3111
3271
3243
3199
3203
3219
3135
10000
1927
1901
1795
1702
1533
1472
1401
1200
1104
1040
900
1045
917
896
1018
888
869
873
816
720
760
640
580
634
517
550
496
418
344
496
370
396
376
312
304
368
304
290
290
372
304
344
192
264
328
272
320
242
208
240
10000
64
1004
1483
1730
1874
1981
1911
1918
2085
2320
2241
2251
2284
2403
2531
2613
2590
2527
2671
2733
2787
2935
2875
2911
2883
2927
2979
2951
2992
3071
3129
3055
2971
3055
2983
3186
3271
3103
3205
3093
3099
3179
3199
3207
3127
3287
3215
3263
3255
3411
10000
1907
1910
1758
1552
1481
1372
1335
1248
1232
1165
1011
1098
1009
930
827
818
740
676
665
640
620
470
528
534
432
448
372
336
368
384
438
341
288
304
256
328
128
240
272
176
208
240
176
210
268
209
234
144
180
272
10000
144
1220
1646
1909
2194
2173
2303
2291
2341
2416
2559
2481
2663
2704
2630
2636
2651
2687
2791
2727
2847
2807
2893
2853
2815
2865
2851
2870
2994
2940
2934
2871
2987
2903
2967
2989
2991
3195
3127
3095
3229
3107
3275
3239
3134
3281
3277
3243
3309
3327
10000
1747
1840
1903
1829
1859
1640
1467
1418
1122
1076
1112
1152
876
752
784
849
744
784
818
741
688
576
586
554
548
436
469
418
338
448
384
404
320
347
352
346
300
272
210
240
352
216
272
256
256
244
242
192
276
256
10000
192
1056
1493
1535
1645
1685
1739
1842
2102
2167
2326
2173
2341
2422
2359
2459
2683
2683
2766
2830
2855
2983
2975
2903
2807
2987
2902
3056
2973
3046
3088
2961
2983
3019
3039
3071
3103
3135
3197
3243
3311
3217
3155
3247
3295
3261
3375
3182
3183
3377
10000
1905
1863
1579
1418
1392
1186
1132
1021
1048
992
738
937
872
768
772
656
554
664
648
656
704
644
490
548
664
576
488
546
528
456
433
388
437
362
400
364
442
352
400
353
301
310
372
241
260
256
332
241
240
269
10000
176
1138
1498
1681
1904
1920
2035
2220
2358
2470
2315
2349
2431
2448
2605
2606
2751
2879
2807
2771
2719
2735
2741
2896
2971
2935
2905
2975
2983
2967
3089
3025
2925
3147
3179
3107
3094
3045
3103
3090
3262
3247
3127
3191
3287
3127
3231
3249
3311
3262
10000
1823
1897
1710
1635
1440
1413
1479
1456
1357
1330
1040
1174
1042
946
960
848
812
672
624
562
586
468
493
448
464
370
470
386
419
442
368
356
344
270
320
369
387
369
400
292
272
372
162
192
240
229
265
212
296
348
10000
81
1101
1623
1821
1997
2195
2241
2242
2317
2479
2479
2445
2445
2483
2503
2594
2604
2655
2739
2773
2687
2763
2775
2738
2677
2908
2838
2833
2775
2943
2869
2865
2963
3038
3071
3042
3095
3031
3007
3031
3093
3103
3131
3025
3249
3301
3167
3231
3167
3275
10000
1869
1949
1576
1463
1264
1184
964
971
1029
874
852
856
903
774
756
750
683
657
726
576
613
560
576
604
550
576
411
468
368
418
454
352
400
515
264
322
400
454
356
344
282
336
320
352
306
330
228
244
192
220
10000
172
1165
1747
1955
2063
2240
2159
2337
2395
2451
2435
2443
2611
2613
2677
2747
2725
2790
2789
2830
2887
2755
2800
2781
2875
2907
2919
2879
2881
3071
3143
3029
3107
3039
3105
3131
3163
3107
3147
3059
3218
3139
3163
3187
3211
3031
3179
3094
3211
3247
10000
1901
1830
1535
1420
1344
1397
1257
1308
1194
1068
1089
992
915
960
801
848
802
762
634
598
614
586
626
608
634
545
448
500
556
456
442
416
296
336
346
364
388
324
240
300
336
233
321
292
224
316
218
140
244
220
10000
64
1056
1492
1787
1985
2198
2149
2143
2243
2285
2207
2371
2366
2459
2547
2559
2653
2671
2671
2549
2741
2827
2798
2923
2927
2927
2853
3023
2879
2991
3071
3154
3059
3119
3207
3007
3167
3155
3218
3153
3207
3165
3327
3143
3219
3151
3247
3327
3215
3259
10000
1861
1935
1658
1438
1411
1367
1238
1268
1200
1185
948
984
906
910
818
738
776
720
736
618
656
656
624
560
606
641
560
437
457
481
420
393
402
400
320
372
320
288
269
288
261
210
309
180
205
176
220
112
224
208
10000
42
944
1518
1851
2003
2093
2267
2159
2043
2215
2212
2194
2211
2363
2359
2447
2497
2491
2507
2640
2605
2735
2735
2835
2767
2767
2774
2879
2791
2959
2975
3039
2963
3043
2961
3029
3035
3071
3123
3121
3143
3143
3174
3089
3127
3199
3199
3203
3223
3295
10000
1953
2077
1831
1629
1475
1398
1296
1248
1100
1091
941
878
956
837
746
905
837
656
736
680
721
572
680
720
566
560
480
582
556
482
416
448
386
412
368
325
376
304
320
232
336
333
332
294
272
257
202
280
284
246
10000
138
1234
1648
1936
2096
2190
2183
2087
2341
2238
2330
2327
2477
2467
2589
2615
2623
2621
2699
2659
2931
2839
2855
2973
2901
2719
2919
2915
2995
2959
3023
3007
3026
2995
3151
3135
3011
3135
3107
2957
3103
3117
3159
3057
3186
3207
3309
3231
3199
3423
10000
1910
1987
1798
1641
1325
1216
1200
1058
1200
1104
976
985
1008
946
788
744
689
688
648
657
629
596
704
670
536
662
448
592
552
465
464
450
394
323
468
336
434
320
153
288
236
306
352
344
300
216
156
224
216
272
10000
177
1152
1630
1935
1917
2174
2179
2307
2256
2366
2224
2531
2559
2559
2599
2705
2815
2775
2815
2815
2863
2941
2891
2877
2907
3163
3019
3023
3035
3035
3159
3067
3182
3055
3215
3019
3151
3153
3251
3134
3263
3175
3217
3215
3307
3231
3235
3271
3191
3231
10000
1920
1958
1683
1515
1304
1284
1101
1079
994
978
912
856
784
726
608
672
689
688
656
501
576
510
532
525
448
498
433
456
448
384
350
506
368
434
404
368
360
501
244
266
304
296
313
304
306
316
192
337
240
208
10000
172
1194
1734
1952
2067
2198
2313
2299
2299
2387
2427
2507
2627
2613
2672
2711
2727
2719
2779
2851
2951
2928
3005
2843
2991
2911
2999
3019
3055
3063
2959
3009
2947
3055
3023
3147
3191
3187
3231
3115
3135
3223
3231
3088
3239
3326
3287
3217
3319
3248
10000
1939
1907
1535
1416
1238
1194
1088
1049
929
928
864
832
768
800
713
804
662
714
708
640
690
644
528
564
448
560
448
410
440
360
342
296
362
395
392
264
272
336
336
448
272
178
224
236
296
224
296
213
268
176
10000
204
1141
1707
1985
2134
2165
2327
2339
2414
2417
2434
2551
2661
2611
2545
2709
2735
2839
2783
2859
2851
2831
2823
2983
2963
2854
3025
3023
2967
3071
3007
3089
3199
3103
3216
3111
3199
3247
3187
3157
3207
3175
2992
3115
3366
3223
3153
3311
3243
3223
10000
1927
1847
1509
1318
1340
1225
1129
1008
999
1010
1112
1070
941
1010
789
752
672
700
630
708
568
608
560
554
461
544
432
454
464
372
437
309
228
276
300
356
192
368
320
308
325
290
228
208
256
149
182
261
196
192
10000
128
1214
1648
1744
1781
1916
1925
2087
2229
2284
2288
2383
2515
2606
2559
2687
2691
2663
2735
2645
2849
2878
2878
2967
2947
3056
3055
3057
2971
3071
3039
3095
3055
3111
3061
3139
3069
3119
3150
3243
3249
3127
3164
3310
3121
3187
3249
3173
3167
3181
10000
1934
1861
1521
1409
1355
1254
1308
1126
1181
1065
1004
962
960
903
774
762
800
752
787
616
624
500
658
528
496
554
585
385
416
364
358
362
458
370
338
232
360
320
304
304
209
235
336
248
248
240
128
152
192
228
10000
116
1146
1668
1815
1932
2111
2037
2221
2227
2395
2439
2439
2493
2495
2559
2606
2670
2663
2823
2765
2699
2814
2743
2863
2873
2799
2863
3003
2891
3103
3153
2971
2999
3056
3027
3187
3089
3119
3071
3181
3155
3199
3103
3123
2979
3147
3143
3071
3119
3149
10000
1887
1926
1645
1456
1399
1134
1070
1043
886
848
840
809
800
787
832
721
720
691
695
518
713
626
562
601
560
528
508
472
411
619
556
494
424
416
440
450
464
405
432
416
451
386
369
368
308
232
272
352
264
168
10000
116
1240
1638
1913
1973
2191
2352
2307
2315
2503
2535
2500
2554
2655
2703
2671
2719
2738
2829
2854
2831
2915
2887
2929
2895
3025
3031
2960
2958
3039
3039
3055
3047
3119
3019
2987
3071
3047
3071
3098
3091
3323
3227
3119
3207
3231
3291
3174
3139
3191
10000
1871
1838
1563
1384
1264
1104
976
944
961
742
816
897
756
861
880
752
666
814
720
628
664
618
592
474
654
578
452
555
472
540
440
437
516
394
370
384
412
358
368
280
376
320
333
352
304
320
272
256
192
208
10000
160
1072
1616
1806
1959
2061
2105
2206
2274
2463
2499
2511
2519
2655
2609
2493
2559
2677
2735
2702
2885
2749
2891
2975
2891
3054
2991
2934
3059
2991
3023
3159
3031
3059
3151
3154
3183
3069
3141
3151
3263
3158
3135
3186
3295
3387
3255
3279
3199
3159
10000
1969
1872
1535
1447
1248
1232
1193
1154
1079
965
884
860
709
757
749
744
712
728
680
724
600
553
758
576
546
546
466
466
486
466
464
388
373
384
432
337
281
345
368
310
267
304
262
217
232
228
248
243
320
192
10000
80
1044
1513
1820
1927
2000
2119
2181
2219
2338
2493
2539
2498
2598
2661
2832
2719
2675
2759
2719
2907
2783
2787
2783
2767
2859
2939
2879
3005
2943
2865
2989
3015
3047
3090
3211
3159
3179
3151
2999
3109
3199
3057
3315
3287
3197
3221
3199
3255
3197
10000
1856
1822
1679
1522
1267
1184
1110
1036
925
945
992
656
816
739
708
640
826
704
608
624
510
580
560
562
468
458
484
336
432
474
452
344
904
720
842
688
586
662
484
545
440
432
419
225
352
396
352
272
325
288
10000
202
1152
1690
817
969
1230
1347
1477
1659
1847
1902
2055
2161
2243
2239
2431
2411
2497
2559
2531
2663
2789
2725
2823
2790
2831
2955
2907
2935
2913
3039
2957
3071
3029
3125
3123
3167
3173
3179
3133
3147
3155
3183
3327
3259
3179
3275
3285
3219
3263
10000
1872
2951
2735
2538
2303
2087
1975
1827
1717
1611
1600
1389
1362
1216
1134
1050
1008
960
905
712
780
848
616
730
666
668
521
581
436
560
420
486
436
384
354
352
324
245
264
329
112
302
146
268
294
153
192
160
180
260
10000
192
361
592
714
880
976
1152
1375
1392
1559
1675
1840
1969
2087
2162
2297
2317
2459
2801
2855
2667
2606
2687
2694
2801
2763
2851
2907
2805
2927
2983
3030
3095
2959
2963
3103
3231
3166
3071
3231
3271
3287
3223
3325
3315
3419
3263
3399
3279
3419
10000
1907
2087
2069
1857
1744
1744
1561
1403
1431
1296
1250
1061
1037
1061
1088
951
891
835
808
721
704
754
640
592
472
597
614
496
417
454
491
376
433
410
401
376
410
385
320
320
208
200
225
261
312
304
256
240
164
128
10000
240
1110
1596
1879
2047
2175
2320
2335
2325
2369
2403
2509
2451
2605
2693
2609
2605
2609
2738
2719
2783
2839
2803
2918
2799
2943
2883
3027
3057
2979
3103
3023
3151
3211
3151
3071
3163
3102
3135
3135
3071
3122
3175
3215
3195
3263
3217
3229
3263
3327
10000
1807
1855
1524
1370
1188
1186
1043
1008
912
848
923
856
846
808
758
736
697
645
644
608
621
608
492
630
502
532
480
464
410
498
448
370
416
462
329
326
320
432
384
291
208
176
308
202
357
309
232
266
176
198
10000
212
1256
1648
1723
1978
1990
1909
1987
2032
2097
2259
2272
2313
2374
2499
2543
2559
2551
2650
2672
2771
2807
2931
2815
2807
2895
2839
3013
3059
3119
3110
3051
3071
3071
3179
3011
3107
3123
3135
3247
3341
3159
3211
3255
3167
3187
3295
3319
3310
3183
10000
1900
1951
1766
1667
1712
1533
1394
1184
1175
1240
1089
932
960
1164
1034
896
886
976
870
802
754
760
661
660
704
642
544
500
530
460
470
492
384
492
500
360
434
430
336
224
272
320
192
268
236
218
264
280
168
164
10000
136
1246
1566
1680
1809
2035
1984
2000
1985
2157
2254
2295
2319
2459
2535
2559
2551
2687
2751
2801
2719
2782
2895
2935
2943
3050
2999
2941
3015
3090
3093
3063
3207
2987
2971
3045
3167
3139
3087
3103
3127
3071
3179
3159
3301
3167
3133
3245
3223
3275
10000
1902
1966
1689
1628
1504
1458
1263
1275
1129
992
1072
930
897
948
816
800
713
768
819
741
686
672
624
684
624
624
557
502
576
496
432
345
537
450
460
360
372
304
432
328
228
304
272
309
224
136
152
272
264
136
10000
160
1168
1577
1799
1997
2061
2120
2251
2411
2419
2339
2463
2503
2543
2625
2630
2739
2799
2815
2815
3015
2867
2815
2899
3015
3045
2939
3031
2958
2967
3047
3120
2991
3183
3063
3055
3103
3031
3039
3089
3147
3111
3055
3059
3175
3110
3089
3275
3135
3355
10000
1917
1843
1467
1310
1162
1088
992
1030
1004
989
916
833
855
802
812
764
626
653
584
532
600
496
504
568
600
408
488
405
461
475
464
384
418
392
400
323
425
410
374
304
240
276
322
240
320
260
304
185
261
244
10000
90
1034
1631
1953
2115
2222
2331
2419
2407
2523
2479
2595
2599
2699
2671
2737
2751
2703
2811
2823
2851
2903
2971
2842
3023
2929
2931
3011
3027
2971
2927
2979
3151
3203
3071
3095
3071
3115
3135
3071
3167
3162
3151
3243
3135
3231
3287
3269
3151
3191
10000
1871
1819
1429
1296
1358
1194
1001
1030
1037
956
945
851
858
794
848
803
744
644
768
800
548
665
510
576
613
594
474
520
520
425
392
424
258
448
352
288
306
320
208
368
384
240
272
244
256
160
208
258
210
224
10000
112
1084
1611
1898
2065
2075
1870
2096
2359
2483
2481
2479
2429
2517
2590
2625
2623
2673
2607
2751
2711
2823
2767
2743
2767
2901
2733
2902
2997
2935
2983
3003
3055
3131
3094
3111
3223
3217
3107
3171
3263
3143
3249
3285
3158
3249
3215
3343
3215
3390
10000
1911
1937
1680
1520
1621
1535
1346
1210
1285
1008
1173
919
1056
1017
976
923
913
814
874
800
760
732
644
528
704
540
488
560
578
525
510
441
509
417
320
416
419
384
361
272
200
304
342
342
272
280
264
256
182
163
