10000
144
1170
1634
1713
1838
1885
1954
2035
2239
2090
2234
2155
2209
2365
2441
2551
2495
2583
2606
2653
2767
2687
2799
2855
2863
2861
2815
2835
2933
2897
2864
2971
3011
3043
3089
2935
2959
3131
3098
3071
3101
3229
3111
3327
3151
3071
3063
3303
3187
3271
10000
1911
1985
1901
1756
1643
1562
1414
1158
1136
1091
990
940
909
912
866
848
858
784
745
673
738
692
594
560
468
624
629
613
672
595
604
406
562
416
432
496
406
378
394
284
368
308
240
194
216
328
280
132
152
224
10000
164
1049
1318
1521
1886
1689
1651
1998
1974
1999
2079
2139
2158
2378
2343
2371
2551
2558
2547
2613
2811
2653
2614
2831
2767
2855
2878
2943
2895
2955
2989
2995
2975
3029
3051
3055
3071
3155
3119
3253
3117
3231
3247
3235
3131
3205
3242
3351
3315
3319
10000
1890
2261
1989
1919
1831
1722
1586
1358
1349
1340
1180
1014
1216
1169
1068
986
917
957
761
704
801
640
613
680
640
528
568
528
545
483
474
448
443
393
360
364
280
240
362
336
314
322
282
272
264
284
176
240
280
162
10000
112
1168
1680
1815
1857
1865
2105
2107
2256
2193
2353
2357
2366
2445
2391
2523
2589
2735
2671
2733
2704
2869
2863
2775
2771
2907
2807
2855
3007
3003
3071
2935
2975
2903
2992
3071
3151
3115
3071
3182
3135
3043
3121
3119
3139
3187
3311
3123
3186
3235
10000
1866
2042
1635
1606
1428
1301
1369
1200
1037
1136
998
1006
1074
996
925
757
755
689
658
688
624
659
624
560
522
576
464
464
457
308
340
433
499
456
394
436
368
352
244
313
304
338
256
256
298
260
324
212
356
210
10000
48
946
1559
1441
1712
1763
1871
1932
1927
2084
2123
2263
2309
2288
2379
2399
2515
2559
2615
2683
2803
2735
2810
2803
2741
2903
2907
2879
2999
2898
2883
2967
2943
3007
3003
3115
3111
3187
3185
3135
3263
3183
3103
3214
3327
3207
3152
3091
3145
3249
10000
2009
2147
2047
1839
1729
1490
1443
1338
1296
1296
1189
1084
944
1029
718
720
853
848
706
700
661
642
464
544
566
536
554
509
410
421
432
442
385
368
454
368
324
308
354
298
336
338
370
264
314
256
240
224
260
288
10000
148
1168
1478
1568
1707
1807
1834
1946
2015
2069
2019
2213
2206
2270
2427
2485
2547
2551
2527
2655
2719
2703
2751
2907
2768
2877
2899
2903
2915
2975
3091
2971
2991
2939
3011
3131
3014
3030
3071
3093
3101
3167
3122
3259
3198
3207
3199
3250
3227
3286
10000
2004
2041
2229
1918
1783
1659
1648
1674
1479
1469
1413
1157
1161
1109
1184
900
914
882
912
928
720
720
672
688
689
640
692
596
630
518
576
452
496
404
432
448
336
280
334
276
388
292
292
256
256
288
204
204
232
96
10000
142
1056
1422
1734
1699
1770
1927
1903
2003
2047
2151
2294
2323
2405
2383
2479
2505
2559
2650
2669
2539
2638
2795
2807
2911
2886
2869
2943
2895
2883
2999
3053
2939
3059
3055
3131
3189
3057
3131
3199
3203
3151
3159
3199
3135
3135
3327
3119
3223
3191
10000
1805
1981
1857
1797
1594
1472
1386
1232
1161
1171
988
976
1072
985
896
931
857
826
768
890
668
624
538
456
544
632
553
432
400
488
386
320
401
400
242
304
404
281
344
336
234
320
296
256
306
280
144
248
226
261
10000
180
1136
1631
1903
2030
2055
2334
2309
2367
2416
2443
2357
2413
2495
2531
2661
2683
2693
2753
2767
2887
2809
2959
2909
2903
2895
2967
2929
3063
2975
3091
2975
3051
3063
3147
3179
3185
3147
3189
3163
3167
3139
3199
3239
3143
3125
3222
3295
3131
3227
10000
1931
1884
1572
1372
1168
1168
1133
1141
1129
905
862
874
824
845
740
782
722
672
688
700
624
632
697
576
544
608
484
437
400
488
462
442
366
320
404
426
384
416
384
363
260
320
342
256
337
336
265
240
208
200
10000
160
1107
1472
1822
1813
1997
2042
2039
2046
2277
2288
2340
2438
2471
2468
2602
2674
2663
2718
2540
2805
2821
2921
2851
2983
2849
2768
2943
3071
3215
3155
3071
3067
3091
3175
3159
3123
3199
3095
3231
3101
3135
3199
3157
3165
3319
3319
3223
3335
3285
10000
1883
1907
1646
1422
1442
1265
1264
1280
1264
1129
1131
1122
1040
970
1048
912
861
868
724
818
624
673
576
537
598
632
594
528
560
480
468
464
400
388
360
397
260
336
288
352
256
348
304
228
237
176
168
212
228
208
10000
112
1131
1577
1737
1747
1839
2003
1991
1988
2096
2159
2175
2342
2461
2415
2459
2559
2640
2613
2623
2703
2631
2719
2815
2887
2987
2975
3069
3039
3103
3037
3005
2979
3217
3025
3071
3191
3142
3231
3142
3301
3189
3279
3345
3203
3295
3283
3199
3279
3222
10000
1862
1989
1603
1382
1280
1257
1170
1184
1160
1150
944
992
866
928
849
822
752
777
829
738
704
688
640
608
628
656
576
560
604
504
576
386
448
430
416
476
424
321
290
454
352
245
256
304
262
208
224
236
240
212
10000
144
1200
1535
1651
1798
1600
1709
1726
1870
2112
2047
2175
2202
2374
2263
2391
2545
2463
2467
2707
2703
2687
2747
2815
2767
2791
2883
2959
3135
3007
3103
2993
3167
3135
3107
3115
3115
3059
3229
3031
3267
3359
3217
3231
3195
3294
3131
3299
3375
3283
10000
1987
2183
2043
1797
1654
1385
1440
1270
1258
1233
1249
1219
1056
976
964
1044
886
946
946
848
787
656
730
657
673
674
624
677
561
486
560
544
428
482
506
438
394
448
392
272
293
268
272
210
396
266
306
308
210
262
10000
56
1022
1415
1535
1666
1661
1942
1933
1981
1968
2115
2303
2269
2417
2461
2510
2422
2523
2559
2595
2669
2718
2607
2687
2706
2801
2843
2843
2871
2975
3025
2979
3026
2942
3118
3123
3023
3215
3231
3213
3165
3063
3175
3183
3183
3237
3263
3275
3239
3235
10000
1942
1899
1716
1591
1611
1520
1344
1211
1232
1118
1153
1045
946
928
908
944
752
837
720
720
664
624
592
634
654
724
706
624
492
580
649
510
488
416
489
520
416
272
320
354
293
308
324
336
336
357
288
268
264
304
10000
112
972
1357
1381
1419
1459
1686
1682
1859
1985
2127
2160
2341
2441
2495
2527
2735
2807
2768
2903
2803
2870
2980
2991
2959
2957
2960
2997
2975
3031
3111
3090
3071
3175
3175
3175
3182
3087
3259
3259
3167
3123
3191
3315
3207
3261
3173
3253
3185
3251
10000
1915
1951
1936
1872
1648
1495
1408
1264
1163
1093
1164
1085
1040
1102
923
946
971
852
768
754
704
738
689
569
608
510
640
609
474
568
441
448
416
368
392
280
240
288
265
336
348
320
230
280
268
196
230
193
176
268
10000
101
1040
1426
1535
1587
1659
1763
1826
1885
1810
2055
2270
2307
2385
2347
2453
2471
2607
2623
2687
2771
2759
2695
2783
2841
2911
2855
2979
2975
2887
2895
2992
3062
3119
3035
3103
3135
3135
3121
3187
3179
3167
3110
3287
3245
3239
3199
3175
3119
3351
10000
1906
2211
2016
1748
1675
1409
1296
1260
1350
1285
1313
1136
1056
1010
966
1008
1020
980
682
672
630
577
650
601
692
528
544
581
508
472
600
408
458
524
416
424
406
314
378
372
264
192
333
262
336
218
272
186
192
202
10000
80
1034
1490
1734
2047
2071
2071
2099
2363
2308
2446
2519
2487
2495
2543
2659
2591
2639
2715
2813
2705
2735
2815
2807
2927
2859
2894
2864
2989
3027
2933
2979
3155
3026
3115
3071
3059
3051
3039
3115
3194
3155
3123
3301
3255
3045
3215
3279
3217
3183
10000
1872
1872
1635
1523
1310
1273
966
1079
910
880
912
824
680
779
788
632
758
576
650
576
618
496
504
553
465
582
416
416
404
474
400
384
424
384
370
322
362
352
256
308
256
213
320
272
216
282
289
268
344
344
10000
140
1372
1648
1904
2096
2183
2327
2367
2416
2507
2416
2611
2674
2659
2667
2803
2719
2735
2751
2799
2901
2736
2893
2919
2967
2965
2931
2959
3015
2911
2999
3037
2975
3131
3071
3102
2959
3248
3056
3071
3183
3035
3139
3095
3039
3182
3255
3141
3107
3231
10000
1830
1844
1484
1267
1211
1188
1043
1136
896
928
900
941
896
778
788
800
896
1001
954
1040
867
754
841
672
761
582
596
624
522
408
425
474
390
368
386
352
240
228
368
352
320
260
196
184
306
233
193
304
172
144
10000
36
955
1323
1557
1670
1534
1535
1923
2069
2237
2090
2147
2339
2423
2307
2449
2559
2621
2671
2679
2629
2711
2559
2674
2851
2769
2715
2921
2823
2917
2927
3007
3047
3055
2995
3053
3058
3095
3195
3183
3091
3095
3222
3199
3175
3375
3279
3191
3307
3207
10000
1872
2226
1847
1821
1553
1650
1413
1175
1338
1242
1173
1154
1077
914
1012
848
834
877
848
714
592
624
720
667
608
500
580
576
472
577
472
410
400
454
554
452
480
310
275
308
273
288
272
308
192
165
209
172
272
298
10000
136
1070
1344
1668
1765
1888
1935
2106
2271
2227
2274
2383
2363
2451
2459
2454
2486
2635
2559
2687
2695
2793
2859
2778
2719
2807
2838
2895
2887
2885
2992
2919
2957
2903
2975
3071
3071
3151
3127
3127
3099
3254
3103
3205
3255
3207
3191
3183
3311
3175
10000
1845
2117
1929
1834
1699
1520
1518
1378
1263
1318
1135
1078
945
981
805
896
846
864
578
732
720
662
664
640
722
581
604
640
564
540
400
432
492
397
470
308
332
384
416
280
320
288
200
265
172
152
240
284
246
162
10000
16
896
1391
1642
1594
1651
1878
1939
2000
2215
2237
2279
2315
2421
2559
2477
2544
2672
2607
2653
2739
2771
2720
2867
2839
2859
2823
2901
2919
3101
3023
3013
2909
2995
3071
3059
2967
3045
3183
3143
3155
3179
3223
3157
3359
3186
3283
3207
3275
3195
10000
1919
2115
1862
1763
1681
1434
1392
1285
1214
1211
1174
1061
1018
910
909
861
796
752
688
745
688
644
602
633
550
504
592
552
538
576
532
608
338
374
432
384
392
428
336
300
392
232
320
272
266
244
330
170
148
184
10000
128
1072
1577
1777
1825
1998
2027
2102
2064
2347
2369
2395
2331
2423
2407
2603
2431
2544
2559
2655
2783
2702
2899
2863
2845
2907
2875
2865
2733
2895
2931
2975
3039
3007
3023
3063
3030
2993
2989
3111
3191
3159
3103
3230
3247
3375
3198
3175
3103
3311
10000
1934
2004
1868
1715
1626
1501
1597
1374
1273
1096
1209
1136
1058
961
954
787
851
832
789
795
662
720
612
620
661
584
576
524
448
437
400
448
368
368
416
370
272
361
324
256
208
328
169
193
268
192
210
152
272
208
10000
64
1008
1584
1875
1955
2153
2117
2254
2187
2325
2554
2511
2555
2687
2540
2635
2642
2811
2799
2704
2800
2867
2815
2910
2783
2911
2927
2943
2961
2879
2934
2951
2911
3039
3143
3015
3007
3101
3315
3183
3167
3183
3216
3121
3163
3159
3231
3247
3199
3231
10000
1877
1826
1585
1320
1298
1152
1115
1136
1052
1168
996
944
1017
868
971
896
904
730
800
720
726
749
634
672
526
464
272
440
404
388
370
416
320
309
240
322
272
229
233
311
209
227
320
217
128
160
192
210
208
256
10000
128
1116
1653
1838
2029
2147
2235
2395
2407
2439
2473
2429
2435
2435
2555
2559
2591
2783
2807
2739
2806
2863
2910
2832
2895
2883
2799
3046
2992
2993
3007
3003
3109
3119
3173
3007
3205
3047
3119
3339
3185
3199
3391
3247
3221
3135
3375
3283
3285
3247
10000
1898
1927
1597
1614
1456
1399
1341
1165
1152
1104
1106
1088
1088
1058
848
882
836
814
773
814
742
693
674
737
563
564
489
561
460
460
466
384
385
410
320
274
272
240
208
291
208
200
164
228
186
232
312
176
244
236
10000
32
973
1250
1378
1645
1808
1854
1835
1981
2251
2294
2367
2513
2511
2509
2559
2513
2455
2535
2591
2535
2659
2683
2767
2726
2851
2963
2879
2863
2897
2916
2967
3035
3146
3053
2989
2983
3054
3071
2923
3107
3153
3183
3215
3199
3271
3327
3117
3211
3263
10000
1837
2010
2025
1747
1711
1584
1408
1285
1370
1291
1088
1125
1022
988
965
801
808
803
732
747
704
790
708
621
546
562
640
484
552
537
466
464
400
360
396
391
248
264
388
272
281
256
160
272
168
208
312
256
144
200
10000
12
934
1208
1718
1942
2095
2242
2201
2306
2385
2217
2449
2419
2489
2547
2601
2625
2687
2704
2647
2651
2687
2763
2879
2718
2771
2911
2863
2866
2871
2943
2783
2923
2871
2992
3039
2995
3071
3125
3071
3206
3122
3195
3101
3155
3163
3319
3334
3243
3171
10000
1799
1934
1744
1473
1390
1296
1314
1252
1072
1131
928
924
880
944
816
904
790
788
717
838
624
657
684
565
522
496
582
432
508
435
450
480
304
410
488
408
410
294
312
288
347
384
197
272
324
210
242
168
192
192
10000
112
1193
1690
1825
1941
2032
2000
2210
2146
2297
2385
2331
2353
2507
2413
2535
2503
2587
2623
2637
2671
2747
2851
2827
2665
2845
2859
2955
2931
2901
2965
2927
2955
3057
2963
3056
3059
3163
3007
3142
3299
3145
3173
3248
3053
3173
3159
3263
3195
3199
10000
1791
2018
1872
1804
1804
1632
1621
1503
1503
1212
1222
1062
1163
896
903
887
768
681
682
752
642
640
660
584
648
648
433
564
450
486
544
420
430
448
420
444
384
352
304
362
336
288
288
321
334
204
204
266
276
198
10000
128
1095
1479
1700
1618
1639
1719
1987
2246
2325
2256
2349
2267
2463
2515
2467
2607
2679
2673
2711
2657
2625
2743
2896
2815
2935
2891
2907
2910
2951
2987
3039
3087
2951
3155
3037
3059
3131
3151
3197
3131
3127
3211
3263
3147
3262
3131
3223
3187
3319
10000
1923
1959
1933
1785
1718
1631
1472
1399
1358
1258
1264
1072
963
1066
887
794
840
774
595
690
802
680
649
649
648
664
610
598
592
562
432
402
518
340
400
454
336
293
208
308
384
304
232
160
224
256
320
272
170
248
10000
145
1046
1264
1445
1629
1808
1838
1918
2119
2069
2186
2358
2431
2447
2447
2587
2669
2559
2705
2695
2743
2743
2845
2867
2929
2911
2879
2895
2791
2939
3031
3011
3007
2991
3039
3025
3099
3045
3063
3125
3119
3198
3185
3216
3263
3227
3183
3287
3167
3217
10000
1905
2021
1819
1803
1535
1559
1555
1391
1360
1180
1241
1078
1110
1072
1127
1074
992
1044
877
856
625
545
416
474
617
592
462
496
424
608
496
461
494
308
448
304
400
368
312
304
272
276
272
272
154
256
176
208
234
161
10000
196
1120
1376
1575
1847
1969
2015
2192
2287
2169
2282
2495
2447
2371
2471
2519
2512
2663
2640
2635
2723
2783
2867
2865
2765
2697
2771
2877
2935
2960
2966
2963
2939
2979
3007
3071
3159
3149
3101
3139
3279
3111
3103
3301
3307
3263
3183
3179
3327
3184
10000
1867
1923
1815
1744
1733
1602
1456
1334
1280
1318
1112
1046
1008
957
928
728
768
784
770
816
665
650
578
529
616
500
532
464
502
528
592
522
476
442
420
416
432
353
406
298
340
416
377
212
285
325
342
201
297
196
10000
14
1000
1354
1629
1846
2012
2063
2015
2043
2111
2195
2151
2231
2347
2471
2417
2538
2623
2543
2640
2663
2559
2736
2807
2799
2815
2843
2835
2896
2895
2887
3031
3103
2911
3118
3171
3047
3171
3135
3167
3191
3184
3175
3101
3123
3121
3307
3255
3187
3275
10000
1885
2128
2006
1874
1558
1506
1373
1378
1360
1190
1094
1008
964
1100
939
970
934
752
608
746
784
690
697
608
640
640
640
520
452
518
448
532
496
582
386
384
329
353
312
368
410
312
290
332
320
280
256
216
304
208
10000
148
1021
1361
1535
1425
1703
1776
1939
1845
2214
2253
2288
2401
2458
2445
2475
2449
2559
2601
2595
2687
2727
2803
2639
2783
2903
2923
2961
2979
2959
2939
2853
3023
2993
2979
3131
3087
3151
3119
3057
3133
3191
3150
3259
3115
3311
3254
3303
3335
3230
10000
2029
2223
2037
1915
1796
1680
1715
1492
1299
1296
1168
993
1049
784
768
768
634
656
640
656
604
669
496
601
684
681
602
400
499
432
418
368
432
449
384
417
370
372
320
304
308
306
293
244
240
288
275
280
160
256
10000
86
1076
1469
1726
1680
1812
1870
2047
2064
2161
2227
2367
2303
2435
2446
2437
2481
2635
2609
2685
2687
2693
2783
2915
2791
2895
2801
2896
2907
3047
2998
3035
2966
3071
3018
3175
3071
3071
3125
3057
3135
3327
3179
3199
3143
3167
3243
3215
3152
3267
10000
1829
2018
1771
1600
1568
1574
1456
1362
1302
1188
1147
1162
960
883
841
957
862
909
752
825
856
768
768
685
576
544
588
466
528
384
441
393
336
308
328
260
376
364
336
168
320
308
256
234
96
160
148
224
112
168
10000
64
1091
1201
1466
1628
1840
1953
2068
2006
2138
2190
2319
2303
2413
2315
2507
2539
2559
2691
2621
2755
2759
2834
2771
2835
2823
2955
2843
2885
2973
3070
2966
3057
2925
3119
3035
3071
3095
3167
3167
3109
3115
3184
3239
3218
3238
3159
3287
3159
3251
10000
1869
2155
2128
1762
1701
1626
1622
1465
1410
1372
1137
1174
1122
1045
888
885
697
709
744
608
613
624
516
528
410
444
448
482
345
400
442
385
458
384
338
378
272
352
266
300
298
292
272
180
224
145
212
200
68
208
10000
48
977
1421
1593
1731
1851
1859
1935
2077
2116
2192
2245
2303
2374
2399
2538
2655
2727
2596
2667
2736
2895
2915
2830
2864
2931
2957
2943
2855
2983
2871
3031
3103
2991
3071
3027
3153
3107
3123
3126
3071
3127
3214
3185
3199
3167
3166
3121
3157
3231
10000
1945
1863
1561
1424
1378
1351
1264
1272
1168
1032
1062
957
972
954
832
860
779
760
801
748
698
640
673
648
576
510
531
538
480
436
432
376
384
347
384
312
288
346
258
320
264
234
274
276
192
196
182
152
176
146
10000
53
942
1474
1746
1933
1968
1989
2155
2194
2359
2355
2401
2559
2449
2533
2543
2731
2663
2699
2704
2903
2763
2733
2821
2851
2911
2903
2903
2927
3035
3056
3051
2999
2965
3027
3052
3151
3183
3071
3139
3163
3199
3095
3095
3211
3219
3287
3185
3207
3199
10000
1826
1845
1488
1418
1236
1136
1066
1056
1037
964
844
708
840
753
745
724
700
628
592
576
628
506
436
528
529
421
416
424
450
374
322
396
462
363
368
384
376
274
330
240
272
288
356
256
274
288
264
168
208
256
10000
208
1261
1657
1871
1998
1876
1989
2188
2218
2271
2342
2371
2479
2457
2544
2679
2703
2719
2733
2763
2832
2811
2875
2835
2897
2935
2929
2859
2960
2939
3135
3093
3095
3111
3039
3205
3007
2987
3158
3135
3207
3215
3217
3310
3155
3227
3263
3211
3227
3251
10000
1814
2047
1852
1522
1519
1486
1509
1344
1271
1141
1072
1043
946
944
834
912
802
786
672
784
670
640
592
704
520
580
516
482
450
432
480
492
410
386
400
386
304
312
371
368
304
336
176
148
260
336
198
208
192
240
10000
152
1044
1388
1604
1851
1756
2078
2105
2235
2186
2253
2320
2371
2358
2587
2611
2559
2739
2683
2719
2655
2843
2791
2903
2800
2943
2915
2915
2939
2915
2905
3039
3019
3110
3089
3155
3071
3135
3135
3125
3071
3088
3119
3187
3187
3199
3108
3223
3179
3271
10000
1906
1983
1703
1485
1362
1365
1194
1104
1139
902
1008
998
995
992
984
928
848
881
760
808
784
665
698
624
576
581
452
564
433
410
392
292
369
408
412
340
320
296
372
370
314
245
272
331
160
272
240
224
130
196
10000
128
1123
1408
1681
1642
1840
1878
2000
2066
2106
2288
2271
2343
2462
2482
2613
2555
2527
2503
2639
2710
2650
2719
2766
2928
2823
2895
2933
2895
2999
2957
3093
3118
3023
3109
3059
3131
3159
3055
3271
3215
3141
3167
3155
3231
3271
3185
3281
3231
3359
10000
1926
2078
2059
1911
1725
1603
1488
1431
1357
1194
1036
1094
886
915
816
818
680
666
652
688
668
588
592
592
672
552
641
520
555
528
401
496
506
418
369
448
400
374
352
341
416
304
186
264
392
236
182
176
281
204
10000
83
960
1438
1676
1990
2141
2155
2199
2147
2183
2339
2333
2369
2447
2499
2451
2555
2543
2495
2686
2671
2660
2631
2737
2863
2782
2875
2779
2995
2832
3043
2827
3027
2907
3127
3152
3055
3061
3171
3037
3179
3215
3203
3135
3123
3367
3123
3287
3279
3345
10000
1989
1954
2038
1734
1714
1494
1503
1284
1190
1216
1228
1008
966
973
899
893
760
675
656
698
612
560
649
633
566
486
530
529
384
428
416
288
398
368
323
306
344
293
338
320
256
212
144
232
236
241
220
342
301
272
10000
197
1137
1606
1800
1902
2063
2097
1820
2030
1997
2058
2166
2247
2267
2405
2416
2645
2559
2673
2703
2687
2773
2719
2851
2839
2843
2975
3011
3005
3013
3131
3039
3119
3215
3185
3231
3166
3059
3237
3111
3159
3199
3147
3154
3167
3215
3179
3383
3143
3295
10000
1901
2146
1893
1933
1919
1589
1488
1456
1281
1201
1168
1169
980
1068
1110
960
802
738
758
732
720
674
570
460
592
496
368
448
332
484
400
368
352
304
208
297
320
420
368
196
308
304
293
264
196
304
176
184
104
194
10000
101
1180
1305
1493
1457
1570
1802
2003
2157
2159
2311
2247
2391
2416
2499
2606
2629
2559
2768
2711
2751
2893
2773
2835
2859
2799
2939
2943
3015
2934
2973
3171
3131
3125
3173
3235
3181
3115
3123
3199
3215
3166
3183
3215
3222
3211
3143
3307
3183
3189
10000
1878
2064
1902
1794
1583
1648
1649
1638
1456
1424
1219
1220
1057
1000
1008
1104
820
919
720
628
624
472
666
592
416
386
484
496
604
428
485
570
432
444
368
361
297
308
192
288
292
180
240
310
192
272
241
216
96
224
10000
48
1011
1103
1454
1425
1650
1859
1951
2121
2151
2299
2243
2305
2359
2342
2419
2493
2463
2635
2800
2674
2783
2791
2951
2941
3047
2966
3023
3053
3014
2995
3091
3163
3071
3067
3155
3163
3151
3139
3183
3295
3135
3255
3283
3126
3271
3263
3247
3317
3295
10000
1895
1924
1949
1936
1818
1584
1483
1436
1217
1216
1136
1281
950
982
932
855
808
874
737
705
688
544
644
500
528
492
384
284
376
320
433
372
428
410
368
443
352
348
392
448
384
352
240
208
224
160
132
186
216
232
10000
110
1120
1373
1582
1744
1798
1979
2128
2037
2080
2032
2251
2160
2358
2245
2406
2512
2391
2471
2599
2559
2673
2655
2815
2706
2770
2791
2861
3021
2893
3101
3007
3171
2989
2917
2943
2951
3059
3046
3071
3135
3171
3119
3243
3199
3270
3299
3205
3283
3349
10000
1919
2233
2347
2242
2001
1847
1489
1441
1352
1360
1266
1162
1022
900
784
688
632
633
640
585
496
468
576
400
400
418
448
378
384
276
290
334
416
336
272
353
312
278
224
228
218
197
210
288
82
244
172
208
240
149
10000
102
1129
1616
1899
1965
1936
2087
2095
2246
2235
2271
2303
2331
2371
2481
2586
2659
2485
2655
2739
2675
2758
2896
2931
2835
2847
3011
2957
3071
2991
3037
3053
3199
3103
3155
3179
3107
3277
3135
3239
3119
3147
3311
3247
3319
3295
3248
3269
3335
3289
10000
1829
1975
1669
1665
1522
1402
1258
1130
1199
1056
1037
1004
944
923
967
902
774
736
672
616
560
608
568
548
472
524
528
510
528
434
432
245
340
275
400
304
354
336
256
233
256
264
224
230
320
261
170
192
244
245
10000
96
1093
1635
1888
2083
2213
2182
2179
2161
2178
2187
2416
2513
2371
2373
2453
2526
2642
2595
2695
2847
2755
2813
2935
2737
2831
2979
2992
2845
3015
2955
3007
3091
2975
2997
3069
3091
3071
3071
3187
3198
3123
3184
3217
3111
3141
3223
3283
3303
3165
10000
1834
1986
1690
1568
1358
1267
1177
1116
944
930
878
832
836
784
680
848
624
636
699
576
608
624
552
480
481
486
464
395
432
496
465
471
362
376
292
344
264
320
306
321
336
322
385
296
216
217
282
312
242
236
10000
128
1254
1812
1965
2084
2151
2303
2371
2401
2385
2479
2427
2555
2559
2603
2589
2623
2603
2799
2815
2731
2783
2899
2813
2847
2871
2982
2959
3107
3087
3007
3103
3071
3071
3111
3143
3110
3007
3121
3151
3101
3027
3182
3191
3294
3327
3263
3185
3283
3287
10000
1851
1943
1661
1526
1388
1382
1353
1113
1213
976
939
900
750
896
852
691
619
672
720
576
560
717
609
464
496
469
540
434
436
464
522
528
368
393
310
306
400
320
280
294
194
196
280
201
320
291
262
232
328
256
10000
219
1110
1697
2046
2074
2339
2417
2462
2478
2601
2495
2607
2707
2611
2719
2819
2768
2815
2822
2907
2887
2899
2925
2847
3039
2891
2973
3111
2935
2983
3103
3055
3051
3003
3113
2989
3067
3123
3221
3175
3142
3135
3231
3311
3091
3131
3135
3199
3183
3135
10000
1861
1839
1525
1338
1297
1110
1197
1021
963
1096
1008
816
745
785
720
816
656
688
602
592
596
516
560
480
530
538
572
452
450
493
360
320
435
428
352
384
386
384
378
336
266
320
288
304
358
264
406
240
326
288
10000
65
1062
1485
1467
1750
1907
1885
2110
2150
2192
2320
2398
2409
2429
2417
2589
2627
2679
2738
2727
2771
2863
2765
2835
2865
2858
2843
2910
2982
2899
3047
2919
3071
3055
3071
3015
3063
3135
3111
3203
3279
3121
3139
3167
3271
3247
3090
3175
3167
3159
10000
1904
1969
1824
1775
1785
1710
1403
1264
1257
1448
1187
1286
1177
840
645
688
633
612
595
505
528
450
608
520
400
424
429
336
330
314
362
352
344
320
258
324
320
208
260
292
326
232
320
160
188
292
256
273
176
210
10000
136
1142
1702
1979
2070
2277
2283
2406
2483
2478
2555
2512
2559
2640
2737
2811
2735
2763
2757
2775
2975
2962
2885
2797
2969
2879
2863
2967
3047
3039
2935
2941
3031
3007
3107
3023
3135
3103
3055
3154
3035
3223
3123
3071
3091
3174
3195
3167
3199
3219
10000
1980
1834
1595
1507
1515
1380
1292
1163
970
1034
992
1014
1056
990
888
872
768
760
712
760
640
656
693
654
586
576
416
444
384
400
362
400
272
276
272
336
356
336
334
180
352
328
304
241
100
256
209
230
282
258
10000
128
1232
1583
1584
1728
1893
2022
2021
2131
2173
2156
2239
2363
2449
2555
2495
2613
2619
2699
2787
2623
2798
2753
2863
2855
2861
2903
2989
2959
2815
3047
3027
3071
3135
3111
3031
3087
3199
3146
3069
3123
3117
3107
3199
3271
3281
3403
3217
3295
3287
10000
1985
2109
2086
1931
1739
1614
1518
1440
1438
1270
1187
1075
898
890
744
704
565
693
609
617
582
474
532
432
384
476
416
436
426
326
362
346
308
292
352
258
288
217
304
196
272
192
220
278
288
203
224
132
98
204
10000
80
912
1600
1884
2047
2154
2331
2382
2518
2559
2651
2535
2545
2687
2691
2677
2750
2847
2777
2847
2770
2929
2835
2970
2883
2885
2903
2960
2887
3011
3094
3069
3023
2999
3071
3067
3122
3143
3151
3030
3151
3111
3211
3153
3143
3199
3243
3131
3248
3280
10000
1851
1873
1601
1398
1341
1140
1088
924
1052
904
825
832
857
747
752
656
614
630
614
534
576
579
545
464
337
425
438
490
454
365
448
354
412
344
336
389
325
272
340
272
236
300
256
200
242
160
256
202
219
208
10000
32
1031
1648
1921
2026
2174
2381
2397
2423
2547
2477
2629
2607
2685
2687
2791
2820
2773
2878
2695
2928
2759
2887
2927
2855
2855
3043
2967
2795
3029
2993
3007
3053
2927
3134
3095
3047
3119
3189
3219
3015
3088
3257
3217
3251
3247
3311
3167
3311
3227
10000
2002
1831
1520
1408
1197
1092
1045
1147
1199
1102
1121
1050
1128
1071
933
832
842
716
715
784
721
704
732
736
656
576
580
493
416
458
354
443
304
416
388
348
330
392
336
338
346
220
304
320
256
236
312
128
289
240
10000
108
1038
994
1275
1781
1807
1926
2087
2112
2367
2403
2427
2608
2611
2671
2797
2768
2859
2863
2929
2895
2897
2942
3023
2991
3007
3052
2999
3063
2931
2927
3011
3055
2999
3095
3135
2995
3015
3247
3039
3218
3287
3207
3325
3183
3195
3107
3287
3215
3249
10000
1919
1795
1751
1535
1376
1341
1306
1082
872
852
783
832
828
818
880
918
782
770
704
680
677
640
656
678
552
544
504
450
480
466
464
434
456
442
308
200
128
233
320
168
160
152
244
140
224
97
208
146
160
160
10000
164
1296
1607
1634
1798
1839
1993
1995
2075
2189
2439
2320
2418
2609
2613
2559
2691
2717
2787
2800
2849
2837
2791
2867
2877
2935
3011
3135
3103
3069
3120
3093
3141
3205
3183
3183
3215
3187
3213
3419
3217
3111
3307
3167
3323
3275
3280
3251
3383
3294
10000
1749
1787
1384
1380
1260
970
1065
848
939
838
763
788
722
722
800
658
588
598
592
605
505
504
546
482
384
417
464
496
352
384
400
368
321
380
326
304
276
368
306
277
322
264
224
192
304
264
242
256
260
272
10000
108
1296
1828
2091
2225
2316
2455
2559
2546
2614
2659
2703
2763
2559
2843
2828
2839
2831
2862
3047
2905
2963
2959
3023
3007
3003
3039
2901
3031
3071
3045
3067
3063
3099
3219
3237
3024
3195
3159
3059
3153
3223
3251
3295
3131
3279
3267
3219
3295
3319
10000
1675
1841
1369
1280
1069
900
957
917
810
774
844
748
770
708
649
691
672
480
592
538
536
452
438
336
419
336
336
320
426
348
432
408
356
304
389
244
336
288
246
325
272
184
242
304
240
240
291
306
160
206
10000
144
1426
1943
2160
2345
2352
2595
2630
2557
2743
2742
2705
2655
2839
2769
2863
2839
2859
3043
2987
3013
3057
3125
3055
3147
3029
2992
3207
3173
3195
3153
3063
3191
3167
3249
3199
3243
3263
3346
3277
3231
3279
3347
3345
3345
3335
3123
3255
3339
3359
10000
1739
1638
1104
1091
1006
952
778
781
688
688
568
552
464
466
450
493
400
422
288
416
448
336
337
304
272
272
396
342
272
258
208
292
236
288
208
218
202
136
214
144
161
201
193
153
40
176
202
112
188
130
10000
40
1334
1975
2197
2475
2559
2615
2695
2775
2879
2821
2911
2921
2943
2971
3015
3125
3031
2995
3127
3151
3103
3413
3175
3207
3131
3263
3173
3219
3255
3283
3239
3217
3199
3294
3215
3259
3327
3295
3315
3222
3440
3207
3250
3441
3103
3375
3455
3359
3259
10000
1586
1328
1073
897
762
650
586
576
528
346
490
480
376
426
389
216
305
256
234
256
112
193
240
188
132
217
176
144
108
128
52
160
80
0
112
64
24
0
0
0
0
0
0
0
14
5
2
0
0
0
10000
128
1699
2469
2800
3095
3375
3205
3391
3278
3999
3583
3605
3559
3567
3525
3667
3571
3483
3535
3639
3659
3511
3503
3507
3531
3537
3475
3734
3583
3559
3527
3483
3663
3583
3583
3535
3883
3743
3783
3671
3967
3831
3743
3583
3763
3749
3733
3472
4047
3823
10000
1713
1360
921
640
501
448
332
218
184
266
181
168
166
112
176
132
152
176
64
152
64
128
104
52
0
112
36
48
48
116
170
128
100
80
176
106
176
150
116
160
56
154
98
0
192
170
256
176
180
224
10000
114
1879
2659
2951
3279
3375
3431
3537
3583
3439
3719
3735
3551
3289
3583
3675
3639
3639
3735
3583
3723
3767
3839
3875
3855
3999
3791
3807
3819
3975
3967
3871
4075
3815
4059
4095
3927
3791
3805
3871
3823
3863
3887
4029
3999
3735
3933
3887
3903
3839
10000
1646
1296
859
724
428
524
354
352
337
304
176
274
230
282
358
228
168
264
248
234
192
180
240
340
320
304
192
96
117
144
76
76
64
100
128
160
128
74
180
140
16
80
96
80
48
128
48
78
74
212
10000
0
1232
2399
2802
3007
3203
3303
3447
3491
3563
3755
3667
3711
3903
3895
3571
3647
3435
3891
3839
3759
3747
3951
3719
3747
3695
3839
3775
3655
3742
3819
3839
3783
3607
3667
3703
3943
3615
3583
3603
3627
3607
3687
3607
3767
3847
3771
3583
3955
3699
10000
1783
1341
946
664
529
635
352
322
256
216
128
229
128
180
233
260
225
74
74
48
80
80
53
64
64
36
20
22
56
0
96
0
100
0
0
0
0
0
0
0
16
0
0
0
0
16
0
0
48
0
10000
192
1799
2535
2835
3159
3359
3327
3279
3583
3751
3411
3431
3531
3567
3583
3535
3559
3461
3671
3795
3575
3435
3743
3731
3518
3663
3637
3023
3511
3311
3635
3507
3583
3451
3621
3506
3663
3705
3679
3783
3675
3761
3747
3739
3691
3711
3363
3763
3731
3623
10000
1625
1286
726
560
484
420
240
256
144
154
118
144
66
50
8
32
58
77
0
80
108
0
26
0
0
0
0
0
0
0
0
0
0
8
0
0
0
0
2
0
0
0
0
0
0
112
0
108
32
192
10000
0
1408
2326
2847
3103
3071
3231
3343
3413
3335
3423
3519
3413
3455
3407
3411
3511
3407
3519
3603
2967
3455
3343
3439
3367
3471
3535
3383
3471
3439
3451
3431
3491
3455
3633
3603
3491
3583
3477
3455
3711
3583
3575
3607
3711
3535
3565
3501
3455
3691
10000
1520
1070
644
426
288
156
240
184
152
44
40
0
0
0
0
0
0
0
0
0
0
0
0
0
0
0
0
0
0
0
0
0
0
0
0
0
0
0
0
0
0
0
0
0
0
0
32
0
0
0
10000
21
1392
2256
2705
2909
3071
3151
3122
3231
3295
3343
3327
3157
3191
3247
3149
2903
3271
3215
3191
3277
3280
3231
3153
3311
3367
3359
3223
3319
3403
3347
3575
3281
3327
3343
3435
3323
3399
3311
3217
3281
3231
3299
3185
3281
3263
3323
3271
3275
3255
10000
1482
962
576
344
88
48
0
0
0
0
0
0
0
0
0
0
0
0
0
0
0
0
0
0
0
0
0
0
0
0
0
0
0
0
0
0
0
0
0
0
0
164
0
0
0
0
0
0
0
0
10000
0
985
1910
2335
2670
2757
2887
2879
2961
2934
3071
3014
3047
3261
2935
3135
2995
3057
3047
3133
3195
3166
3248
3295
3127
3327
3167
3271
3343
3379
3409
3271
3359
3839
3563
3467
3279
3245
3399
3408
3339
3483
3383
3263
3510
3381
3327
3423
3446
3335
10000
1527
994
592
384
232
82
20
16
36
28
0
0
0
0
0
0
0
0
0
0
0
0
0
0
0
0
0
0
0
0
0
0
0
0
0
16
20
37
0
0
0
0
0
0
0
0
0
0
0
0
10000
0
704
1698
2399
2635
2866
2943
3122
3319
3319
3559
3259
3355
3311
3327
3491
3479
3439
3455
3263
3423
3303
3473
3487
3499
3695
3583
3565
3507
3383
4095
3607
3723
3583
3511
3643
3697
3711
3469
3499
3567
3439
3655
3583
3551
3607
3507
3579
3647
3935
10000
2463
1603
944
581
480
246
288
198
112
48
98
129
34
202
32
18
64
144
0
89
98
64
0
300
162
32
54
0
0
0
54
0
48
8
0
0
0
0
0
42
0
0
0
0
0
0
0
0
0
0
10000
20
992
1948
2651
2783
2928
3175
3263
3217
3455
3383
3543
3539
3519
3675
3743
3507
3631
3639
3731
3823
3575
3547
3639
3699
3703
3663
3631
3697
3839
3859
3799
3687
3923
3665
3623
3511
3423
3699
3667
3639
3941
3443
3511
3571
3583
3503
3615
3771
3627
10000
2462
1629
961
752
528
320
392
278
259
152
132
0
320
128
244
176
128
32
42
16
0
16
40
0
0
32
0
70
0
32
0
68
0
0
0
49
0
20
0
0
24
26
64
64
0
0
0
0
0
0
10000
0
800
1827
2459
2821
3153
3291
3391
3539
3503
3583
3663
3633
3551
3551
3487
3813
3767
3761
3503
3819
3615
3663
3823
3643
3583
3699
3535
3602
3515
3639
3567
3511
3567
3411
3378
3439
3615
3567
3499
3579
3683
3679
3621
3647
3711
3667
3687
3702
3731
10000
2416
1584
1136
732
496
354
216
112
136
32
64
45
16
0
0
106
88
58
0
0
0
0
0
0
0
0
0
0
0
0
0
0
0
32
16
0
0
0
0
0
0
0
0
0
0
0
0
0
0
0
10000
40
1386
1899
2371
2869
3173
3271
3335
3334
3312
3411
3506
3583
3371
3487
3563
3471
3547
3503
3379
3515
3447
3487
3323
3407
3377
3303
3499
3749
3431
3379
3391
3565
3383
3311
3319
3473
3527
3535
3487
3487
3523
3325
3551
3549
3487
3475
3345
3551
3607
10000
1654
1145
890
684
472
230
256
130
67
112
100
0
2
0
0
0
0
0
0
0
0
0
0
128
0
0
0
0
0
0
0
0
0
0
0
0
0
0
0
0
0
0
0
0
0
0
0
0
0
0
10000
64
1424
2000
2513
2719
3059
3345
3343
3341
3367
3503
3343
3479
3366
3455
3547
3367
3583
3327
3383
3363
3415
3487
3611
3005
3363
3335
3325
3547
3423
3499
3607
3423
3279
3646
3443
3507
3659
3467
3583
3574
3563
3607
3519
3543
3631
3671
3537
3563
3559
10000
1535
1200
640
450
440
344
210
100
99
80
16
64
24
76
146
0
0
0
0
0
0
0
0
0
0
0
0
0
0
8
0
0
0
0
0
0
0
0
0
0
0
0
0
0
0
0
0
0
0
0
10000
172
1685
2473
2867
2799
3102
3043
3143
3299
3399
3455
3347
3463
3461
3342
3365
3531
3451
3345
3711
3301
3421
3445
3671
3463
3559
3583
3505
3415
3467
3507
3583
3583
3667
3509
3711
3567
3581
3307
3679
3711
3539
3613
3543
3583
3639
3695
3647
3583
3623
10000
1520
1595
910
656
408
274
248
212
106
0
0
0
11
0
0
0
0
0
0
0
0
0
0
16
0
0
0
0
0
0
0
0
0
0
48
10
0
0
16
0
0
0
0
312
16
0
52
0
0
0
10000
56
1344
2347
2703
2682
2903
3071
3207
3207
3325
3443
3379
3455
3311
3665
3359
3506
3391
3549
3443
3519
3519
3447
3519
3631
3583
3543
3569
3635
3583
3583
3519
3631
3377
3607
3707
3547
3535
3643
3615
3647
3631
3519
3615
3535
3527
3507
3679
3573
3677
10000
1520
1678
841
528
345
128
80
16
0
96
112
120
66
0
24
32
0
48
80
16
150
28
0
0
0
32
0
32
0
0
0
130
56
88
0
0
0
0
0
4
0
0
0
0
0
0
0
0
0
0
10000
32
1381
2319
2742
2903
2943
3219
3345
3055
3263
3255
3302
3407
3327
3379
3359
3443
3479
3535
3441
3615
3647
3411
3579
3539
3479
3527
3511
3570
3671
3697
3669
3455
3567
3455
3621
3583
3503
3391
3571
3557
3495
3542
3411
3535
3569
3857
3431
3502
3493
10000
1573
1108
588
500
370
203
267
272
140
73
80
112
132
72
136
52
32
0
0
96
153
84
16
0
48
0
0
0
0
18
32
32
0
4
16
0
0
0
0
16
0
0
0
0
0
0
0
0
0
0
10000
176
1665
2351
2727
2975
2711
2929
2987
3162
3623
3403
3536
3533
3543
3503
3647
3583
3623
3567
3527
3735
3651
3605
3703
3543
3583
3663
3471
3635
3627
3511
3679
3639
3473
3471
3539
3472
3439
3679
3119
3507
3517
3455
3471
3411
3659
3583
3435
3647
3643
10000
1584
1253
736
597
544
468
400
276
624
226
160
82
108
132
136
49
80
98
48
44
32
64
0
34
48
0
24
16
0
0
48
0
0
0
0
22
0
108
16
0
0
0
0
0
0
0
0
0
0
0
10000
48
1398
2275
2673
2923
3021
3235
3327
3383
3391
3327
3375
3423
3467
3511
3409
3510
3471
3519
3487
3429
3503
3663
3415
3583
3567
3539
3429
3563
3505
3671
3199
3503
3351
3611
3453
3519
3455
3647
3583
3547
3515
3523
3711
3767
3695
3527
3695
3711
3519
10000
1646
1241
768
624
357
298
272
144
176
80
128
1
65
44
48
32
112
0
10
0
10
41
0
44
0
32
72
0
0
0
0
0
0
0
0
0
0
0
0
0
0
0
0
0
0
0
4
0
0
0
10000
0
1297
2242
2736
2975
3043
3327
3175
3407
3335
3447
3539
3280
3303
3431
3582
3567
3487
3546
3375
3531
3455
3509
3493
3551
3007
3439
3471
3445
3495
3471
3381
3535
3463
3537
3519
3727
3559
3575
3665
3695
3579
3669
3543
3345
3761
3729
3735
3727
3511
10000
1567
1218
768
628
464
272
296
244
64
186
177
128
64
68
0
192
0
0
10
0
0
0
32
0
0
0
2
0
0
0
0
40
0
0
0
44
18
0
0
0
0
0
34
0
0
32
16
16
0
0
10000
129
1648
2449
2775
3095
3147
3179
3339
3319
3379
3313
3583
3555
3423
3519
3383
3391
3643
3775
3343
3413
3440
3487
3487
3607
3345
3495
3542
3634
3515
3775
3539
3647
3647
3503
3663
3451
3511
3679
3697
3697
3743
3503
3711
3606
3647
3719
3631
3525
3647
10000
1600
1209
704
422
450
346
448
144
96
128
48
4
26
18
0
40
0
8
0
0
0
92
0
11
0
0
16
0
0
4
0
0
36
18
0
0
0
0
0
0
24
0
42
0
0
4
0
0
0
0
10000
66
1419
2314
2755
2965
3171
3111
3263
3184
3247
3507
3247
3319
3355
3343
3495
3377
3435
3431
3519
3631
3531
3535
3583
3679
3543
3487
3679
3557
3619
3441
3537
3887
3601
3631
3447
3519
3575
3631
3691
3429
3575
3445
3647
3455
3583
3693
3447
3671
3485
10000
1478
1108
656
576
388
304
178
148
107
112
97
176
112
64
136
0
32
42
0
8
0
86
112
80
0
18
297
16
16
0
21
0
0
0
0
96
0
76
0
0
0
54
0
0
0
0
0
0
0
0
10000
4
1238
2135
2667
2999
3099
3059
3199
3183
3175
3295
3291
3207
3343
3375
3471
3537
3574
3567
3525
3575
3603
3559
3711
3219
3583
3438
3803
3439
3543
3506
3499
3575
3475
3635
3479
3563
3647
3499
3423
3423
3679
3499
3677
3615
3463
3367
3503
3515
3575
10000
1634
1200
816
560
375
292
329
208
152
140
96
112
120
12
308
101
144
64
40
104
68
0
36
34
96
0
0
0
9
0
26
0
0
16
0
0
0
0
0
0
0
0
0
0
0
0
0
0
6
0
10000
16
1328
2189
2710
2951
3028
3219
3219
3317
3367
3473
3475
3543
3455
3409
3511
3478
3503
3571
3551
3583
3471
3391
3631
3539
3559
3503
3375
3671
3719
3751
3527
3409
3389
3455
3527
3139
3415
3399
3431
3455
3559
3503
3531
3503
3629
3665
3575
3791
3803
10000
1904
1680
1040
724
208
522
410
296
144
20
66
168
16
0
0
48
0
10
38
4
16
56
8
0
80
0
0
0
0
0
0
0
0
0
0
16
0
0
0
0
0
0
0
0
0
0
0
0
0
0
10000
0
704
1667
2397
2911
2991
3199
3271
3475
3445
3471
3099
3703
3667
3569
3613
3583
3619
3661
3543
3583
3583
3671
3423
3615
3647
3527
3511
3383
3451
3603
3643
3647
3370
3519
3487
3519
3431
3637
3639
3613
3702
3635
3690
3671
3647
3763
3607
3703
3679
10000
2543
1714
1136
706
458
321
176
219
240
88
240
113
40
64
48
80
0
16
0
34
0
8
0
104
0
0
0
0
0
0
0
0
0
0
0
0
0
0
0
0
0
0
0
0
0
0
0
0
32
0
10000
10
1072
2079
2639
2929
2815
3367
3487
3351
3515
3511
3487
3583
3569
3723
3559
3615
3455
3535
3693
3447
3583
3551
3615
3743
3639
3407
3472
3623
3472
3519
3463
3579
3583
3623
3695
3567
3691
3759
3775
3757
3701
3697
3551
3775
3749
3711
3759
3667
3623
10000
2599
1659
1057
694
485
290
240
180
89
116
212
20
74
17
196
74
0
0
0
0
0
56
8
0
0
0
20
19
50
101
0
0
48
38
50
36
4
22
68
48
64
0
48
0
0
32
0
148
16
132
10000
0
826
1678
2386
2833
3054
3135
3198
3399
3559
3505
3567
3643
3627
3547
3702
3671
3407
3409
3441
3631
3535
3669
3707
3775
3583
3703
3839
3759
3879
3823
3867
3887
3855
3743
3463
3911
3791
3761
3887
3887
3583
3789
3839
3791
3855
3859
3647
3783
3911
10000
2559
1824
1225
1057
484
448
292
260
210
192
96
169
164
16
144
210
148
192
212
240
268
304
273
217
240
192
180
384
352
400
331
330
416
392
384
368
256
404
432
496
601
576
640
746
753
834
757
810
688
592
10000
372
1193
1969
2437
2623
2875
2979
3245
3349
3697
3699
3823
3867
3775
3863
3803
3989
3863
4015
3997
3879
3727
3857
3871
3735
3839
3901
3579
3751
3711
3795
3731
3679
3703
3543
3711
3759
3583
3525
3631
3671
3743
3743
3839
3731
3871
3839
3851
3923
4095
10000
3219
2538
1994
1785
1386
1008
968
873
768
704
588
600
532
480
545
361
384
304
296
312
308
240
360
248
288
261
240
204
146
217
144
192
201
218
282
92
288
160
218
208
238
272
266
154
144
213
214
208
240
240
10000
304
834
1344
1881
2217
2559
2791
2839
2995
3295
3259
3383
3631
3471
3603
3527
3651
3571
3791
3823
3743
3615
3695
3563
3695
3675
3883
3815
3711
3863
3747
3879
3757
3839
3935
3793
3921
3935
3967
3890
3839
4095
3775
3837
3762
3807
3855
3839
3903
3799
10000
3255
2683
2098
1751
1467
1224
1106
889
780
624
593
596
528
474
370
352
346
348
304
308
320
320
330
272
313
306
264
338
112
182
256
256
144
309
228
224
144
160
224
164
214
96
208
128
200
52
64
128
144
192
10000
66
492
960
1324
1680
1994
2170
2470
2655
2703
2861
3023
3047
3163
3239
3223
3419
3439
3359
3479
3631
3483
3533
3455
3655
3519
3583
3415
3483
3327
3526
3653
3567
3365
3567
3343
3423
3567
3503
3568
3677
3435
3454
3535
3415
3419
3477
3533
3475
3571
10000
3115
2559
2334
2030
1737
1520
1262
1185
960
920
832
722
736
656
576
570
496
400
436
420
348
352
248
256
304
240
232
176
154
230
336
132
176
240
184
112
128
114
164
90
144
176
108
128
120
164
176
137
136
170
10000
216
648
1008
1218
1692
1919
2231
2306
2654
2647
2751
2927
2963
3157
3015
3294
3199
3407
3365
3325
3359
3339
3339
3399
3347
3431
3503
3531
3474
3503
3390
3533
3442
3455
3535
3495
3327
3507
3583
3559
3487
3535
3379
3503
3519
3447
3633
3365
3535
3571
10000
2989
2595
2175
1941
1680
1374
1200
1047
864
880
720
614
592
588
468
528
448
416
272
394
396
398
404
265
304
330
352
264
320
272
240
288
220
256
272
215
288
224
192
136
256
240
178
80
184
146
108
112
168
168
10000
200
567
992
1276
1709
1906
2077
2262
2483
2431
2647
2687
2774
2843
2925
3071
3023
3029
3191
3071
3230
3199
3239
3291
3371
3323
3399
3415
3367
3346
3505
3363
3391
3455
3383
3559
3443
3454
3419
3379
3519
3535
3499
3399
3403
3527
3487
3541
3582
3455
10000
3186
2658
2277
2057
1743
1578
1436
1296
1189
1066
893
828
832
768
722
608
678
533
608
500
426
470
460
473
330
336
342
313
343
176
272
324
229
144
278
16
261
144
218
130
80
146
192
265
168
237
144
208
196
128
10000
168
562
1042
1388
1602
1844
2079
2235
2455
2471
2591
2775
2807
2887
2943
3011
3071
3088
3139
3185
3199
3263
3211
3207
3411
3303
3357
3323
3363
3327
3281
3319
3551
3437
3423
3569
3523
3483
3503
3633
3455
3569
3507
3515
3675
3583
3483
3471
3623
3583
10000
3071
2658
2317
2057
1686
1493
1346
1264
1053
985
925
832
800
741
566
604
480
465
488
474
370
352
374
376
210
240
292
296
337
268
304
288
300
330
96
200
448
134
213
256
105
268
240
249
192
144
160
160
76
144
10000
96
368
848
1134
1418
1699
1906
2067
2321
2357
2363
2539
2719
2693
2821
2875
3015
2962
3115
3067
3059
3119
3123
3045
3263
3303
3253
3303
3347
3579
3275
3248
3311
3271
3359
3327
3215
3473
3440
3287
3311
3471
3287
3495
3455
3407
3375
3403
3347
3403
10000
3039
2627
2231
1968
1738
1625
1476
1210
1248
1089
980
732
825
688
600
656
568
562
517
442
288
384
340
400
272
320
353
320
308
234
156
244
240
165
170
128
184
192
160
256
106
176
84
164
38
56
16
64
40
64
10000
112
486
770
950
1328
1520
1724
1946
2086
2186
2367
2399
2542
2559
2723
2799
2859
2907
2983
2895
3107
3093
3123
3071
3059
3184
3091
3119
3166
3239
3263
3314
3243
3207
3327
3315
3287
3275
3339
3343
3359
3379
3407
3407
3409
3519
3410
3383
3411
3319
10000
3231
2704
2381
2164
1964
1759
1657
1420
1282
1213
1005
960
876
786
760
669
674
548
467
412
456
412
476
390
354
324
256
308
304
224
208
256
272
192
180
140
138
130
98
217
196
100
108
152
172
80
108
0
52
74
10000
49
304
640
748
1101
1361
1584
1784
1897
2047
2099
2285
2302
2429
2427
2675
2672
2683
2747
3015
2987
2939
3029
3043
3071
3239
3303
3171
3119
3349
3295
3211
3271
3222
3327
3239
3199
3251
3327
3327
3487
3343
3351
3375
3378
3375
3347
3287
3383
3503
10000
3143
2662
2454
2207
2026
1779
1697
1452
1392
1270
1072
1066
932
848
800
816
672
656
672
592
508
544
552
404
352
336
416
256
368
416
304
296
224
193
180
256
201
256
176
48
112
128
105
128
160
105
48
139
68
20
10000
144
364
656
899
1121
1293
1554
1787
1875
2043
2131
2247
2363
2532
2595
2559
2666
2800
2789
2879
2911
2887
2959
2989
3058
3135
3062
3237
3190
3118
3239
3143
3239
3303
3295
3237
3213
3325
3311
3407
3335
3411
3357
3287
3293
3383
3467
3379
3327
3525
10000
3055
2831
2508
2295
2111
1994
1630
1561
1504
1377
1228
1029
953
1080
836
752
656
748
620
680
634
458
452
466
424
436
325
404
356
240
264
274
293
196
201
193
162
162
228
192
160
168
100
199
104
132
80
193
32
97
10000
64
320
443
780
960
1152
1300
1557
1749
1815
1991
2163
2186
2315
2390
2491
2501
2495
2678
2709
2755
2783
2837
2943
2971
2999
3039
3003
3089
3147
3143
3147
3141
3206
3187
3183
3259
3199
3205
3359
3313
3253
3335
3383
3343
3311
3223
3283
3295
3407
10000
3147
2763
2541
2239
2163
1904
1781
1524
1488
1377
1247
1128
1070
1004
921
854
840
736
713
656
563
603
560
536
452
425
464
384
432
226
306
276
274
244
192
224
264
144
288
186
146
112
186
80
208
22
113
16
130
64
10000
22
308
476
696
954
1115
1281
1502
1693
1773
1954
2134
2096
2351
2384
2407
2594
2559
2607
2615
2759
2829
2751
2863
2951
2830
2869
3099
3063
3006
3175
3171
3111
3255
3175
3167
3299
3223
3218
3139
3317
3291
3315
3315
3303
3413
3351
3275
3383
3463
10000
3152
2859
2559
2431
2115
2055
1873
1703
1602
1411
1394
1204
1076
1004
907
850
832
768
746
675
572
597
496
420
372
460
416
418
304
330
426
198
284
214
260
196
160
220
234
240
136
241
256
144
112
130
160
152
132
176
10000
156
336
664
813
928
1132
1307
1459
1704
1731
1904
2057
2130
2258
2315
2375
2583
2551
2669
2685
2751
2783
2747
2831
2853
2903
2895
2983
2943
2981
3055
3059
3123
3207
3158
3227
3163
3191
3191
3243
3207
3207
3191
3287
3143
3279
3277
3327
3280
3315
10000
3102
2823
2519
2288
2160
2027
1882
1729
1563
1471
1392
1344
1200
1003
965
896
986
857
784
818
640
578
569
430
482
545
496
550
408
370
375
396
280
392
270
304
288
192
416
272
128
128
176
151
96
104
105
172
192
117
10000
112
330
530
784
1001
1155
1322
1500
1591
1787
1877
2047
2138
2275
2327
2383
2517
2481
2559
2629
2702
2841
2703
2879
2943
2943
2935
2934
3103
2991
3171
3153
3211
3187
3223
3259
3251
3247
3263
3301
3263
3231
3281
3357
3351
3263
3243
3345
3359
3409
10000
3271
2911
2545
2373
2204
2058
1909
1776
1786
1522
1329
1355
1200
1004
1088
983
1016
832
788
848
720
630
624
652
603
468
480
569
432
436
397
402
329
298
217
298
276
196
185
297
299
208
184
204
138
120
132
320
162
144
10000
48
236
548
651
885
1062
1185
1499
1566
1714
1903
2017
2117
2212
2304
2381
2357
2550
2559
2603
2687
2819
2871
2800
2879
2807
2951
3050
2999
3005
3054
3139
3135
3156
3167
3159
3158
3238
3215
3291
3339
3199
3219
3303
3291
3319
3271
3279
3407
3248
10000
3131
2911
2699
2307
2249
2147
1917
1786
1661
1379
1360
1259
1197
1106
993
986
860
888
758
768
760
690
650
664
518
524
548
496
448
466
368
392
336
308
288
230
346
258
229
134
174
144
180
97
204
204
208
106
144
128
10000
36
288
432
688
910
1030
1236
1439
1555
1763
1778
1965
2029
2199
2290
2335
2447
2398
2547
2665
2674
2705
2687
2833
2915
2869
2814
2899
2975
2959
2949
2971
3015
3071
3103
3219
3175
3063
3223
3215
3295
3283
3347
3191
3227
3267
3255
3303
3278
3259
10000
3063
2885
2637
2299
2242
1994
1838
1819
1677
1465
1296
1248
1211
1058
933
928
848
864
876
661
641
649
496
491
553
474
437
486
450
422
288
330
280
184
245
200
320
240
192
186
186
148
265
48
64
160
130
64
45
76
10000
48
304
518
656
883
1008
1276
1371
1554
1664
1741
1929
1996
2113
2211
2204
2379
2427
2467
2691
2653
2559
2769
2723
2746
2927
2871
2943
3029
2934
2951
3047
3051
3011
3151
3103
3122
3056
3277
3191
3217
3163
3269
3303
3271
3227
3381
3231
3259
3302
10000
3103
2851
2559
2369
2235
2055
1885
1714
1563
1497
1295
1200
1172
1040
1088
1016
919
841
787
749
724
620
576
536
500
456
469
353
468
352
320
389
325
308
256
225
128
202
164
208
166
244
64
245
128
144
80
64
84
64
10000
72
308
496
616
868
1082
1166
1340
1594
1646
1791
1869
1975
2167
2171
2310
2355
2485
2462
2513
2559
2727
2587
2789
2757
2768
2831
2939
2991
2999
2967
3109
3055
3107
3111
3053
3089
3071
3147
3191
3119
3207
3247
3249
3399
3445
3184
3327
3163
3255
10000
3197
2935
2639
2391
2143
1934
1854
1747
1563
1511
1376
1319
1172
1093
1008
896
836
802
660
688
660
596
488
528
544
420
464
384
395
306
352
320
192
224
208
196
186
272
208
192
80
224
80
116
66
35
196
136
48
16
10000
32
256
412
