0
0
0
0
0
0
0
0
0
0
0
10000
0
373
684
1008
1345
1492
1615
1801
1767
1991
2015
2111
2182
2162
2291
2354
2407
2435
2474
2463
2481
2547
2631
2630
2609
2603
2639
2687
2743
2726
2727
2781
2733
2755
2751
2831
2831
2815
2883
2893
2731
2839
2835
2862
2847
2885
2911
2975
2983
2992
10000
2703
2192
1887
1696
1535
1332
1226
1122
1137
945
890
824
784
784
650
624
592
560
560
508
480
472
416
364
372
292
324
336
272
272
232
240
218
200
170
196
168
112
181
108
144
104
84
117
152
128
128
136
48
144
10000
76
368
606
928
1133
1392
1523
1681
1803
1951
2083
2077
2247
2351
2458
2399
2495
2555
2619
2641
2701
2763
2811
2771
2807
2843
2914
2919
2903
2928
2987
3047
3007
3127
3039
3111
3126
2995
3071
3127
3111
3187
3135
3183
3195
3191
3223
3195
3279
3199
10000
2959
2698
2423
2159
1931
1771
1660
1197
1088
856
866
720
828
820
722
692
652
832
912
917
800
792
722
698
688
596
608
528
530
480
426
418
402
441
386
328
340
324
294
300
240
232
204
232
176
201
128
210
182
154
10000
56
496
693
912
1155
1431
1527
1735
1856
2000
2093
2157
2239
2367
2463
2459
2641
2629
2704
2743
2779
2807
2867
2896
2879
2919
2975
2983
2943
2987
3055
3027
3119
3098
3067
3135
3143
3119
3195
3151
3150
3163
3263
3153
3199
3155
3237
3219
3307
3262
10000
2931
2455
2177
1983
1711
1552
1403
1318
1273
1144
1072
1030
1008
842
845
784
784
696
720
676
657
588
500
592
468
484
432
448
428
418
386
330
408
480
352
276
296
304
312
244
268
188
240
218
256
176
208
208
192
264
10000
129
680
944
1254
1468
1779
1918
2058
2191
2319
2352
2386
2423
2523
2499
2615
2623
2683
2687
2718
2711
2830
2771
2871
2775
2899
2931
2955
2939
2987
3003
3015
2995
2979
3091
3153
3071
3102
3099
3159
3211
3207
3199
3147
3167
3239
3199
3213
3239
3291
10000
2989
2661
2354
2132
1950
1779
1649
1535
1362
1298
1205
1136
1035
945
909
842
784
784
698
656
649
586
656
612
448
452
476
368
416
400
393
397
354
294
321
352
282
273
258
116
244
208
232
170
261
256
112
96
176
128
10000
128
410
649
992
1088
1300
1496
1650
1798
1859
1974
2043
2175
2346
2349
2449
2495
2591
2611
2623
2767
2743
2795
2983
2886
2919
2967
2963
2947
3047
3023
3039
3127
3067
3150
3152
3146
3203
3174
3221
3231
3214
3275
3443
3263
3259
3219
3231
3378
3327
10000
3057
2747
2503
2291
2106
1910
1774
1627
1520
1364
1262
1203
1129
1064
944
938
866
855
768
784
720
668
650
619
530
481
458
464
400
458
368
400
366
368
296
274
256
160
192
208
257
234
150
192
194
160
192
144
176
136
10000
144
441
740
880
1050
1287
1569
1665
1776
1968
2005
2125
2243
2327
2381
2479
2559
2559
2667
2671
2739
2751
2815
2847
2843
2877
2943
2999
2967
3007
3095
3027
3187
3071
3099
3103
3247
3231
3167
3191
3267
3259
3235
3229
3313
3263
3313
3315
3363
3387
10000
3038
2691
2403
2199
1953
1713
1648
1521
1312
1280
1157
1136
1031
974
906
816
775
718
716
682
653
626
688
576
501
528
529
504
480
448
464
452
400
416
352
336
313
374
320
345
328
272
230
266
192
208
224
176
176
208
10000
164
536
784
1028
1245
1527
1629
1817
1885
2023
2205
2234
2342
2399
2467
2539
2559
2615
2707
2757
2767
2789
2879
2835
2895
2931
2943
2979
3031
3051
3005
3071
3071
3119
3150
3095
3159
3171
3255
3167
3109
3181
3238
3199
3255
3239
3291
3269
3215
3307
10000
2981
2701
2475
2182
2023
1818
1669
1586
1421
1267
1251
1170
1072
1115
876
912
824
732
748
720
608
560
617
510
546
536
461
500
460
368
374
336
314
278
288
240
320
290
212
226
184
182
233
209
138
152
192
134
128
96
10000
104
410
624
896
1134
1270
1472
1639
1779
1849
1983
2109
2199
2245
2381
2431
2463
2491
2623
2663
2711
2703
2759
2851
2815
2933
2927
2927
2939
2943
2992
3023
3071
3067
3135
3203
3127
3135
3127
3199
3219
3218
3303
3183
3197
3263
3291
3391
3239
3313
10000
3071
2783
2498
2217
2146
1933
1783
1587
1520
1399
1299
1185
1156
1106
990
881
864
826
742
726
690
660
592
576
618
539
470
484
425
421
424
378
416
308
330
273
224
272
196
232
180
208
200
144
208
148
170
194
128
148
10000
164
384
568
776
960
1098
1322
1448
1724
1733
1974
2006
2098
2219
2255
2363
2395
2461
2551
2639
2687
2733
2803
2763
2775
2871
2899
2928
3071
2987
2999
3007
3007
3088
3067
3109
3181
2917
3216
3111
3185
3199
3248
3183
3184
3371
3207
3179
3327
3377
10000
3118
2800
2555
2356
2171
1933
1840
1715
1648
1487
1473
1306
1157
1109
1027
974
928
858
834
728
761
648
624
592
557
469
561
460
466
396
416
369
360
352
288
296
320
292
210
224
218
216
182
200
70
137
208
160
160
136
10000
80
336
531
752
974
1088
1328
1491
1647
1801
1872
1931
2059
2190
2241
2338
2417
2403
2544
2535
2647
2647
2723
2787
2821
2815
2929
2903
2934
2928
3011
3059
3055
3071
3063
3071
3107
3167
3175
3183
3227
3249
3243
3277
3263
3249
3327
3263
3355
3287
10000
3123
2851
2530
2401
2189
2039
1907
1751
1650
1570
1382
1309
1177
1122
1040
978
937
880
800
733
781
688
712
568
656
496
540
528
448
454
432
394
420
368
328
256
320
346
241
300
192
176
236
214
196
212
170
128
148
96
10000
132
336
556
738
925
1085
1243
1417
1535
1642
1833
1958
2094
2167
2169
2333
2406
2446
2515
2614
2610
2699
2687
2783
2775
2853
2865
2935
2983
3007
2960
3015
3051
2983
3103
3153
3103
3115
3107
3215
3215
3191
3255
3190
3223
3263
3314
3287
3247
3307
10000
3127
2867
2619
2395
2255
2066
1909
1854
1645
1622
1439
1321
1216
1200
1088
1078
960
912
869
824
776
778
646
592
588
584
586
496
485
449
440
400
368
342
296
268
336
272
268
272
244
185
212
192
152
212
105
176
204
144
10000
128
376
492
794
953
1059
1315
1376
1590
1670
1859
2009
2023
2117
2246
2321
2361
2415
2547
2545
2551
2687
2703
2783
2815
2779
2885
3031
2943
3007
2989
2986
3007
3107
3133
3167
3191
3259
3154
3231
3207
3171
3199
3247
3283
3195
3247
3282
3259
3339
10000
3139
2855
2633
2416
2187
2023
1925
1857
1712
1521
1463
1342
1280
1123
1088
994
948
796
880
822
764
741
659
616
550
588
528
568
518
416
442
396
388
386
320
328
296
256
288
216
234
169
256
196
218
217
154
144
148
80
10000
96
330
544
720
874
1013
1164
1346
1500
1669
1775
1889
1990
2069
2173
2238
2347
2379
2493
2495
2559
2687
2726
2727
2795
2791
2845
2883
2966
3014
3007
2935
3094
3089
3055
3143
3131
3191
3106
3179
3199
3243
3211
3199
3199
3238
3283
3291
3263
3327
10000
3101
2847
2645
2437
2240
2083
1967
1803
1649
1585
1454
1346
1340
1157
1128
1020
962
944
853
840
720
776
688
618
604
532
576
520
448
425
353
352
397
346
356
336
272
288
264
272
232
228
168
130
192
192
160
186
112
168
10000
88
272
496
659
912
1069
1197
1454
1560
1617
1776
1895
1917
2121
2192
2367
2311
2414
2455
2535
2651
2627
2635
2679
2775
2791
2833
2993
2959
2875
2949
3007
3025
3133
3051
3035
3143
3135
3223
3163
3243
3163
3267
3237
3231
3299
3283
3235
3303
3383
10000
3167
2858
2611
2399
2242
2103
1941
1856
1660
1535
1459
1395
1287
1184
1113
1044
976
881
852
781
746
760
656
628
620
618
538
460
499
540
456
416
372
385
301
276
368
289
240
240
274
288
208
138
224
172
138
164
169
128
10000
150
384
508
720
960
1106
1177
1392
1458
1649
1771
1856
1954
2095
2227
2256
2351
2416
2514
2507
2559
2647
2723
2739
2802
2787
2879
2955
2947
2931
3053
2979
3013
2999
3055
3151
3155
3127
3173
3219
3191
3199
3187
3235
3299
3259
3327
3295
3215
3283
10000
3095
2887
2626
2379
2219
2129
2011
1808
1724
1556
1456
1402
1332
1233
1112
1046
953
992
849
827
818
737
716
666
593
576
564
472
432
451
470
376
364
360
265
288
304
288
304
312
208
224
194
208
192
163
192
114
192
156
10000
144
300
530
720
860
1050
1217
1396
1535
1643
1740
1872
1958
2119
2211
2241
2349
2398
2498
2547
2591
2627
2672
2751
2723
2845
2831
2903
2971
2939
2994
2994
3023
3045
3103
3134
3163
3071
3127
3205
3251
3197
3205
3199
3271
3251
3313
3263
3231
3313
10000
3211
2961
2603
2450
2223
2145
1914
1806
1713
1591
1458
1405
1337
1240
1117
1011
969
953
905
790
724
704
704
656
676
568
528
448
500
472
442
384
368
372
400
320
304
237
256
244
208
228
176
192
230
192
137
172
176
136
10000
72
336
480
645
842
1023
1180
1364
1535
1613
1728
1868
1973
2071
2203
2247
2319
2401
2438
2499
2611
2625
2661
2673
2769
2831
2798
2877
2862
2987
2903
2991
2983
3038
2962
3124
3138
3103
3187
3139
3142
3115
3205
3214
3270
3215
3271
3231
3199
3263
10000
3139
2859
2635
2443
2239
2099
2019
1822
1658
1554
1512
1419
1310
1202
1072
1069
1008
944
896
928
809
696
668
741
601
592
560
481
436
432
448
398
388
400
338
284
290
216
220
256
160
200
164
233
150
160
138
160
192
160
10000
64
332
466
704
848
990
1172
1313
1468
1617
1755
1760
1949
2005
2192
2249
2377
2351
2477
2469
2559
2608
2647
2743
2727
2774
2831
2846
2897
2931
3024
3007
2992
3103
3051
3111
3131
3107
3099
3063
3247
3213
3167
3275
3249
3247
3257
3303
3327
3363
10000
3155
2855
2649
2511
2274
2159
1951
1802
1798
1584
1473
1346
1298
1158
1141
1056
937
936
820
790
802
712
692
676
614
640
526
596
498
448
488
386
416
406
308
374
334
324
276
180
256
240
200
269
225
176
164
136
172
160
10000
144
370
558
724
864
1050
1242
1300
1478
1572
1744
1895
1999
2021
2175
2236
2320
2401
2495
2539
2559
2603
2699
2699
2759
2834
2815
2896
2941
2911
2993
3024
2975
3058
3015
3057
3131
3119
3159
3091
3131
3119
3211
3247
3231
3267
3281
3307
3367
31
3255
3351
3275
10000
3165
2901
2671
2429
2315
2179
2019
1862
1712
1631
1473
1453
1290
1214
1162
1021
992
910
857
834
744
808
720
691
644
576
552
496
496
468
448
416
389
412
336
352
273
314
304
268
208
256
204
202
128
240
224
176
130
161
10000
72
368
553
726
848
934
1168
1330
1420
1582
1718
1883
1971
2069
2134
2262
2303
2371
2470
2495
2559
2608
2679
2747
2727
2823
2903
2993
2871
2999
2992
2911
3015
2942
3099
3167
3101
3143
3153
3238
3246
3205
3262
3247
3263
3187
3287
3313
3279
3295
10000
3123
2919
2659
2503
2334
2160
1963
1931
1750
1572
1463
1424
1337
1212
1136
1066
992
941
941
808
806
777
676
684
598
660
560
500
492
505
428
436
408
390
308
368
272
272
200
256
209
256
212
320
208
204
120
172
224
105
10000
102
320
500
681
833
1029
1233
1387
1508
1636
1770
1886
1979
2165
2141
2240
2291
2383
2511
2551
2591
2640
2709
2749
2835
2815
2822
2955
2999
2909
3019
2983
3015
3063
3043
3107
3067
3150
3031
3189
3199
3207
3175
3263
3219
3289
3237
3345
3313
3291
10000
3159
2865
2674
2495
2281
2147
1951
1849
1745
1616
1518
1430
1320
1236
1114
1094
1002
928
798
874
793
768
704
656
592
570
517
552
476
507
396
453
400
394
404
288
304
320
304
308
229
160
208
136
144
208
130
168
128
164
10000
128
312
522
706
836
1040
1168
1406
1507
1633
1783
1937
1919
2071
2160
2219
2356
2389
2481
2559
2533
2659
2727
2704
2738
2859
2847
2799
2982
2931
2903
3023
3039
3015
3071
3135
3163
3119
3159
3183
3198
3243
3206
3251
3299
3279
3263
3303
3279
3311
10000
3159
2975
2657
2511
2305
2159
1953
1845
1811
1628
1535
1370
1306
1205
1159
1072
973
946
922
833
741
757
692
652
653
554
554
536
464
496
432
368
421
308
328
314
284
304
272
232
192
229
212
206
228
210
160
204
192
209
10000
112
328
528
672
912
1052
1244
1386
1500
1623
1751
1914
2019
2111
2204
2219
2391
2365
2446
2559
2559
2639
2646
2705
2813
2862
2869
2919
2891
2951
3023
2999
3063
3039
3091
3151
3067
3189
3095
3174
3199
3207
3231
3278
3303
3255
3255
3311
3305
3281
10000
3133
2975
2621
2439
2286
2163
1959
1856
1691
1618
1488
1460
1292
1204
1129
1047
976
880
852
916
816
734
714
685
661
560
560
496
464
467
384
412
388
421
365
304
256
265
276
238
256
192
192
192
208
192
176
144
163
168
10000
160
322
510
708
862
1010
1169
1373
1510
1639
1755
1843
1989
2064
2175
2323
2335
2450
2511
2519
2559
2655
2663
2739
2807
2783
2815
2895
2889
2955
2919
3011
3023
3063
3044
3182
3057
3117
3191
3155
3223
3199
3215
3271
3249
3311
3313
3311
3263
3325
10000
3141
2919
2626
2495
2277
2147
1971
1825
1712
1663
1472
1433
1356
1328
1211
1080
1008
942
930
876
784
756
734
641
584
576
560
528
468
464
470
426
370
384
416
336
306
306
272
256
192
257
256
192
168
132
208
160
132
192
10000
128
384
528
730
832
1008
1160
1280
1489
1598
1769
1886
1998
2095
2165
2235
2320
2421
2512
2494
2609
2625
2715
2715
2751
2813
2887
2918
2919
2975
2983
3151
3055
3069
3117
3151
3110
3130
3155
3207
3255
3152
3230
3239
3247
3238
3303
3338
3295
3301
10000
3155
2861
2687
2493
2335
2123
1959
1840
1758
1638
1473
1444
1328
1280
1179
1052
1036
928
852
745
791
848
704
618
672
602
554
496
518
481
448
412
388
336
369
304
324
346
312
288
256
182
196
200
192
161
160
88
160
192
10000
112
304
520
658
836
1030
1200
1376
1519
1669
1742
1839
1957
2134
2199
2255
2319
2367
2479
2512
2559
2623
2672
2704
2814
2763
2843
2839
2895
2983
2935
2992
3007
2975
3071
3107
3167
3119
3143
3199
3235
3263
3199
3267
3267
3231
3295
3270
3247
3327
10000
3089
2881
2651
2453
2286
2171
2014
1872
1744
1616
1520
1400
1241
1229
1141
1032
1012
913
804
865
760
748
678
640
640
568
501
480
480
456
345
368
416
352
432
244
260
330
298
256
224
210
208
224
304
256
148
176
208
164
10000
112
290
548
713
864
1030
1196
1345
1504
1632
1657
1795
1968
2046
2271
2338
2295
2371
2425
2543
2515
2691
2717
2743
2778
2815
2867
2875
2898
2995
2991
3071
3027
3056
3095
3121
3147
3125
3153
3175
3216
3259
3199
3167
3271
3287
3219
3343
3295
3327
10000
3147
2887
2707
2471
2306
2190
1946
1869
1723
1610
1472
1427
1312
1250
1198
1116
1058
956
896
808
730
803
704
640
646
593
560
517
560
480
421
400
400
364
368
298
325
297
304
208
212
173
240
224
176
176
170
173
146
152
10000
144
312
484
678
852
1064
1252
1355
1535
1648
1771
1872
1991
2092
2247
2148
2390
2415
2438
2611
2529
2687
2699
2675
2797
2800
2811
2903
2907
2951
2960
3046
3063
3107
3163
3087
3131
3143
3147
3163
3222
3239
3205
3205
3235
3295
3255
3313
3311
3239
10000
3133
2835
2514
2463
2363
2134
1918
1809
1753
1647
1481
1417
1391
1216
1126
1072
976
912
884
803
780
736
753
736
629
640
584
530
508
464
448
448
384
384
372
348
316
330
300
256
256
154
214
240
177
128
216
386
160
150
10000
152
352
528
714
896
1034
1196
1280
1519
1569
1754
1867
1947
2060
2178
2273
2352
2395
2481
2511
2583
2621
2672
2711
2771
2895
2864
2887
2947
2943
2971
3007
3051
3037
3103
3123
3121
3154
3135
3219
3142
3219
3309
3347
3249
3255
3299
3281
3327
3311
10000
3119
2799
2645
2465
2324
2102
2017
1835
1751
1644
1495
1389
1290
1284
1118
1088
992
886
936
832
848
745
732
688
632
562
548
496
480
481
468
386
420
385
275
368
297
281
330
240
228
192
212
192
168
182
177
184
130
152
10000
84
302
554
720
845
999
1120
1296
1457
1591
1741
1769
1949
2114
2141
2239
2310
2403
2407
2544
2559
2613
2667
2730
2725
2814
2879
2901
2931
2943
3007
3031
2997
3071
3071
3057
3197
3103
3143
3187
3199
3191
3207
3187
3211
3323
3323
3339
3295
3357
10000
3123
2911
2675
2455
2319
2173
1978
1856
1758
1636
1535
1386
1317
1202
1120
1034
992
945
837
848
802
752
658
650
627
617
568
496
501
491
440
434
480
360
384
368
288
284
288
296
272
226
224
212
176
196
176
32
148
164
10000
160
452
570
664
846
986
1245
1358
1452
1643
1674
1859
1993
2000
2165
2233
2342
2406
2447
2531
2605
2619
2663
2737
2831
2833
2863
2917
2917
2963
2983
3007
3031
3103
3101
3107
3107
3175
3207
3187
3251
3209
3229
3183
3199
3319
3339
3303
3409
3267
10000
3109
2919
2704
2455
2287
2135
1969
1869
1781
1614
1497
1424
1298
1264
1105
1086
1008
922
868
821
784
704
750
669
596
528
544
528
488
432
440
388
314
321
337
372
308
256
256
232
208
202
192
188
224
164
129
150
192
196
10000
128
400
545
720
896
1094
1195
1386
1499
1616
1723
1877
1991
2106
2153
2235
2315
2387
2446
2503
2603
2635
2667
2743
2735
2861
2882
2931
2877
2965
3007
3053
3024
3039
3055
3071
3167
3150
3181
3191
3199
3231
3206
3275
3211
3275
3287
3295
3239
3283
10000
3143
2925
2702
2510
2303
2151
1991
1891
1725
1604
1493
1459
1280
1226
1154
1033
961
980
866
875
844
748
668
712
640
628
566
518
496
496
416
429
433
368
384
364
336
256
301
272
292
262
192
185
170
176
177
149
138
168
10000
169
384
544
716
902
1072
1175
1341
1494
1647
1709
1903
1921
2063
2129
2241
2301
2405
2495
2527
2626
2705
2655
2711
2787
2805
2870
2975
2965
2967
3047
3043
3111
3127
3069
3099
3103
3183
3247
3173
3179
3187
3263
3291
3275
3216
3347
3299
3279
3237
10000
3175
2863
2659
2473
2279
2100
1979
1879
1738
1607
1503
1414
1309
1257
1152
1090
946
944
916
816
792
778
737
709
656
562
562
560
550
517
496
480
376
376
352
340
288
268
296
272
274
156
394
240
160
168
212
185
176
160
10000
105
340
541
688
880
976
1179
1333
1472
1627
1691
1845
1911
2069
2131
2267
2335
2327
2471
2583
2591
2663
2687
2747
2719
2821
2787
2911
2914
2955
2959
3025
2991
3063
3067
3097
3125
3089
3135
3155
3216
3191
3327
3218
3255
3219
3211
3327
3359
3279
10000
3127
2947
2727
2479
2319
2133
2005
1827
1736
1616
1450
1488
1325
1136
1168
1108
990
890
873
784
716
715
698
662
652
656
525
580
546
480
416
476
434
356
356
336
321
256
301
309
304
217
272
208
204
208
152
136
130
106
10000
80
290
486
642
795
944
1099
1312
1396
1535
1725
1853
1927
2033
2108
2153
2295
2383
2459
2479
2551
2639
2683
2699
2767
2847
2859
2847
2883
2991
2957
2991
3031
3055
3121
3115
3131
3157
3127
3227
3231
3206
3291
3271
3222
3271
3327
3327
3311
3283
10000
3123
2897
2673
2463
2289
2195
2047
1855
1757
1622
1505
1449
1341
1213
1130
1152
1000
884
882
768
816
717
722
632
640
629
544
553
480
464
465
401
408
384
360
336
338
288
272
276
220
203
228
194
193
138
136
172
164
80
10000
130
332
615
726
899
1012
1177
1302
1493
1659
1707
1882
1927
2102
2107
2287
2317
2335
2463
2510
2640
2608
2711
2710
2815
2839
2846
2859
2911
2911
2983
3023
3027
3059
3067
3119
3111
3191
3214
3263
3247
3183
3245
3263
3315
3359
3231
3327
3378
3183
10000
3163
2869
2693
2431
2323
2143
2021
1872
1743
1577
1489
1400
1344
1156
1159
1102
1008
949
860
792
816
760
694
660
664
538
604
578
496
456
448
416
400
400
368
400
300
320
274
260
216
284
240
208
192
202
152
162
146
140
10000
146
330
528
654
868
1014
1201
1367
1520
1585
1743
1886
1948
2111
2211
2221
2351
2365
2460
2483
2607
2587
2699
2687
2779
2835
2875
2839
2910
3005
2991
3063
3043
3067
3123
3039
3149
3123
3255
3247
3275
3211
3271
3238
3327
3249
3319
3315
3259
3399
10000
3211
2835
2667
2523
2297
2154
2014
1862
1744
1610
1436
1431
1360
1219
1180
1104
1003
931
930
880
688
748
690
656
608
592
585
544
456
416
496
412
420
384
336
342
336
320
241
244
220
212
192
210
176
197
144
208
168
128
10000
112
336
611
708
912
1040
1233
1315
1501
1657
1826
1859
2014
2095
2139
2333
2351
2398
2479
2529
2559
2646
2687
2749
2822
2847
2819
2925
2919
2955
2967
3095
3007
3110
3151
3171
3147
3039
3183
3235
3207
3171
3199
3271
3247
3219
3263
3339
3277
3323
10000
3133
2831
2719
2405
2279
2115
1995
1868
1781
1593
1486
1412
1361
1220
1128
1056
1040
986
833
864
794
746
704
652
563
633
555
524
482
411
464
457
384
354
296
298
333
314
256
264
322
240
226
210
171
176
176
140
136
144
10000
92
346
436
725
850
1008
1213
1312
1472
1616
1772
1861
1975
1983
2181
2227
2295
2367
2459
2542
2498
2627
2763
2751
2767
2807
2771
2895
2927
2927
2975
3003
3089
3093
3088
3103
3147
3125
3179
3119
3183
3199
3249
3247
3319
3299
3279
3231
3323
3275
10000
3143
2943
2641
2401
2283
2189
2038
1867
1739
1584
1557
1400
1321
1312
1152
1072
1159
930
880
878
785
729
658
680
644
608
584
536
483
464
418
424
336
324
336
368
288
228
273
256
304
208
240
208
192
144
145
184
176
132
10000
164
328
544
643
882
1042
1202
1408
1519
1642
1759
1846
1987
2126
2215
2243
2307
2435
2559
2559
2611
2659
2695
2727
2783
2871
2823
2897
2927
2994
2943
3111
3025
3155
3015
3110
3119
3135
3143
3197
3165
3199
3207
3223
3239
3207
3271
3355
3327
3343
10000
3151
2911
2704
2487
2327
2128
1962
1861
1683
1616
1508
1428
1346
1221
1136
1104
1048
944
874
877
724
720
656
722
608
566
592
528
497
466
434
394
368
378
348
368
336
332
324
224
208
240
192
208
140
184
196
168
152
132
10000
128
336
549
682
898
1044
1182
1394
1513
1621
1752
1894
1984
2074
2211
2261
2367
2407
2445
2559
2559
2615
2667
2701
2807
2835
2813
2943
2903
2939
2963
3131
3058
3071
3099
3151
3185
3139
3187
3189
3231
3259
3238
3251
3283
3355
3247
3275
3319
3219
10000
3071
2845
2679
2559
2258
2119
1993
1831
1774
1652
1513
1408
1424
1249
1144
1063
1010
1012
892
803
816
644
692
688
658
614
560
534
504
480
428
432
403
344
306
304
320
288
224
332
227
178
196
176
148
164
200
144
120
144
10000
100
328
496
693
898
998
1181
1310
1440
1602
1733
1712
1953
2059
2161
2243
2275
2407
2491
2559
2559
2627
2639
2723
2750
2833
2883
2854
2907
2987
2990
3023
3027
3099
3071
3121
3094
3109
3183
3151
3187
3219
3198
3223
3247
3291
3301
3303
3307
3327
10000
3127
2883
2678
2467
2271
2121
2023
1879
1713
1614
1494
1424
1273
1200
1141
1056
1018
854
880
768
804
736
600
650
601
598
592
474
426
472
377
388
410
326
390
322
325
304
281
240
237
186
256
186
188
226
192
192
152
148
10000
106
308
538
704
880
1018
1161
1329
1554
1668
1777
1899
2007
2087
2143
2219
2316
2383
2461
2483
2559
2663
2699
2775
2801
2777
2811
2879
2950
3031
2975
2987
3103
3022
3051
3057
3071
3166
3187
3175
3163
3131
3199
3187
3183
3275
3247
3255
3249
3267
10000
3151
2859
2637
2475
2331
2174
2041
1847
1797
1673
1516
1360
1360
1232
1131
1066
988
939
896
840
791
737
720
664
656
644
558
560
480
453
468
392
336
368
396
368
342
304
330
264
218
229
216
217
224
164
168
224
160
128
10000
104
353
545
681
882
1049
1232
1363
1530
1658
1745
1914
1963
2127
2177
2237
2335
2398
2466
2531
2542
2643
2735
2759
2847
2839
2831
2941
2891
2947
2975
3011
2999
3099
3007
3138
3127
3173
3151
3191
3211
3215
3243
3287
3315
3219
3263
3247
3243
3281
10000
3191
2895
2683
2515
2276
2129
1967
1901
1735
1613
1485
1456
1340
1216
1088
1056
955
949
912
820
784
704
672
691
603
624
568
528
504
476
568
432
384
368
384
336
336
336
276
272
272
224
224
224
216
192
152
170
148
144
10000
120
304
524
650
837
1029
1130
1378
1456
1614
1810
1846
1970
2064
2172
2259
2318
2401
2471
2550
2603
2638
2690
2727
2747
2833
2847
2960
2973
2997
3023
3039
3071
3051
3103
3123
3087
3185
3135
3191
3187
3211
3158
3115
3277
3313
3309
3341
3315
3339
10000
3141
2943
2687
2489
2247
2133
1987
1904
1748
1667
1505
1392
1360
1264
1219
1072
1008
933
926
860
781
750
705
619
640
585
528
544
491
482
480
408
400
440
312
320
346
272
304
292
260
208
186
225
100
144
192
154
192
165
10000
102
332
564
720
857
1056
1187
1382
1516
1648
1708
1834
1961
2128
2195
2226
2323
2383
2494
2544
2559
2659
2663
2763
2803
2939
2851
2911
2875
2955
2995
2975
3003
3071
3103
3125
3103
3111
3185
3189
3216
3184
3239
3287
3271
3283
3249
3306
3311
3287
10000
3121
2895
2669
2463
2283
2158
1949
1890
1730
1579
1526
1435
1301
1249
1130
1076
968
973
862
796
806
770
716
608
624
580
576
502
545
476
448
450
386
384
416
320
336
278
256
256
192
256
232
185
196
202
178
128
193
160
10000
192
336
565
704
864
1056
1174
1446
1472
1621
1779
1878
1954
2111
2255
2233
2297
2399
2449
2511
2559
2622
2757
2759
2831
2827
2847
2879
2947
2979
3025
3023
3063
3071
3103
3135
3115
3115
3207
3179
3249
3239
3197
3191
3299
3249
3249
3277
3231
3375
10000
3091
2883
2610
2535
2335
2140
1991
1895
1733
1606
1535
1346
1312
1224
1118
1136
1040
896
936
820
805
713
696
658
596
604
548
560
534
472
410
374
397
352
306
342
384
305
304
256
280
268
224
200
208
186
192
218
128
176
10000
144
354
564
732
854
1006
1196
1402
1523
1680
1763
1810
2017
2071
2162
2250
2330
2353
2454
2531
2619
2619
2711
2719
2759
2853
2871
2854
2902
2987
2991
2911
3029
3071
3071
3117
3127
3133
3143
3126
3217
3223
3199
3223
3295
3355
3325
3327
3325
3327
10000
3179
2909
2711
2447
2323
2139
2001
1790
1740
1623
1515
1438
1312
1229
1152
1035
1010
875
848
832
736
720
716
594
650
549
564
505
488
520
432
426
400
368
354
336
352
288
260
228
241
240
184
216
178
201
128
149
160
144
10000
112
360
538
761
905
1085
1172
1327
1529
1629
1783
1877
2010
2086
2125
2247
2319
2396
2446
2559
2625
2669
2723
2767
2790
2830
2847
2935
2935
2954
2971
2927
3063
3099
3067
3062
3211
3195
3119
3211
3231
3215
3291
3238
3263
3279
3287
3326
3345
3295
10000
3103
2879
2691
2483
2285
2178
1968
1893
1765
1598
1579
1360
1298
1198
1196
1116
1013
930
902
851
786
768
752
608
632
610
578
522
502
429
457
416
501
384
368
336
280
353
268
213
284
195
196
193
180
176
196
205
128
192
10000
92
296
566
704
866
972
1121
1345
1415
1666
1691
1855
1968
2062
2160
2246
2237
2443
2422
2543
2597
2639
2686
2661
2743
2815
2847
2893
2961
2971
2991
3047
3107
3063
3039
3127
3087
3191
3142
3227
3142
3299
3183
3251
3271
3226
3303
3313
3327
3371
10000
3071
2919
2659
2485
2311
2173
2000
1881
1710
1618
1453
1357
1301
1266
1102
1072
942
953
880
784
832
752
708
656
628
544
570
564
488
496
475
398
426
394
348
304
272
260
312
274
224
240
210
176
164
184
185
176
180
176
10000
132
328
521
704
882
1009
1218
1406
1424
1680
1751
1851
1893
2099
2141
2262
2318
2333
2455
2483
2551
2646
2675
2783
2775
2853
2913
2939
2971
2961
3024
3014
2975
3118
3071
3115
3163
3159
3167
3195
3223
3184
3247
3279
3255
3275
3215
3263
3351
3495
10000
3163
2887
2679
2509
2285
2175
1994
1862
1755
1639
1489
1425
1300
1175
1136
1121
1032
899
898
877
762
752
693
616
617
582
563
522
488
458
488
376
356
336
338
316
314
256
256
244
256
256
272
192
176
192
194
185
144
130
10000
114
356
528
691
880
1048
1221
1360
1532
1618
1796
1842
1966
2096
2129
2262
2325
2352
2511
2506
2599
2635
2723
2715
2771
2837
2879
2941
2959
2879
3017
3023
3011
3043
3071
3127
3159
3183
3103
3261
3199
3199
3249
3309
3247
3311
3327
3287
3283
3295
10000
3177
2899
2645
2485
2285
2090
2013
1840
1721
1632
1482
1442
1325
1252
1106
1034
1049
944
901
896
814
752
736
661
644
592
528
532
490
486
505
450
400
362
336
304
337
269
256
282
256
234
200
234
173
176
208
224
184
162
10000
140
320
544
714
854
967
1202
1323
1437
1648
1701
1825
1943
2106
2207
2271
2311
2355
2512
2515
2559
2631
2707
2731
2773
2763
2795
2891
2897
2935
2911
3023
3111
3089
3135
3091
3121
3055
3199
3199
3153
3239
3147
3275
3299
3239
3307
3299
3237
3259
10000
3191
2898
2640
2483
2257
2119
1936
1850
1746
1616
1502
1418
1259
1123
1142
1110
1037
944
896
865
734
752
690
690
597
627
589
480
526
464
460
418
396
368
360
354
321
244
208
293
210
240
169
240
212
144
169
154
112
160
10000
144
346
524
754
906
1169
1217
1397
1492
1600
1763
1889
1983
2077
2203
2175
2307
2403
2477
2467
2591
2611
2721
2719
2779
2762
2799
2870
2939
2883
3007
3035
3051
3071
3135
3199
3167
3167
3151
3189
3139
3259
3195
3249
3215
3263
3351
3335
3347
3376
10000
3133
2882
2741
2480
2327
2139
1968
1881
1728
1587
1493
1383
1313
1221
1142
1076
974
930
880
824
852
732
747
704
576
556
464
540
501
384
476
409
304
346
393
370
348
346
304
288
184
214
212
225
193
185
161
208
92
176
10000
144
336
456
723
816
998
1099
1329
1438
1607
1701
1872
1936
2135
2167
2269
2299
2411
2483
2487
2559
2639
2718
2707
2739
2801
2895
2855
2943
2911
2967
2999
3047
3111
3143
3071
3173
3167
3119
3195
3239
3183
3243
3239
3239
3215
3283
3184
3287
3349
10000
3135
2961
2701
2463
2315
2207
2011
1863
1745
1593
1505
1449
1325
1232
1232
1083
953
976
868
848
860
800
720
696
624
576
612
544
496
496
480
384
384
368
336
354
304
280
258
268
280
245
233
177
170
208
182
192
192
144
10000
176
354
536
660
870
1034
1168
1378
1486
1621
1782
1911
1975
2075
2183
2261
2285
2352
2512
2559
2599
2687
2695
2673
2801
2831
2875
2896
2911
2929
2931
3019
3019
3019
3071
3119
3071
3127
3126
3183
3197
3191
3263
3263
3211
3263
3367
3303
3351
3255
10000
3143
2871
2678
2451
2323
2189
2012
1935
1722
1605
1493
1414
1337
1168
1140
1061
1046
876
872
854
742
726
658
695
614
618
582
510
465
480
488
412
369
352
362
336
320
329
242
240
273
228
237
194
156
185
112
138
236
196
10000
97
256
560
716
880
1002
1154
1317
1456
1534
1751
1843
1925
2047
2175
2192
2311
2398
2451
2519
2631
2609
2701
2763
2811
2832
2795
2929
2931
2961
2951
3051
3071
3089
3089
3107
3123
3159
3167
3123
3191
3207
3157
3237
3263
3327
3253
3303
3287
3279
10000
3141
2923
2647
2513
2332
2209
2046
1861
1725
1625
1516
1311
1296
1243
1186
1052
994
1002
870
836
824
784
712
648
618
622
499
576
434
460
442
396
416
352
320
360
304
274
297
256
226
234
170
200
200
176
176
184
196
139
10000
100
302
570
696
833
1045
1205
1376
1506
1622
1751
1869
2000
2037
2142
2241
2345
2384
2509
2495
2594
2683
2717
2723
2736
2847
2911
2939
2951
2965
3003
2987
3061
3063
3047
3199
3125
3151
3152
3247
3179
3199
3243
3247
3227
3231
3230
3325
3383
3309
10000
3190
2941
2716
2479
2301
2107
2013
1891
1750
1579
1488
1360
1335
1166
1158
1060
986
880
896
845
752
706
688
660
645
608
517
560
481
460
472
409
396
371
344
404
316
322
284
272
256
232
192
144
161
224
220
136
144
148
10000
112
362
538
698
832
1005
1216
1328
1502
1712
1744
1898
1968
2073
2134
2209
2410
2421
2467
2471
2615
2639
2695
2711
2783
2831
2833
2903
2903
3023
3057
3071
3071
3095
3027
3117
3111
3131
3131
3139
3199
3235
3184
3229
3222
3251
3343
3251
3319
3345
10000
3117
2883
2643
2462
2315
2137
1955
1830
1818
1600
1530
1402
1334
1233
1150
1092
1008
864
901
844
790
796
728
656
633
600
563
530
486
472
448
440
393
392
361
372
336
320
276
208
272
260
236
210
188
144
172
144
162
144
10000
112
416
538
729
848
1051
1264
1328
1514
1681
1744
1941
2003
2071
2160
2231
2347
2403
2449
2435
2630
2623
2683
2799
2797
2815
2842
2911
3007
2942
2995
3035
3071
3031
3127
3101
3167
3211
3127
3195
3246
3243
3195
3235
3255
3248
3359
3259
3283
3281
10000
3167
2947
2679
2495
2303
2115
2006
1876
1801
1646
1486
1445
1305
1221
1105
1066
944
903
827
800
746
784
747
640
642
569
605
528
482
490
428
442
409
384
322
305
304
326
304
300
262
256
256
240
162
182
198
132
196
155
10000
112
320
480
739
821
980
1152
1357
1534
1595
1695
1857
1979
2039
2189
2256
2329
2387
2448
2539
2559
2635
2674
2755
2768
2878
2897
2907
2877
3002
3021
2991
3071
3011
3039
3039
3127
3215
3135
3155
3149
3173
3269
3247
3303
3271
3239
3243
3281
3351
10000
3119
2909
2651
2505
2314
2099
2002
1864
1761
1683
1571
1456
1334
1216
1178
1072
1010
962
880
868
752
691
725
672
680
596
569
533
508
464
472
400
400
384
400
323
268
306
272
240
235
218
176
192
280
196
144
144
176
180
10000
114
352
553
747
844
976
1188
1309
1472
1629
1719
1856
1991
2080
2191
2246
2319
2398
2490
2527
2605
2610
2651
2739
2771
2790
2815
2843
2928
2991
2928
3037
3043
3056
3071
3183
3159
3149
3153
3215
3205
3217
3195
3269
3338
3267
3255
3287
3390
3345
10000
3247
2903
2651
2495
2315
2223
1986
1903
1776
1603
1493
1322
1310
1234
1142
1081
1008
933
912
818
761
724
688
640
664
641
578
553
496
472
442
397
362
392
297
305
260
328
289
272
225
244
232
212
224
240
156
192
244
212
10000
128
400
549
669
893
1030
1188
1424
1535
1648
1745
1872
2011
2062
2135
2249
2275
2337
2475
2498
2559
2559
2719
2703
2845
2807
2847
2871
2927
2959
2983
3037
3047
3039
3091
3109
3103
3099
3071
3135
3071
3248
3251
3173
3227
3299
3295
3271
3347
3344
10000
3175
2883
2643
2466
2347
2128
1968
1834
1746
1623
1555
1440
1312
1263
1204
1089
960
924
884
824
857
730
736
688
588
604
608
538
483
480
450
406
416
352
416
313
273
296
218
240
180
256
245
170
176
128
160
192
160
172
10000
128
272
544
706
836
1014
1136
1295
1535
1630
1738
1846
1947
2017
2167
2256
2314
2370
2471
2495
2640
2623
2657
2671
2847
2815
2859
2886
2895
2947
3023
3027
3023
3102
3027
3207
3134
3135
3187
3175
3219
3255
3315
3205
3207
3335
3279
3285
3267
3239
10000
3171
2899
2701
2499
2276
2128
2029
1850
1746
1604
1535
1401
1337
1267
1136
1038
1008
924
905
784
747
747
652
664
604
608
504
464
452
528
474
456
402
400
346
320
268
322
304
248
232
242
256
224
178
192
224
129
117
138
10000
110
352
528
728
892
1030
1174
1241
1506
1639
1737
1914
1935
2043
2178
2203
2303
2418
2451
2526
2605
2611
2711
2749
2763
2833
2870
2899
2927
2974
3007
3031
3007
3099
3047
3143
3102
3199
3205
3229
3215
3223
3271
3263
3229
3251
3231
3351
3245
3343
10000
3115
2879
2683
2449
2343
2177
2023
1851
1742
1648
1568
1424
1340
1198
1173
1090
976
969
873
846
797
733
644
661
706
600
544
540
528
496
416
410
384
322
329
321
290
291
288
264
208
240
202
178
232
144
208
116
150
160
10000
116
300
496
747
870
1058
1200
1344
1488
1587
1759
1849
1933
2062
2205
2253
2379
2384
2493
2531
2608
2609
2638
2695
2779
2779
2883
2878
2891
2931
2975
3027
2987
2959
3114
3095
3157
3219
3199
3187
3159
3190
3247
3185
3267
3283
3295
3313
3315
3279
10000
3089
2942
2672
2501
2291
2117
2047
1911
1759
1650
1489
1412
1438
1216
1152
1029
1008
970
884
790
779
774
720
688
624
592
516
507
536
508
410
425
410
352
385
324
322
308
260
218
245
218
192
218
152
192
177
148
160
200
10000
120
332
595
681
848
1040
1211
1360
1504
1625
1767
1847
2026
2034
2160
2256
2349
2421
2473
2549
2530
2640
2704
2871
2802
2839
2915
2909
2919
2943
2999
3046
3059
3071
3058
3124
3155
3167
3249
3119
3207
3239
3205
3235
3254
3367
3279
3227
3251
3283
10000
3127
2879
2701
2512
2318
2155
1985
1903
1727
1647
1491
1418
1289
1209
1133
1059
1020
909
896
864
784
782
668
664
664
602
556
508
496
496
448
384
388
400
352
320
269
256
240
272
216
213
180
212
178
168
192
284
129
176
10000
134
294
570
704
832
977
1168
1325
1472
1584
1758
1775
1967
2039
2137
2290
2279
2363
2448
2559
2559
2629
2647
2679
2787
2795
2834
2877
2923
2957
2943
2999
3023
3043
3147
3119
3143
3167
3159
3183
3151
3219
3279
3247
3311
3287
3263
3215
3387
3275
10000
3153
2843
2671
2532
2326
2133
2001
1887
1750
1650
1568
1424
1264
1264
1100
1048
1034
976
890
817
784
710
749
624
640
547
560
548
560
528
416
401
394
339
329
312
212
264
313
290
264
208
144
192
192
144
208
162
176
184
10000
154
336
496
681
889
973
1149
1326
1521
1558
1771
1857
1995
2133
2182
2256
2319
2359
2463
2559
2651
2675
2678
2736
2767
2823
2883
2885
2907
2981
2915
3003
2989
2925
3025
3139
3142
3127
3155
3242
3223
3199
3271
3207
3231
3261
3259
3248
3295
3295
10000
3059
2867
2675
2451
2301
2090
1975
1927
1724
1643
1552
1382
1312
1259
1161
1086
969
964
861
776
816
758
712
692
626
562
538
499
576
432
472
372
396
402
296
321
256
256
248
272
226
208
272
208
240
164
176
176
186
113
10000
96
280
464
704
924
1032
1277
1318
1426
1680
1655
1847
1951
2122
2122
2257
2294
2363
2492
2527
2559
2597
2639
2702
2759
2823
2831
2907
2963
2934
2978
2991
2987
3071
3059
3089
3055
3167
3131
3167
3185
3223
3217
3223
3231
3217
3227
3275
3247
3311
10000
3155
2925
2650
2510
2315
2125
1981
1829
1686
1636
1506
1434
1308
1249
1072
1118
960
912
886
877
800
816
696
692
622
626
488
502
432
448
424
410
400
395
368
308
392
288
296
240
290
228
225
330
176
188
144
152
136
100
10000
98
266
492
674
877
996
1138
1274
1457
1584
1667
1847
1919
2119
2173
2227
2320
2384
2415
2500
2607
2599
2683
2735
2783
2859
2879
2859
2975
2959
2983
2989
2975
3099
3103
3043
3119
3055
3125
3183
3191
3235
3223
3335
3279
3271
3247
3325
3295
3277
10000
3155
2886
2641
2442
2270
2111
2047
1909
1733
1648
1535
1414
1328
1180
1152
993
969
950
897
848
768
704
704
691
664
632
528
566
533
496
448
492
416
353
396
377
324
352
280
290
272
209
202
220
176
208
224
152
128
146
10000
160
309
568
717
948
1002
1178
1348
1523
1644
1762
1877
2011
2068
2148
2229
2334
2397
2459
2524
2451
2635
2715
2731
2805
2766
2831
2933
2866
2923
3003
2974
3023
3101
3063
3095
3111
3187
3167
3199
3199
3259
3175
3231
3295
3263
3271
3299
3315
3327
10000
3093
2911
2672
2445
2303
2151
2017
1899
1761
1639
1509
1373
1292
1180
1136
1009
1040
933
852
833
808
768
688
656
640
641
578
480
483
424
472
400
412
368
336
352
368
336
288
256
290
244
192
196
170
150
184
186
144
112
10000
168
328
548
756
899
1046
1184
1379
1519
1617
1744
1923
2042
2085
2171
2192
2288
2379
2482
2499
2606
2672
2687
2755
2815
2877
2877
2933
2951
3039
3019
2987
3067
3103
3089
3063
3153
3125
3133
3191
3247
3197
3231
3191
3301
3315
3313
3287
3325
3346
10000
3127
2901
2543
2462
2314
2138
2047
1875
1703
1616
1535
1463
1300
1204
1160
1050
979
928
900
864
794
752
736
658
652
589
576
555
544
474
464
448
452
352
329
336
320
280
242
272
202
256
176
230
200
212
192
144
148
148
10000
192
338
538
746
866
1040
1210
1350
1509
1587
1712
1841
1894
2060
2097
2211
2298
2423
2546
2538
2597
2541
2759
2725
2767
2871
2871
2911
2907
2949
2943
2992
3019
3069
3071
3071
3111
3167
3175
3218
3197
3179
3223
3251
3227
3269
3295
3263
3391
3287
10000
3139
2951
2687
2479
2283
2158
1950
1926
1702
1574
1432
1438
1354
1216
1152
1106
998
917
875
857
806
768
706
656
628
576
562
540
516
460
450
408
384
332
368
292
314
274
299
256
320
232
272
228
170
184
180
152
224
138
10000
112
336
544
690
840
1041
1166
1344
1509
1680
1761
1825
1969
2071
2160
2287
2347
2401
2478
2507
2623
2640
2704
2787
2775
2803
2839
2959
3023
2982
2987
3019
3062
3091
3095
3181
3087
3163
3184
3215
3213
3215
3213
3227
3269
3275
3263
3279
3327
3229
10000
3134
2842
2666
2471
2249
2119
2011
1870
1749
1600
1566
1367
1254
1199
1198
1092
1051
912
898
828
784
730
688
675
612
598
624
560
448
458
482
363
448
376
300
322
266
320
288
267
240
224
186
212
197
172
76
208
176
144
10000
112
368
486
704
863
1106
1216
1281
1473
1683
1744
1901
1998
2128
2160
2225
2334
2389
2461
2507
2559
2626
2704
2747
2771
2833
2871
2865
2947
2957
3019
2967
3071
3063
3051
3143
3131
3142
3135
3183
3263
3249
3213
3279
3263
3251
3283
3282
3263
3277
10000
3183
2838
2667
2451
2334
2130
1951
1803
1742
1655
1500
1419
1321
1202
1141
1072
1088
937
851
802
772
768
736
672
644
568
548
525
456
453
448
412
376
400
368
290
321
320
245
227
272
224
224
232
192
192
156
140
160
133
10000
112
336
528
748
875
1003
1159
1338
1563
1686
1728
1904
2032
2113
2133
2261
2374
2459
2501
2531
2535
2683
2669
2803
2815
2799
2839
2947
3006
3023
3027
3035
3031
3115
3123
3109
3103
3139
3223
3167
3183
3213
3185
3199
3239
3275
3279
3319
3279
3351
10000
3134
2879
2704
2475
2291
2166
2011
1826
1744
1600
1519
1443
1280
1273
1152
1120
1032
958
865
850
804
720
747
650
632
592
497
564
484
493
476
384
452
401
320
356
240
300
297
244
289
208
192
224
162
160
144
144
80
176
10000
145
411
488
624
856
1067
1152
1355
1520
1594
1790
1867
1995
2111
2199
2225
2363
2427
2448
2463
2559
2646
2719
2736
2763
2847
2795
2875
2931
2919
3003
3019
3107
3011
3007
3127
3121
3151
3199
3185
3207
3191
3255
3217
3315
3247
3223
3248
3327
3339
10000
3119
2915
2672
2471
2338
2175
1979
1879
1728
1635
1520
1424
1362
1190
1106
1084
1008
944
906
825
884
806
689
624
604
592
608
576
437
482
452
400
400
384
368
352
272
272
260
284
208
228
180
256
224
176
136
130
168
148
10000
144
371
560
752
890
1056
1193
1327
1504
1649
1782
1874
1983
1993
2150
2205
2320
2448
2431
2483
2535
2671
2671
2719
2726
2839
2867
2866
2975
3031
2991
3063
3071
3088
3095
3141
3071
3163
3227
3191
3199
3175
3217
3237
3245
3247
3311
3159
3219
3277
10000
3120
2879
2651
2476
2303
2139
1988
1889
1706
1626
1510
1384
1320
1243
1162
1048
1008
940
932
835
827
725
722
660
611
623
568
516
448
533
432
404
372
336
384
360
336
274
244
240
228
216
226
193
170
169
180
180
192
146
10000
69
320
496
640
905
1014
1188
1323
1435
1682
1745
1796
1989
2086
2147
2222
2315
2371
2423
2481
2617
2623
2672
2751
2727
2815
2807
2843
2871
2917
2943
2979
2975
3167
3103
3117
3175
3087
3199
3191
3223
3175
3248
3159
3291
3323
3349
3266
3248
3327
10000
3111
2931
2655
2497
2299
2128
2014
1841
1714
1644
1513
1378
1257
1236
1168
1092
921
941
884
786
772
752
794
692
528
603
528
508
448
468
434
416
368
384
368
378
276
305
240
296
266
236
240
236
212
168
164
140
136
148
10000
168
336
670
709
840
1056
1216
1349
1472
1606
1737
1811
2000
2039
2119
2256
2383
2384
2449
2543
2555
2671
2695
2721
2755
2854
2851
2871
2925
2991
3035
3023
2964
3095
3063
3123
3089
3131
3155
3125
3199
3219
3255
3274
3207
3295
3247
3311
3271
3291
10000
3191
2863
2640
2444
2371
2123
2017
1837
1774
1635
1516
1419
1297
1248
1264
1028
1074
904
898
821
780
804
656
625
619
592
586
508
484
464
436
368
400
376
372
331
320
320
284
218
272
180
221
234
208
208
112
112
180
130
10000
118
360
538
704
893
1002
1178
1395
1491
1613
1765
1856
1991
2075
2183
2239
2351
2405
2385
2541
2605
2610
2671
2765
2783
2759
2813
2831
2943
2939
2967
2955
3031
3071
3071
3027
3191
3147
3147
3223
3175
3190
3237
3243
3245
3263
3283
3267
3375
3275
10000
3199
2867
2695
2511
2294
2177
1970
1875
1730
1571
1535
1402
1294
1233
1184
1088
1002
994
837
860
752
758
674
690
640
616
602
546
537
470
416
384
384
312
368
365
325
304
300
246
240
266
272
144
210
192
146
170
120
160
10000
166
352
602
676
910
1049
1174
1365
1509
1649
1761
1878
1941
2059
2171
2215
2327
2379
2475
2551
2559
2627
2711
2775
2635
2797
2911
2915
2897
2957
2975
3045
3043
3111
3089
3219
3157
3223
3199
3221
3183
3223
3279
3255
3255
3255
3303
3269
3359
3251
10000
3143
2863
2643
2499
2279
2129
1962
1865
1781
1598
1535
1381
1307
1185
1211
1130
973
960
898
825
758
756
757
654
625
626
556
588
552
458
464
416
432
347
328
306
288
280
298
240
267
194
160
192
208
155
236
144
161
105
10000
45
352
496
620
848
1008
1160
1330
1474
1648
1758
1914
1904
2086
2151
2217
2351
2427
2407
2519
2559
2683
2691
2736
2757
2767
2843
2879
2917
2943
3023
2999
3035
3091
3107
3135
3110
3151
3127
3125
3143
3179
3207
3239
3219
3230
3235
3327
3287
3302
10000
3126
2897
2655
2491
2271
2116
2007
1901
1725
1600
1515
1346
1335
1152
1098
1036
1016
960
822
809
768
736
756
673
592
640
549
534
516
432
428
432
388
388
341
338
329
292
320
272
272
224
149
192
216
128
202
176
192
160
10000
96
320
464
674
798
930
1152
1282
1483
1558
1717
1810
1904
1983
2126
2215
2281
2397
2417
2519
2559
2585
2699
2719
2815
2833
2843
2864
2991
2919
3046
2927
3025
3091
3103
3135
3103
3159
3154
3159
3183
3171
3247
3187
3295
3259
3285
3291
3251
3291
10000
3107
2839
2703
2512
2309
2055
2015
1845
1700
1561
1568
1360
1323
1243
1114
1087
1028
924
962
834
721
816
628
604
634
545
576
634
489
432
500
374
392
422
336
306
330
264
289
272
282
210
208
208
144
90
148
136
100
144
10000
66
312
522
672
864
940
1152
1338
1440
1554
1713
1872
1937
2064
2221
2256
2325
2359
2465
2511
2559
2607
2727
2739
2807
2773
2853
2901
2911
2902
2903
3021
3047
3055
3063
3090
3179
3091
3199
3203
3223
3211
3275
3235
3223
3231
3315
3367
3339
3318
10000
3090
2865
2647
2467
2315
2135
1975
1874
1705
1597
1506
1392
1264
1264
1197
1049
1041
886
848
810
789
787
668
656
610
576
582
544
524
417
384
408
400
373
344
312
288
240
240
240
284
244
212
227
202
196
256
150
88
140
10000
128
356
560
720
854
994
1168
1315
1456
1558
1730
1903
1934
2055
2170
2251
2299
2359
2422
2527
2559
2637
2654
2735
2803
2805
2911
2903
2919
2943
2955
3025
3059
3053
3031
3071
3071
3135
3167
3147
3153
3295
3271
3213
3199
3199
3219
3327
3294
3389
10000
3120
2903
2735
2507
2245
2141
2000
1881
1707
1696
1507
1402
1295
1207
1135
1072
976
902
896
860
834
733
747
704
701
568
576
552
473
472
416
437
340
325
337
348
272
320
256
210
240
192
180
212
204
169
202
202
114
113
10000
140
368
560
776
838
1036
1200
1358
1486
1607
1790
1858
1971
2090
2170
2245
2346
2455
2483
2439
2559
2709
2795
2719
2795
2810
2803
2855
2896
2987
2993
3025
3007
3025
3139
3091
3127
3249
3154
3185
3119
3205
3231
3255
3263
3239
3383
3315
3327
3383
10000
3007
2897
2631
2458
2183
2112
1957
1788
1700
1633
1515
1441
1315
1238
1106
976
965
944
876
850
812
770
694
669
672
602
592
566
696
464
442
466
432
320
336
336
346
294
256
288
240
256
228
233
156
224
208
208
104
130
10000
96
240
544
676
860
952
1090
1328
1455
1643
1719
1871
1923
2027
2121
2253
2277
2347
2481
2543
2544
2559
2655
2719
2779
2811
2875
2887
2966
2943
2942
3071
3027
3059
3071
3133
3135
3163
3155
3159
3191
3275
3199
3223
3275
3309
3267
3279
3309
3335
10000
3152
2915
2671
2503
2299
2125
1982
1915
1726
1658
1535
1392
1264
1280
1108
1044
1021
941
912
848
744
745
713
640
626
656
569
496
504
497
472
396
384
360
290
329
288
304
268
260
256
208
264
152
198
184
208
82
193
148
10000
236
320
496
700
841
1056
1232
1296
1456
1650
1751
1870
1973
2066
2175
2245
2367
2287
2478
2555
2608
2667
2707
2707
2719
2798
2879
2911
2949
2928
2991
2979
3055
3119
3099
3071
3133
3135
3090
3199
3245
3155
3185
3246
3215
3251
3295
3263
3230
3303
10000
3255
2959
2639
2505
2333
2101
1983
1838
1694
1617
1483
1408
1274
1203
1110
1090
1035
896
864
810
880
778
736
672
640
592
573
508
520
426
462
419
394
368
384
304
377
308
295
264
240
233
162
224
238
140
176
173
136
144
10000
152
293
564
684
876
1022
1232
1344
1489
1572
1791
1886
1957
2064
2165
2239
2323
2391
2423
2555
2603
2599
2663
2731
2783
2819
2847
2871
2915
3007
3021
3047
3055
3055
3071
3099
3095
3135
3184
3163
3270
3231
3223
3267
3215
3211
3283
3307
3271
3223
10000
3135
2935
2687
2521
2266
2157
2015
1889
1733
1616
1514
1434
1344
1236
1195
1082
1056
912
914
842
848
802
706
614
676
628
546
552
472
493
468
402
390
360
369
360
272
272
288
296
216
204
172
204
182
208
160
148
128
156
10000
140
304
472
752
905
977
1203
1279
1510
1642
1735
1866
1889
2073
2165
2235
2311
2413
2448
2557
2613
2672
2695
2735
2755
2775
2807
2891
2931
2923
2943
3005
3021
3054
3037
3207
3091
3175
3199
3197
3199
3253
3239
3175
3223
3219
3067
3287
3279
3327
10000
3187
2827
2699
2415
2299
2143
1954
1846
1786
1659
1535
1424
1328
1220
1089
1042
1002
912
849
869
796
716
682
680
640
674
604
532
496
500
403
352
384
385
326
320
306
258
240
256
218
240
185
212
244
208
136
136
194
145
10000
176
368
576
689
880
1027
1193
1384
1483
1648
1780
1899
1936
2066
2155
2239
2256
2427
2430
2512
2559
2639
2687
2747
2733
2774
2855
2893
2947
2955
2965
3051
3071
3023
3063
3120
3071
3163
3249
3197
3158
3216
3239
3249
3261
3295
3344
3267
3311
3279
10000
3099
2887
2733
2426
2359
2133
2058
1855
1729
1574
1492
1406
1337
1263
1193
1005
969
955
889
818
784
733
709
688
698
576
554
522
496
464
496
436
400
368
397
357
256
304
292
256
256
258
203
144
224
208
150
152
152
160
10000
128
304
564
677
867
986
1142
1369
1424
1650
1742
1915
2015
2092
2156
2173
2273
2443
2481
2535
2654
2607
2711
2783
2815
2786
2843
2863
2982
2939
2994
2992
3025
3071
3047
3135
3121
3071
3135
3159
3135
3189
3239
3235
3327
3253
3281
3267
3263
3345
10000
3147
2879
2695
2476
2352
2142
1989
1841
1735
1601
1563
1408
1366
1245
1161
986
1008
969
849
832
804
754
720
624
608
604
586
516
570
478
480
421
400
320
384
304
305
308
354
261
208
244
283
178
256
218
178
202
154
160
10000
96
320
477
682
853
993
1168
1230
1450
1535
1706
1910
1920
2015
2199
2167
2322
2384
2414
2544
2603
2629
2662
2727
2783
2751
2915
2895
2923
2894
3007
3039
3071
3059
3071
3115
3127
3119
3199
3199
3151
3211
3237
3281
3249
3230
3227
3295
3279
3243
10000
3153
2873
2659
2475
2287
2162
2047
1882
1706
1691
1493
1424
1248
1280
1208
1118
984
964
920
804
784
746
685
676
635
592
582
581
496
464
482
448
268
416
321
361
338
284
300
248
298
210
224
200
176
184
160
148
128
160
10000
164
356
558
682
872
992
1195
1362
1456
1581
1692
1860
1984
2103
2171
2207
2274
2395
2475
2555
2599
2647
2687
2761
2806
2751
2789
2907
2902
2963
2933
2999
3006
3107
3071
3071
3157
3111
3067
3271
3143
3216
3227
3239
3285
3319
3347
3237
3285
3315
10000
3117
2907
2675
2512
2243
2130
1964
1737
1783
1618
1535
1394
1284
1232
1184
1092
1029
921
796
820
737
768
688
611
640
578
592
569
480
464
454
469
366
372
340
354
268
274
256
256
256
186
288
192
176
186
185
186
128
153
10000
142
448
560
782
912
1045
1173
1363
1470
1682
1775
1826
1977
2123
2115
2277
2334
2384
2439
2457
2551
2651
2687
2691
2833
2899
2917
2851
2991
2991
3015
3027
3039
3089
3047
3107
3103
3146
3139
3207
3183
3253
3183
3195
3217
3247
3281
3299
3255
3229
10000
3143
2885
2655
2439
2295
2179
1968
1831
1744
1605
1488
1377
1293
1248
1145
1057
1029
865
892
794
782
736
704
654
597
592
504
504
498
480
449
410
432
400
288
336
340
288
293
264
228
240
128
173
160
260
208
176
144
176
10000
208
352
496
664
842
1016
1202
1362
1470
1631
1744
1872
2001
2037
2155
2238
2339
2435
2459
2542
2587
2618
2723
2737
2773
2829
2827
2859
2943
2963
2959
3063
3019
3071
3071
3151
3103
3187
3139
3189
3311
3215
3218
3259
3263
3341
3263
3423
3311
3397
10000
3067
2897
2693
2431
2275
2173
2001
1847
1680
1671
1535
1319
1331
1232
1121
1033
934
944
870
854
800
820
713
693
653
641
576
576
533
464
428
409
406
408
352
296
364
320
278
270
