948
1048
1168
1260
1334
1408
1512
1530
1599
1680
1711
1749
1791
1834
1885
1907
1937
1927
1986
2015
2039
2078
2074
2107
2128
2138
2144
2161
2167
2199
2208
2331
2226
2237
2244
2221
2263
2274
2282
2291
2287
2282
2306
2311
2316
2319
2333
10000
2225
2075
1951
1858
1748
1576
1584
1503
1428
1474
1328
1277
1246
1166
1152
1114
1328
1032
998
984
956
934
922
896
909
870
838
836
796
802
782
752
752
741
752
720
697
693
688
664
658
660
656
653
646
616
624
624
648
592
10000
560
720
852
1040
1088
1179
1364
1347
1424
1513
1566
1616
1658
1722
1757
1776
1815
1867
1919
1936
1971
2000
2032
2031
2063
2085
2095
2192
2145
2150
2154
2192
2189
2215
2230
2227
2235
2253
2250
2271
2274
2271
2287
2299
2299
2302
2323
2321
2273
2321
10000
2224
2075
1822
1844
1754
1651
1579
1499
1438
1384
1328
1286
1232
1207
1130
1113
1072
1037
1006
976
973
931
920
896
883
848
852
816
800
805
784
768
753
746
720
709
711
690
684
657
658
728
634
632
614
613
616
596
592
522
10000
548
720
848
960
1066
1146
1262
1344
1421
1479
1535
1591
1653
1712
1746
1800
1840
1882
1874
1904
1959
1999
2035
2032
2062
2082
2107
2112
2126
2157
2147
2199
2195
2195
2224
2227
2230
2246
2255
2275
2259
2271
2283
2288
2306
2315
2282
2313
2336
2311
10000
2223
2071
1954
1854
1745
1663
1582
1494
1456
1393
1339
1266
1216
1181
1158
1094
1077
1040
1010
953
934
914
912
910
864
844
832
828
802
793
772
744
753
739
724
717
704
696
676
672
656
646
644
628
640
621
612
598
592
656
10000
562
734
846
963
1063
1136
1261
1334
1399
1459
1535
1594
1617
1711
1744
1789
1808
1856
1887
1934
1969
1952
2011
2045
2055
2019
2127
2128
2138
2159
2165
2171
2178
2201
2215
2227
2246
2247
2245
2267
2263
2267
2275
2287
2289
2303
2302
2223
2319
2320
10000
2225
2085
1938
1837
1719
1658
1574
1490
1430
1370
1324
1270
1232
1175
1140
1104
1062
1036
1009
966
953
928
925
948
883
878
832
820
806
795
772
772
762
725
720
699
708
688
688
660
657
640
628
626
872
621
592
592
582
595
10000
560
709
842
955
1073
1156
1246
1335
1403
1468
1552
1616
1666
1705
1754
1799
1827
1841
1974
1954
1950
1989
2002
2030
2087
2071
2103
2123
2121
2145
2166
2188
2179
2190
2199
2224
2243
2246
2255
2253
2241
2279
2271
2285
2289
2275
2293
2312
2331
2326
10000
2227
2087
1953
1855
1759
1648
1584
1522
1436
1376
1328
1280
1236
1176
1146
1097
1078
1033
1008
970
945
928
929
892
859
849
848
824
794
789
771
768
744
725
742
704
704
712
682
661
608
668
656
628
618
614
604
594
597
592
10000
564
721
833
960
1068
1170
1264
1330
1399
1472
1535
1616
1671
1697
1755
1783
1835
1887
1890
1943
1951
1989
2002
2031
2059
2075
2107
2256
2091
2154
2174
2175
2179
2199
2223
2225
2237
2239
2250
2251
2261
2288
2293
2287
2307
2303
2334
2322
2317
2327
10000
2228
2086
1951
1825
1744
1662
1584
1504
1411
1392
1343
1280
1247
1172
1137
1104
1072
1040
1010
970
921
976
902
912
869
848
850
801
802
784
768
761
752
754
716
720
710
686
678
665
670
656
657
688
620
595
620
576
586
588
10000
560
720
848
966
1076
1169
1244
1340
1397
1488
1535
1616
1666
1653
1746
1788
1824
1863
1889
1950
1971
2003
2026
2043
2046
2069
2111
2103
2117
2155
2147
2166
2177
2209
2195
2229
2211
2252
2251
2256
2247
2271
2285
2275
2303
2307
2301
2315
2314
2321
10000
2223
2097
1961
1864
1758
1637
1580
1500
1442
1245
1318
1285
1220
1194
1152
1115
1072
1040
1014
981
944
928
912
896
866
872
828
827
800
802
768
752
741
660
736
725
692
683
672
682
674
672
640
640
635
624
616
612
609
582
10000
576
713
832
965
1045
1159
1264
1345
1408
1462
1555
1614
1650
1717
1738
1783
1822
1864
1899
1917
1951
1984
2016
2047
2079
2091
2106
2129
2128
2151
2175
2171
2187
2214
2219
2226
2241
2234
2256
2279
2279
2287
2277
2275
2309
2315
2319
2319
2319
2318
10000
2227
2082
1961
1840
1742
1663
1559
1505
1503
1382
1344
1277
1111
1189
1145
1114
1084
1063
1013
964
947
944
907
896
877
860
832
816
827
797
788
772
768
736
716
704
716
693
682
666
680
649
632
402
624
609
610
589
602
592
10000
554
726
849
953
1065
1217
1261
1333
1395
1476
1520
1597
1657
1701
1747
1808
1819
1890
1903
1929
1979
1998
2027
2032
2047
2083
2111
2114
2118
2129
2166
2161
2227
2190
2286
2219
2226
2246
2223
2255
2263
2265
2287
2474
2290
2305
2303
2303
2315
2346
10000
2229
2093
1965
1840
1757
1648
1573
1495
1456
1387
1316
1280
1217
1189
1138
1106
1074
1044
992
982
967
932
896
884
880
870
824
819
808
773
770
768
741
748
732
704
690
698
685
672
664
672
648
640
628
609
688
602
600
589
10000
568
724
844
945
1069
1157
1265
1458
1413
1459
1535
1658
1646
1697
1738
1781
1817
1873
1894
1946
1941
1989
1954
2031
2066
2070
2091
2131
2129
2131
2160
2181
2111
2189
2205
2222
2224
2236
2253
2270
2242
2254
2276
2279
2285
2259
2275
2311
2317
2331
10000
2222
2089
1954
1835
1777
1631
1563
1508
1424
1377
1326
1271
1220
1179
1155
1090
1066
1042
1073
979
960
928
921
912
882
853
840
832
800
788
770
752
736
746
700
716
653
722
684
686
652
656
629
633
640
631
602
608
598
593
10000
538
690
848
1005
1076
1164
1191
1344
1412
1504
1535
1600
1667
1703
1764
1791
1839
1874
2032
1917
1958
1983
2005
2029
2047
2070
2107
2125
2179
2133
2161
2179
2167
2139
2231
2133
2238
2235
2242
2278
2255
2273
2283
2287
2299
2375
2273
2286
2330
2320
10000
2218
2087
1955
1828
1746
1648
1579
1505
1448
1366
1322
1281
1244
1184
1152
1106
1088
1032
1002
956
944
920
903
906
860
852
845
832
808
814
768
759
741
746
712
714
694
692
672
676
664
644
653
624
632
608
608
612
592
588
10000
564
716
880
944
1133
1038
1238
1345
1415
1472
1535
1590
1642
1693
1739
1793
1814
1897
1886
1927
1936
1984
2011
2017
2045
2064
2095
2121
2110
2143
2131
2165
2176
2156
2219
2205
2198
2243
2254
2246
2271
2203
2256
2279
2283
2283
2279
2288
2288
2303
10000
2214
2215
1937
1823
1728
1641
1553
1488
1430
1390
1228
1264
1195
1165
1128
1104
1058
1040
1008
994
941
937
912
882
880
861
836
824
806
792
792
762
760
752
720
704
718
705
688
732
657
652
651
628
616
628
617
605
648
598
10000
564
705
832
946
1052
1282
1264
1341
1413
1488
1534
1600
1641
1701
1745
1791
1817
1821
1947
1899
1966
1961
2008
2023
2043
2019
2087
2097
2129
2131
2129
2173
2191
2192
2192
2201
2226
2215
2223
2234
2244
2250
2273
2269
2287
2272
2286
2316
2251
2209
10000
2213
2081
1921
1837
1730
1647
1552
1467
1415
1365
1320
1282
1172
1258
1146
1099
1088
1037
997
976
942
944
928
889
892
853
836
816
810
784
772
752
754
736
715
725
704
720
690
686
676
656
656
640
632
642
624
610
602
604
10000
560
730
848
961
1069
1152
1232
1326
1408
1452
1533
1587
1648
1685
1715
1779
1822
1838
1859
1906
1939
1973
1979
2011
2031
2065
2068
2098
2097
2145
2157
2160
2159
2190
2193
2191
2215
2207
2224
2214
2238
2235
2246
2241
2258
2281
2259
2267
2269
2275
10000
2215
2066
1971
1821
1734
1641
1565
1489
1424
1370
1364
1259
1227
1168
1149
1097
1152
1027
1002
974
976
932
906
882
885
857
832
880
826
812
680
756
760
741
719
714
704
684
688
677
700
576
624
642
634
624
624
608
600
589
10000
546
704
848
953
1070
1152
1244
1353
1388
1488
1531
1596
1637
1680
1729
1754
1821
1863
1873
1923
1941
1954
1991
2013
2035
2047
2064
2090
2111
2112
2135
2195
2160
2172
2191
2197
2196
2203
2224
2203
2256
2245
2257
2255
2268
2279
2288
2297
2275
2273
10000
2191
2067
1933
1819
1729
1658
1552
1478
1419
1346
1318
1278
1216
1184
1148
1102
1078
1040
1009
980
953
912
912
888
896
906
818
810
819
787
772
784
752
720
744
722
708
718
678
674
672
676
648
640
640
628
624
624
604
549
10000
555
720
836
960
1064
1139
1250
1333
1408
1457
1535
1628
1601
1675
1743
1766
1819
1844
1875
1902
1923
1966
1951
2005
2036
2059
2090
2083
2113
2127
2143
2197
2158
2183
2199
2197
2215
2235
2209
2227
2247
2229
2256
2253
2256
2263
2277
2275
2288
2307
10000
2183
2058
1911
1828
1703
1633
1569
1496
1436
1364
1318
1254
1229
1177
1130
1088
1069
1054
1006
976
944
924
912
891
824
848
962
880
804
784
777
772
768
758
736
720
720
704
688
656
650
666
641
626
628
626
624
656
596
576
10000
562
722
848
960
1060
1155
1259
1333
1417
1465
1520
1483
1648
1680
1727
1771
1813
1856
1889
1905
1919
1955
1979
2001
2017
2064
2067
2102
2101
2127
2112
2155
2170
2157
2160
2181
2205
2207
2207
2227
2242
2237
2253
2252
2335
2275
2279
2286
2287
2291
10000
2194
2069
1920
1799
1732
1627
1568
1488
1414
1369
1313
1258
1201
1162
1129
1102
1072
1043
993
982
945
918
896
896
880
861
833
808
818
788
795
774
745
752
736
739
750
704
689
694
620
664
660
649
646
625
618
632
614
605
10000
562
737
864
956
1056
1106
1323
1344
1456
1469
1531
1597
1642
1680
1735
1776
1815
1830
1872
1925
1936
1962
1994
2015
2018
2064
2069
2087
2113
2113
2147
2142
2147
2159
2191
2199
2202
2221
2239
2233
2223
2231
2245
2259
2241
2283
2271
2164
2263
2281
10000
2194
2055
1922
1810
1710
1627
1568
1493
1423
1378
1306
1277
1206
1170
1147
1113
1088
1008
1013
976
912
938
930
898
882
864
837
821
791
818
772
764
753
740
724
722
700
688
683
681
648
672
654
642
645
619
624
604
617
600
10000
547
708
840
946
1058
1150
1251
1314
1392
1411
1530
1600
1635
1680
1721
1766
1806
1847
1883
1895
1935
1958
1995
1998
2023
2065
2067
2109
2095
2113
2135
2138
2157
2167
2175
2192
2201
2203
2205
2239
2245
2243
2241
2253
2306
2269
2256
2270
2294
2285
10000
2182
2047
1939
1795
1707
1636
1554
1483
1434
1345
1328
1246
1210
1168
1033
1003
1072
1034
1005
967
940
915
921
893
865
832
834
832
817
784
784
768
761
726
736
722
693
689
694
690
676
648
645
641
644
640
600
608
610
640
10000
560
720
850
946
1068
1158
1323
1252
1401
1478
1528
1651
1637
1687
1742
1779
1797
1847
1887
1899
1943
1947
1974
2001
2030
2033
2077
2092
2102
2125
2134
2147
2153
2161
2191
2187
2199
2237
2207
2215
2224
2174
2231
2256
2255
2268
2263
2288
2293
2285
10000
2195
2047
1927
1789
1691
1611
1559
1501
1422
1354
1318
1273
1216
1164
1264
1120
1059
1008
1006
1048
934
924
768
916
880
812
848
811
792
794
772
760
756
726
656
708
707
698
656
673
668
656
640
656
627
624
620
614
608
608
10000
448
704
868
969
1059
1162
1255
1317
1408
1488
1525
1590
1663
1698
1730
1791
1757
1828
1869
1915
1945
1967
1988
1961
2018
2064
2076
2099
2013
2123
2115
2135
2153
2186
2173
2177
2192
2202
2230
2223
2235
2226
2259
2255
2262
2261
2288
2275
2285
2303
10000
2182
2063
1925
1809
1728
1616
1564
1487
1418
1367
1288
1282
1228
1149
1124
1106
960
1030
992
976
946
922
914
907
892
868
829
816
832
794
785
768
754
752
736
736
720
712
634
678
672
650
640
648
620
624
624
597
604
594
10000
554
733
861
954
1069
1134
1264
1398
1385
1569
1531
1637
1635
1697
1726
1769
1815
1838
1872
1915
1933
1951
1981
2000
2007
2047
2047
2107
2115
2123
2139
2137
2158
2162
2183
2192
2191
2206
2203
2203
2235
2243
2246
2231
2261
2275
2286
2270
2299
2291
10000
2178
2039
1905
1824
1740
1653
1554
1500
1422
1356
1317
1275
1222
1176
1136
1109
1054
1093
918
965
947
933
914
873
862
861
852
810
824
804
770
768
756
656
740
714
692
704
689
656
418
662
650
646
624
617
620
601
608
580
10000
560
716
849
969
1062
1171
1255
1355
1408
1463
1534
1602
1618
1680
1747
1769
1818
1830
1867
1913
1927
1955
1967
2005
2019
2035
2071
2099
2097
2098
2137
2135
2161
2175
2190
2193
2209
2193
2221
2224
2239
2259
2225
2257
2244
2270
2267
2275
2291
2256
10000
2176
2037
1916
1813
1737
1744
1535
1476
1413
1356
1292
1250
1207
1171
1114
1088
1062
1020
1008
957
960
934
901
906
880
872
851
820
816
792
795
746
752
742
730
730
716
714
688
688
668
650
653
640
640
630
632
612
617
624
10000
556
694
840
973
1053
1168
1257
1332
1397
1447
1518
1586
1628
1690
1715
1759
1806
1836
1860
1899
1909
1947
1825
2002
1904
2031
2074
2096
2112
2106
2138
2143
2159
2167
2167
2175
2193
2199
2215
2243
2342
2239
2227
2243
2256
2265
2285
2277
2288
2303
10000
2191
2057
1915
1811
1713
1626
1562
1481
1410
1350
1468
1251
1234
1176
1136
1109
1068
1032
1002
966
932
940
912
896
880
848
846
802
817
812
768
816
749
726
729
720
710
688
689
725
664
649
654
642
678
636
612
596
592
602
10000
564
720
836
957
1056
1146
1250
1322
1397
1468
1525
1584
1641
1666
1738
1719
1785
1839
1871
1889
1915
1946
1975
2013
2027
2027
2045
2087
2113
2103
2106
2139
2149
2163
2173
2178
2192
2211
2212
2227
2221
2285
2239
2267
2256
2261
2261
2279
2290
2303
10000
2183
2064
1915
1813
1698
1622
1573
1493
1392
1344
1296
1266
1220
1170
1130
1072
1064
1038
990
968
944
928
903
899
882
864
832
768
827
800
773
768
738
744
752
720
720
704
697
678
666
669
651
640
629
640
621
602
613
597
10000
570
712
838
985
1061
1150
1241
1350
1418
1445
1529
1589
1630
1669
1722
1777
1794
1870
1869
1893
1934
1947
1984
2006
2023
2035
2082
2083
2111
2117
2133
2135
2151
2176
2181
2195
2192
2215
2215
2222
2229
2231
2230
2257
2247
2253
2271
2257
2271
2294
10000
2170
2047
1916
1815
1712
1633
1494
1534
1408
1360
1296
1249
1206
1171
1134
1104
1074
1042
984
985
898
940
924
896
864
880
849
820
806
793
768
784
756
752
736
720
692
700
680
677
672
656
642
640
656
624
620
617
608
581
10000
562
714
858
948
1064
1161
1260
1339
1414
1456
1504
1584
1625
1677
1712
1761
1813
1836
1874
1893
1904
1950
1981
2007
1882
2043
2071
2063
2107
2111
2007
2161
2183
2173
2171
2167
2192
2194
2198
2024
2225
2239
2265
2253
2273
2263
2274
2225
2286
2270
10000
2175
2022
1894
1808
1728
1630
1535
1470
1408
1362
1303
1253
1226
1156
1123
1077
1053
956
1012
976
944
928
896
888
872
848
832
824
788
800
780
726
744
752
732
716
720
704
680
880
663
645
544
624
644
505
601
624
588
544
10000
576
724
842
950
1072
1165
1235
1364
1386
1453
1535
1584
1635
1728
1687
1742
1803
1840
1854
1904
1930
1943
1958
1994
2031
2034
2065
2083
2114
2131
2122
2134
2149
2193
2161
2175
2207
2154
2222
2213
2238
2229
2252
2250
2231
2267
2259
2259
2269
2288
10000
2167
2041
1895
1812
1698
1626
1555
1495
1408
1366
1306
1242
1201
1242
1146
1231
1056
1017
982
986
956
864
914
896
858
852
832
836
794
785
772
752
752
739
724
706
698
598
672
666
656
656
640
636
624
605
611
608
594
590
10000
576
736
927
960
1040
1152
1244
1315
1397
1458
1530
1600
1627
1680
1708
1770
1758
1879
1867
1879
1927
1953
1968
1999
2001
2032
2085
2063
2083
2105
2115
2139
2159
2177
2166
2185
2192
2177
2210
2224
2223
2230
2235
2246
2203
2265
2247
2251
2279
2289
10000
2129
2027
1918
1799
1727
1631
1535
1476
1414
1430
1288
1267
1216
1164
1136
1091
1058
1008
995
992
944
920
885
900
880
852
850
824
789
912
770
762
757
736
736
716
717
709
692
684
665
660
644
645
610
636
660
618
592
593
10000
560
720
852
971
1044
1147
1242
1325
1392
1454
1509
1591
1629
1674
1736
1765
1797
1815
1870
1897
1910
1959
1982
1983
2032
2039
2074
2096
2095
2106
2128
2129
2157
2171
2174
2183
2192
2199
2206
2210
2224
2221
2240
2214
2239
2239
2255
2263
2286
2281
10000
2175
2035
1895
1809
1692
1618
1552
1488
1425
1344
1306
1264
1200
1156
1129
1136
1136
1022
998
993
944
915
917
946
880
848
844
832
812
802
784
769
745
736
726
501
704
688
674
666
659
660
641
664
630
624
594
596
614
598
10000
581
716
848
960
1111
1164
1250
1329
1398
1467
1530
1580
1644
1687
1733
1770
1821
1826
1861
1890
1926
1954
1965
2000
2027
2035
2064
2081
2071
2111
2126
2133
2162
2175
2165
2183
2179
2192
2225
2210
2231
2224
2230
2256
2259
2255
2286
2382
2275
2283
10000
2187
2031
1913
1815
1698
1603
1530
1463
1424
1391
1050
1265
1203
1173
1136
1089
1048
1008
998
1006
949
921
897
896
868
854
842
818
816
794
784
736
754
750
716
736
720
707
706
688
676
656
646
629
640
640
620
610
584
596
10000
568
712
868
944
1040
1154
1245
1298
1392
1472
1520
1581
1626
1671
1711
1769
1779
1838
1865
1904
1923
1954
1985
2000
2011
2037
2063
2068
2101
2107
2127
2143
2151
2155
2191
2174
2192
2199
2207
2207
2227
2229
2237
2233
2251
2243
2256
2251
2252
2288
10000
2171
2037
1913
1795
1695
1633
1568
1472
1424
1350
1318
1248
1216
1162
1136
1102
1059
1020
994
961
929
917
912
896
869
849
848
832
825
792
760
752
744
738
720
704
824
684
672
678
660
672
636
634
683
625
624
614
609
598
10000
571
720
850
940
1062
1152
1232
1302
1456
1458
1514
1595
1639
1694
1632
1761
1792
1835
1856
1898
1922
1962
1968
1996
2011
2007
2030
2064
2093
2103
2126
2128
2157
2161
2166
2182
2176
2177
2205
2220
2095
2223
2243
2243
2256
2251
2271
2267
2267
2277
10000
2178
2033
1915
1794
1694
1613
1552
1488
1406
1354
1310
1242
1200
1155
1124
1097
1058
1029
1008
983
907
910
910
883
880
854
830
810
809
803
776
754
750
752
728
840
706
714
685
680
672
657
656
632
624
624
672
608
608
598
10000
566
736
843
944
1056
1148
1222
1314
1383
1450
1523
1573
1637
1667
1712
1751
1803
1825
1855
1895
1923
1967
1966
2006
2023
2027
2038
2128
2081
2103
2110
2139
1983
2135
2162
2175
2192
2192
2210
2207
2231
2217
2253
2229
2255
2239
2274
2256
2265
2279
10000
2273
2014
1899
1791
1689
1609
1563
1476
1413
1354
1296
1249
1218
1157
1112
1105
1072
1029
996
961
942
912
917
882
864
844
832
837
804
801
770
756
736
738
729
645
704
686
674
668
656
666
640
634
624
620
624
506
624
586
10000
576
720
832
972
1049
1146
1232
1341
1390
1595
1516
1580
1645
1665
1721
1765
1776
1814
1853
1875
1902
1929
1961
2006
2005
2021
2159
2064
2079
2103
2128
2140
2149
2160
2166
2179
2181
2191
2215
2213
2207
2207
2235
2257
2269
2249
2253
2282
2263
2263
10000
2179
2027
1892
1800
1697
1618
1535
1471
1416
1360
1296
1265
1216
1168
1123
1088
1041
1030
992
970
896
934
912
880
891
850
848
834
816
782
780
748
752
752
720
720
706
632
678
681
656
656
646
640
640
629
613
624
594
600
10000
564
706
845
965
1040
1147
1218
1312
1393
1456
1513
1586
1570
1822
1709
1760
1805
1835
1842
1891
1918
1955
1974
1982
2019
2027
2079
2199
2082
2111
2111
2117
2130
2143
2161
2165
2161
2197
2207
2190
2209
2224
2231
2221
2236
2231
2247
2263
2256
2261
10000
2159
2032
1919
1794
1698
1627
1617
1434
1406
1358
1300
1164
1217
1164
986
1106
1088
1042
986
980
962
936
933
910
882
878
832
828
800
802
788
768
754
738
736
710
699
676
676
668
658
656
648
652
642
627
590
608
612
610
10000
556
720
866
960
1068
1114
1232
1329
1392
1457
1512
1584
1635
1680
1715
1773
1782
1847
1867
1889
1914
1933
1963
1989
2012
2014
2063
2079
2063
2087
2114
2129
2138
2151
2161
2171
2186
2193
2189
2188
2239
2217
2221
2231
2255
2315
2253
2251
2257
2267
10000
2159
2033
1891
1806
1712
1631
1535
1467
1420
1348
1309
1224
1212
1166
1122
1089
1057
1008
950
956
929
917
905
888
873
846
836
824
787
788
752
780
760
728
725
729
692
692
672
672
654
662
640
620
628
612
608
614
600
592
10000
563
704
853
953
1072
1140
1232
1308
1379
1436
1507
1571
1645
1681
1697
1744
1777
1818
1851
1882
1921
1946
1975
2011
2007
2030
2043
2075
2083
2113
2112
2131
2117
2127
2153
2148
2177
2197
2204
2195
2197
2207
2231
2229
2223
2239
2322
2261
2255
2239
10000
2175
2022
1915
1815
1711
1627
1555
1477
1408
1365
1309
1250
1206
1173
1129
1123
1074
1020
1008
944
933
930
913
876
849
856
832
832
798
788
720
665
755
788
720
724
654
690
681
668
660
656
646
620
620
612
611
618
606
590
10000
566
720
832
964
1047
1140
1225
1326
1394
1444
1510
1563
1648
1671
1699
1710
1791
1791
1855
1875
1914
1945
1978
1987
1981
2029
2045
2083
2082
2096
2113
2113
2145
2141
2161
2067
2183
2199
2210
2193
2387
2225
2237
2230
2238
2253
2266
2258
2256
2260
10000
2188
2031
1906
1793
1687
1621
1526
1488
1381
1344
1284
1239
1209
1157
1120
1066
1072
1036
980
972
878
921
912
876
865
865
842
834
803
808
772
770
754
720
732
709
713
684
756
685
662
656
652
629
628
640
633
606
608
592
10000
560
809
848
973
1084
1146
1232
1328
1393
1443
1506
1600
1609
1652
1711
1748
1791
1837
1840
1863
1872
1939
1970
1970
2007
2027
1968
2094
2083
2087
2099
2123
2159
2147
2173
2189
2183
2182
2159
2209
2207
2195
2224
2227
2226
2231
2240
2047
2247
2233
10000
2171
2023
1907
1772
1723
1632
1528
1477
1408
1337
1299
1302
1206
1181
1120
1092
1040
1008
992
949
960
929
897
890
865
808
848
821
800
774
778
758
730
748
720
713
700
674
685
666
656
652
645
640
629
608
624
598
594
596
10000
619
728
874
965
1072
1152
1232
1315
1393
1451
1513
1587
1617
1680
1716
1761
1743
1838
1856
1877
1914
1935
1955
1990
2002
2021
2047
2073
2079
2095
2106
2128
2129
2160
2157
2183
2178
2192
2197
2201
2204
2215
2237
2225
2298
2245
2235
2253
2275
2245
10000
2161
2027
1901
1783
1693
1684
1552
1463
1409
1350
1296
1267
1202
1174
1136
1084
1047
1040
985
960
950
932
912
912
880
857
834
832
816
804
792
762
758
761
724
718
704
643
688
662
656
672
658
646
640
624
609
594
589
592
10000
558
724
860
954
1020
1136
1237
1312
1392
1433
1518
1584
1629
1650
1695
1746
1790
1815
1841
1882
1921
1938
1951
1983
2000
2021
2027
2045
2071
2093
2115
2112
2127
2106
2165
2171
2174
2188
2202
2203
2211
2211
2199
2234
2224
2235
2251
2279
2255
2269
10000
2164
2022
1882
1791
1709
1619
1554
1462
1408
1358
1328
1264
1194
1168
1126
1105
1074
1032
992
953
941
929
900
884
784
850
640
821
793
792
782
773
748
736
720
704
704
689
688
672
688
656
648
644
612
768
613
616
600
576
10000
570
726
858
960
1042
1152
1242
1316
1379
1451
1466
1555
1606
1663
1698
1722
1861
1838
1841
1735
1901
1930
1939
1995
2014
2019
2059
2046
2082
2109
2095
2123
2126
2138
2145
2163
2161
2182
2197
2215
2207
2227
2207
2202
2176
2233
2227
2254
2254
2269
10000
2167
2023
1891
1798
1680
1492
1513
1456
1392
1397
1282
1250
1209
1155
1122
1112
1070
1043
966
880
956
924
914
906
880
878
849
827
817
787
784
768
645
741
736
721
700
684
678
672
688
656
630
632
640
625
608
612
616
592
10000
560
721
837
944
1037
1149
1246
1296
1393
1440
1499
1564
1619
1657
1706
1753
1792
1823
1853
1873
1915
1911
1954
1991
1988
2047
2039
1887
2079
1984
2109
2122
2130
2128
2149
2167
2166
2176
2202
2166
2272
2224
2207
2226
2218
2229
2228
2247
2250
2256
10000
2166
1991
1887
1786
1689
1611
1534
1462
1408
1344
1298
1240
1216
1169
1136
1088
1060
1017
906
980
960
930
904
906
856
850
841
824
808
785
780
856
752
727
722
762
713
683
673
689
673
677
672
632
642
640
618
624
608
586
10000
576
708
848
960
1038
1153
1248
1302
1408
1440
1490
1559
1621
1572
1717
1741
1801
1808
1851
1846
1895
1943
1937
1979
1997
2023
2023
2041
2082
2093
2101
2123
2125
2139
2163
2192
2167
2185
2183
2187
2215
2215
2215
2239
2243
2245
2199
2256
2255
2281
10000
2167
1847
1893
1791
1698
1615
1554
1456
1406
1329
1296
1246
1218
1162
1186
1072
1061
1038
983
970
940
944
891
924
874
848
832
828
806
793
788
768
752
793
722
718
714
688
801
684
736
656
656
640
628
604
624
596
604
592
10000
540
709
848
938
1050
1168
1232
1301
1380
1452
1500
1562
1609
1677
1712
1744
1781
1808
1901
1859
1893
1929
1957
1995
2015
1997
2021
2063
2065
2079
2112
2128
2125
2154
2128
2164
2155
2175
2179
2198
2182
2203
2215
2245
2222
2237
2227
2274
2254
2256
10000
2233
2031
1883
1789
1697
1605
1532
1459
1393
1336
1296
1259
1206
1168
1130
1088
1056
1003
989
960
944
945
925
885
857
850
816
818
800
784
784
762
739
640
736
707
714
688
688
656
656
680
648
641
628
634
614
624
592
582
10000
544
712
843
952
1056
1127
1246
1311
1374
1445
1494
1573
1614
1664
1717
1744
1780
1817
1808
1866
1907
1936
1966
1985
1997
2019
2151
2065
2083
2119
2097
2112
2146
2115
2151
2179
2173
2174
2183
2195
2206
2213
2217
2221
2230
2238
2238
2261
2256
2257
10000
2047
2011
1911
1787
1691
1613
1622
1456
1394
1334
1225
1277
1200
1152
1107
1086
1042
1008
996
973
930
916
897
892
874
849
834
832
790
785
788
762
737
768
738
628
706
688
678
664
642
642
642
610
640
624
613
600
596
590
10000
562
740
832
886
1030
1138
1233
1314
1360
1470
1501
1574
1616
1639
1711
1729
1767
1835
1870
1872
1904
1987
2018
1995
1993
2026
2033
2046
2069
2106
2066
2126
2123
2135
2169
2154
2191
2187
2189
2179
2207
2207
2223
2255
2207
2221
2251
2251
2254
2241
10000
2177
2019
1897
1773
1718
1615
1554
1463
1409
1334
1292
1232
1219
1152
1136
1078
1042
1019
970
963
944
912
892
887
1048
864
808
806
791
784
762
752
772
730
722
710
704
700
682
672
648
656
648
624
624
600
608
616
588
590
10000
557
729
852
963
1136
1148
1232
1309
1372
1442
1520
1563
1616
1679
1692
1751
1776
1817
1831
1871
1906
1919
1938
1963
1985
2027
2039
2031
2085
2158
2096
2159
2128
2139
2157
2173
2150
2179
2185
2207
2193
2213
2212
2239
2231
2229
2255
2239
2257
2267
10000
2160
2017
1889
1783
1708
1596
1526
1456
1408
1352
1296
1250
1180
1185
1136
1082
1042
1013
1008
964
1008
935
896
843
861
851
819
817
795
733
768
720
750
728
721
718
704
720
688
661
668
632
640
601
625
614
612
608
594
576
10000
596
690
816
914
696
1124
1219
1296
1377
1446
1482
1552
1614
1645
1681
1730
1789
1814
1843
1882
1906
1939
1968
1987
1986
2001
2042
2077
1951
2095
2097
2121
2058
2194
2139
2147
2174
2191
2183
2197
2199
2191
2199
2213
2224
2194
2192
2259
2254
2244
10000
2157
1890
1898
1793
1696
1607
1535
1445
1408
1345
1301
1258
1186
1152
1113
1104
1041
1009
965
975
900
912
908
928
853
857
835
813
816
768
784
770
736
733
720
716
710
688
683
668
656
646
644
650
628
618
617
608
580
592
10000
551
722
851
950
1044
1144
1230
1322
1381
1424
1509
1631
1606
1672
1723
1746
1775
1803
1827
1876
1904
1623
1941
1978
1995
1990
2037
2067
2078
2097
2107
2117
2127
2151
2155
2171
2172
2192
2202
2179
2215
2225
2213
2219
2235
2230
2243
2266
2255
2256
10000
2163
2023
1914
1775
1680
1595
1535
1456
1408
1354
1290
1233
1206
1152
1130
1072
1056
1040
981
973
941
944
912
880
882
836
845
809
874
797
772
762
726
694
728
722
696
721
693
678
662
652
652
640
619
568
608
601
588
592
10000
557
716
849
982
1040
1152
1234
1316
1392
1440
1498
1571
1634
1665
1696
1680
1840
1819
1857
1890
1911
1932
1948
1975
2007
2016
2063
2043
2081
2078
2096
2101
2130
2141
2151
2159
2157
2161
2448
2192
2187
2219
2212
2224
2225
2235
2239
2239
2247
2219
10000
2177
2032
1887
1808
1709
1605
1554
1441
1408
1280
1285
1255
1212
1162
1125
1076
1041
1029
982
961
940
917
912
898
866
848
821
818
796
796
793
760
744
736
708
708
713
704
657
680
662
647
634
620
608
630
627
598
624
609
10000
556
720
854
928
1067
1146
1213
1298
1396
1449
1513
1527
1616
1652
1712
1744
1787
1807
1859
1861
1909
1919
1956
1998
1987
2003
2031
2062
2063
2087
2113
2117
2115
2131
2195
2160
2174
2167
2190
2207
2207
2212
2205
2224
2242
2234
2255
2243
2250
2263
10000
2149
2025
1902
1746
1710
1619
1680
1517
1394
1328
1291
1245
1198
1150
1124
1079
1045
1000
950
964
956
924
924
890
878
756
837
815
797
790
760
756
740
737
722
720
705
677
680
665
666
640
631
644
610
624
621
620
588
592
10000
560
710
844
965
1044
1149
1232
1322
1392
1444
1510
1578
1610
1696
1690
1747
1791
1729
1872
1871
1904
1919
1968
1987
1946
2010
2035
2057
2085
2086
2110
2171
2127
2148
2153
2153
2254
2156
2177
2199
2197
2199
2215
2235
2240
2229
2251
2162
2257
2269
10000
2157
2021
1904
1790
1703
1625
1525
1463
1422
1359
1292
1248
1193
1124
1120
1100
1063
944
988
970
944
937
896
870
869
866
834
801
737
788
760
758
768
736
712
705
755
676
683
656
665
661
650
640
640
612
608
592
604
598
10000
556
713
848
955
987
1138
1216
1299
1381
1430
1508
1581
1618
1661
1709
1735
1783
1806
1839
1872
1904
1935
1967
1967
1849
1995
2034
2064
2157
2055
2098
2122
2128
2146
2151
2159
2171
2187
2178
2183
2195
2222
2237
2209
2231
2253
2254
2245
2267
2262
10000
2131
2018
1941
1776
1684
1606
1521
1457
1392
1339
1296
1241
1202
1168
1124
1081
1046
1009
997
982
931
915
957
886
872
869
842
816
810
780
770
758
732
736
725
720
704
656
662
678
659
636
640
619
613
618
600
592
576
482
10000
546
720
848
931
1049
1131
1236
1296
1394
1434
1514
1593
1611
1663
1700
1744
1899
1807
1856
1883
1916
1934
1968
1970
2000
2021
2032
2063
2082
2089
2102
2109
2109
2147
2118
2160
2157
2159
2196
2215
2191
2205
2211
2211
2237
2215
2230
2251
2246
2239
10000
2162
2017
1887
1776
1691
1616
1515
1475
1406
1233
1283
1231
1128
1176
1122
1074
1046
1006
970
960
941
926
886
884
706
846
822
872
784
784
768
760
756
660
704
704
688
688
672
678
704
661
640
679
642
624
624
600
494
586
10000
547
821
841
1041
1056
1157
1278
1329
1427
1455
1522
1594
1633
1667
1715
1733
1779
1811
1846
1873
1904
1922
1981
1999
2005
2025
2032
2064
2078
2096
2096
2123
2131
2139
2145
2167
2165
2185
2192
2210
2189
2211
2225
2211
2223
2167
2239
2251
2251
2247
10000
2150
2061
1885
1778
1695
1614
1535
1451
1411
1361
1294
1242
1203
1168
1128
1084
1040
1000
984
966
944
940
912
889
877
870
832
805
800
778
768
768
752
754
733
713
684
747
676
660
641
636
640
634
624
600
747
592
576
592
10000
544
704
844
942
1050
1138
1233
1303
1381
1466
1515
1578
1628
1655
1718
1764
1808
1811
1847
1829
1903
1936
1941
1966
1973
1997
2034
2063
2058
2065
2122
2112
2111
2127
2135
2159
2159
2187
2187
2034
2192
2213
2190
2219
2233
2219
2230
2235
2236
2240
10000
2161
1995
1873
1794
1694
1612
1525
1461
1386
1358
1284
1244
1224
1168
1125
1072
1040
1010
999
971
950
932
906
884
868
844
816
817
784
793
776
758
728
736
712
784
688
680
672
627
665
656
656
640
650
616
592
601
604
692
10000
560
720
839
960
1057
1152
1229
1368
1394
1454
1552
1515
1622
1675
1667
1751
1772
1821
1780
1858
1914
1937
1963
1969
1949
2155
2057
2065
2081
2087
2118
2129
2134
2133
2135
2145
2182
2167
2160
2223
2192
2239
2224
2215
2207
2235
2240
2255
2252
2158
10000
2177
1990
1902
1785
1687
1613
1532
1458
1379
1336
1296
1249
1189
1147
1096
1088
1062
1002
990
986
938
924
915
897
865
850
829
829
792
808
771
768
752
746
720
692
700
694
676
677
660
657
622
624
624
620
640
600
596
604
10000
550
705
860
944
1056
1161
1245
1308
1392
1450
1495
1570
1629
1649
1701
1758
1777
1849
1856
1872
1895
1940
1953
1979
1979
2019
2043
2046
2075
2071
2095
2103
2117
2129
2147
2157
2164
2187
2247
2174
2206
2214
2224
2207
2230
2229
2247
2245
2259
2251
10000
2222
2013
1883
1781
1698
1602
1515
1475
1408
1362
1281
1254
1216
1154
1100
1092
1048
1008
980
960
932
897
881
884
848
853
842
810
803
786
768
747
744
736
790
704
681
684
729
660
656
640
640
634
444
624
634
601
587
586
10000
560
704
838
937
1078
1133
1226
1322
1377
1426
1512
1558
1603
1627
1687
1739
1771
1817
1851
1883
1909
1918
1974
1983
1985
2007
2013
2059
2047
2075
2103
2111
2111
2160
2160
2160
2175
2163
2207
2192
2192
2222
2213
2234
2237
2231
2235
2247
2243
2249
10000
2155
2014
1895
1774
1680
1616
1535
1456
1390
1333
1302
1231
1211
1162
1086
1084
1069
1018
886
969
954
928
907
896
848
852
832
834
870
784
784
752
720
732
727
688
688
684
668
668
652
640
653
636
614
592
608
598
588
592
10000
556
714
920
960
1040
1128
1233
1303
1397
1436
1648
1568
1620
1661
1699
1744
1767
1806
1830
1871
1898
1931
1945
1995
2001
2015
2031
2033
2061
2077
2102
2096
2123
2188
2146
2166
2167
2169
2191
2201
2190
2210
2207
2223
2223
2235
2447
2243
2229
2256
10000
2166
2017
1907
1837
1694
1612
1535
1470
1394
1341
1267
1245
1186
1137
1129
1088
1056
1000
976
949
942
910
896
875
859
848
816
821
801
784
752
742
736
720
677
705
688
689
659
674
633
648
634
884
608
618
609
588
594
598
10000
560
716
832
934
1030
1129
1230
1302
1377
1456
1497
1558
1616
1655
1770
1742
1762
1808
1855
1873
1890
1936
2030
1974
1984
2000
2034
2059
2098
2086
2111
2111
2183
2115
2119
2159
2165
2186
2191
2219
2219
2238
2211
2235
2219
2231
2384
2171
2234
2269
10000
2142
2013
1890
1791
1679
1611
1520
1455
1389
1342
1281
1387
1203
1152
1116
1082
1040
1022
969
964
944
924
905
830
854
837
811
796
792
850
768
760
740
720
704
708
708
696
664
653
656
600
652
636
624
566
612
589
596
588
10000
552
714
840
912
1036
1136
1241
1301
1387
1444
1498
1553
1627
1664
1699
1766
1766
1803
1843
1887
1894
1926
2005
1979
2009
2000
2110
2034
2067
2083
2096
2143
1968
2123
2134
2159
2159
2160
2190
2144
2160
2210
2204
2210
2231
2219
2234
2273
2301
2263
10000
2160
2021
1876
1776
1696
1586
1523
1466
1392
1318
1265
1254
1206
1155
1115
1040
1059
1004
976
976
936
890
813
893
980
834
816
813
795
768
768
762
730
726
723
704
704
708
672
658
656
640
644
628
640
614
617
624
578
584
10000
552
724
761
922
1040
1144
1207
1310
1392
1440
1504
1570
1633
1650
1710
1759
1780
1825
1856
1866
1904
1938
1966
1971
2003
2025
2027
2066
2089
2118
2094
2126
2131
2151
2143
2159
2155
2126
2187
2207
2231
2199
2214
2223
2239
2237
2241
2251
2251
2259
10000
2154
2039
1889
1796
1668
1598
1520
1457
1424
1345
1309
1233
1201
1152
1109
1131
1058
1020
973
960
948
898
896
890
884
860
826
777
809
777
768
464
752
724
708
673
704
672
662
664
656
656
626
690
612
594
597
624
584
584
10000
545
704
844
942
1044
1138
1242
1328
1392
1459
1521
1535
1613
1674
1702
1747
1791
1818
1869
1874
1915
1935
1951
1985
2007
2019
2031
2066
2081
2071
2111
2122
2131
2141
2166
2170
2178
2163
2183
2191
2225
2224
2275
2227
2219
2243
2243
2286
2256
2425
10000
2292
2013
1902
1790
1692
1621
1534
1472
1408
1328
1338
1246
1200
1168
1112
1085
1061
1021
966
954
942
909
884
880
864
835
832
808
786
784
784
761
752
730
736
697
701
678
684
681
656
640
648
630
624
602
613
608
604
573
10000
508
726
832
937
1037
1135
1168
1314
1393
1465
1501
1560
1616
1667
1717
1742
1776
1818
1842
1881
1917
1926
1967
1986
1990
2057
2046
2077
2065
2107
2114
2128
2135
2133
2158
2153
2162
2189
2214
2206
2193
2219
2230
2223
2230
2241
2257
2249
2323
2256
10000
2159
2027
1898
1759
1692
1607
1531
1405
1392
1344
1296
1252
1200
1150
1130
1099
1060
1030
980
1001
914
930
873
864
852
838
802
816
808
760
781
762
746
729
712
704
644
685
660
640
656
532
633
620
610
596
602
592
580
585
10000
560
730
841
947
1112
1164
1216
1306
1392
1455
1502
1566
1520
1671
1694
1753
1793
1807
1856
1889
1910
1947
1955
1999
1999
2030
2047
1968
2066
2091
2096
2122
2133
2143
2143
2174
2175
2191
2193
2187
2211
2266
2128
2391
2243
2246
2251
2245
2257
2285
10000
2157
2025
1903
1785
1701
1600
1534
1472
1421
1345
1280
1240
1200
1156
1104
1088
1051
1027
982
1000
934
906
882
865
852
672
822
808
787
772
757
762
743
720
711
774
688
691
672
672
640
640
640
617
613
590
608
604
597
585
10000
560
722
832
941
1042
1130
1230
1315
1364
1437
1450
1553
1614
1661
1696
1739
1776
1812
1863
1876
1906
1935
1957
1987
1999
2021
2045
2039
2078
2094
2102
2127
2119
2143
2175
2164
2156
2189
2189
2195
2082
2199
2236
2223
2231
2233
2239
2235
2258
2286
10000
2162
2022
1893
1796
1696
1635
1584
1478
1410
1370
1295
1251
1208
1160
1124
1090
1058
1028
992
963
926
922
890
873
864
845
816
805
788
778
760
760
736
730
698
768
632
672
672
666
664
656
626
634
634
600
592
587
602
564
10000
560
708
826
940
1041
1059
1235
1312
1393
1448
1505
1556
1615
1663
1723
1729
1785
1822
1851
1889
1919
1955
1967
1968
2000
2026
2062
2078
2069
2096
2130
2102
2134
2139
2165
2153
2172
2192
2177
2071
2211
2226
2221
2243
2231
2239
2259
2255
2254
2251
10000
2184
2023
1917
1803
1692
1629
1535
1471
1398
1328
1293
1234
1197
1108
1108
1158
1044
1012
962
960
944
916
896
874
862
861
832
820
784
777
756
723
834
722
694
720
689
704
658
662
650
648
640
642
624
630
608
608
584
576
10000
536
712
846
930
1036
1149
1214
1305
1380
1466
1500
1571
1614
1653
1701
1792
1766
1822
1917
1877
1907
1942
1935
1974
1989
2011
2043
2119
2078
2098
2091
2134
2128
2151
2163
2180
2151
2161
2192
2213
2195
2199
2207
2246
2223
2242
2245
2238
2251
2247
10000
2204
2029
1904
1803
1691
1602
1530
1463
1389
1348
1280
1184
1236
1168
1107
1092
1036
1032
979
970
933
913
875
896
854
820
829
790
802
790
762
756
734
720
732
696
696
704
680
672
640
633
628
617
620
600
608
592
580
564
10000
546
704
832
956
1014
1136
1232
1308
1392
1456
1535
1575
1606
1665
1720
1777
1776
1824
1854
1872
1890
1918
1947
1968
2000
2015
2019
2075
2078
2096
2095
2127
2128
2119
2158
2157
2235
2173
2191
2144
2189
2209
2226
2224
2218
2231
2245
2251
2255
2282
10000
2160
2028
1891
1803
1722
1611
1535
1460
1408
1328
1302
1235
1200
1168
1120
1072
1052
1010
976
965
928
900
885
867
919
829
833
800
788
760
758
762
757
714
720
709
720
688
680
656
676
640
658
624
566
622
621
592
592
584
10000
550
714
848
952
1035
1129
1232
1292
1365
1449
1503
1558
1618
1665
1702
1715
1781
1808
1828
1871
1893
1936
1711
1997
1994
2023
2064
2095
2086
2093
2101
2159
2110
2128
2155
2160
2179
2179
2195
2191
2203
2175
2229
2209
2209
2218
2239
2258
2247
2267
10000
2158
2014
1890
1790
1686
1608
1516
1456
1398
1344
1283
1248
1180
1328
1122
1076
1061
1040
983
944
952
913
896
869
857
763
832
816
792
790
762
768
736
719
716
714
696
344
676
656
659
640
656
627
624
608
610
592
592
577
10000
554
702
822
939
1016
1104
1229
1229
1394
1456
1520
1577
1609
1671
1587
1732
1785
1796
1839
1873
1904
1927
1955
1977
1975
2015
2289
2043
2070
2067
2086
2125
2137
2135
2157
2150
2159
2230
2191
2191
2198
2226
2239
2223
2237
2256
2229
2233
2261
2251
10000
2166
2005
1886
1778
1695
1600
1525
1451
1402
1533
1302
1232
1200
1153
1062
1078
1036
1021
962
960
925
913
902
875
854
844
821
797
816
794
772
672
724
736
721
726
682
673
682
656
650
656
626
616
640
617
624
592
506
592
10000
560
704
849
940
1046
1112
1227
1313
1380
1440
1500
1585
1618
1664
1680
1741
1760
1808
1869
1879
1904
1934
1957
1969
1991
2013
2031
2062
2067
2064
2102
2114
2128
2140
2128
2170
2160
2155
2183
2194
2199
2192
2198
2102
2191
2235
2239
2301
2251
2241
10000
2171
2026
1899
1765
1685
1595
1392
1453
1376
1414
1288
1242
1197
1153
1110
1090
1040
1002
986
1074
944
913
884
852
869
848
824
818
784
768
770
752
737
736
724
705
688
672
664
667
657
641
622
609
624
621
592
596
592
564
10000
556
704
838
941
1068
1157
1223
1298
1378
1424
1489
1552
1626
1648
1710
1754
1765
1807
1852
1873
1903
1934
2111
1970
1994
2002
2045
2062
2061
2075
2147
2109
2129
2121
2143
2147
2173
2174
2189
2195
2199
2193
2207
2199
2215
2224
2235
2237
2235
2263
10000
2148
2015
1885
1782
1678
1587
1527
1444
1393
1347
1280
1216
1194
1146
1110
1081
1040
1010
972
960
1317
886
880
864
860
825
818
806
788
768
752
752
730
712
720
684
748
681
665
656
656
640
626
626
610
608
596
600
600
578
10000
553
712
825
944
1029
1120
1232
1320
1364
1437
1491
1535
1611
1659
1698
1741
1786
1792
1840
1875
1911
1914
1938
1969
1990
2025
2026
2065
2065
2087
2153
2096
2128
2149
2146
2151
2151
2163
2190
2206
2186
2066
2215
2217
2223
2256
2246
2241
2229
2223
10000
2155
2079
1826
1777
1680
1601
1518
1463
1446
1326
1293
1237
1200
1161
1104
1072
1040
1066
997
832
940
913
912
868
880
832
828
480
797
789
780
745
736
732
720
720
698
672
674
656
656
642
632
624
613
624
624
581
590
576
10000
544
717
835
952
1040
1133
1216
1323
1361
1451
1483
1574
1602
1666
1697
1727
1804
1795
1839
1885
1900
1937
1965
1969
2085
2009
2042
2047
2098
2086
2095
2112
2114
2138
2150
2210
2197
2173
2175
2208
2178
2215
2192
2218
2223
2238
2239
2257
2222
2262
10000
2173
2005
1897
1799
1680
1585
1520
1453
1389
1341
1288
1233
1179
1144
1102
1073
1033
1040
970
963
930
913
888
896
896
843
832
814
785
790
776
750
746
720
722
715
906
704
673
641
649
650
627
620
634
617
593
592
592
577
10000
544
720
842
916
1040
1136
1213
1296
1378
1444
1499
1552
1614
1668
1700
1747
1780
1812
1862
1868
1907
1870
1954
1961
2047
2011
2033
2041
2081
2099
2099
2110
2135
2130
2134
1993
2225
2167
2193
2169
2192
2192
2210
2213
2223
2238
2219
2245
2243
2258
10000
2135
2013
1905
1786
1702
1588
1520
1456
1396
1424
1182
1227
1203
1149
1113
1073
1056
997
980
978
932
934
892
880
858
896
812
814
801
774
772
770
736
726
818
704
688
686
659
657
633
624
652
624
620
580
592
596
602
589
10000
560
712
824
944
1123
1168
1229
1302
1389
1441
1499
1535
1621
1711
1717
1728
1785
1809
1844
1872
1887
1911
1957
1989
1984
1999
2035
2047
2064
2103
2112
2101
2107
2181
2134
2155
2169
2154
2174
2192
2185
2207
2210
2214
2227
2228
2235
2230
2247
2230
10000
2165
2019
1876
1791
1703
1597
1524
1437
1390
1309
1264
1226
1200
1157
1105
1069
1051
1016
976
960
933
935
890
880
856
822
856
801
794
768
758
760
746
730
717
720
690
674
656
676
646
645
641
628
629
577
602
592
588
577
10000
556
712
832
944
1040
1128
1230
1322
1363
1449
1658
1626
1606
1647
1728
1742
1818
1813
1856
1856
2096
1963
1947
1923
2005
2015
2026
2043
2071
2064
2258
2115
2114
2116
2149
2202
2167
2255
2189
2191
2192
2192
2177
2206
2215
2219
2245
2166
2225
2271
10000
2147
2013
1873
1771
1676
1594
1530
1445
1405
1315
1294
1250
1185
1168
1110
1076
1056
998
976
976
944
913
892
882
842
848
824
816
810
795
752
777
784
720
672
696
686
676
657
642
657
643
656
630
616
452
618
617
583
583
10000
546
705
832
944
1045
1152
1248
1312
1379
1461
1498
1535
1616
1730
1712
1727
1776
1817
1840
1881
1904
1936
1931
2130
1987
1999
2021
2055
2064
2291
2089
2111
2114
2127
2147
2149
2158
2159
2170
2190
2203
2211
2206
2201
2209
2207
2234
2238
2241
2262
10000
2135
2015
1882
1784
1697
1616
1535
1445
1392
1328
1286
1232
1188
1141
1105
1062
1040
986
976
961
956
908
902
874
875
848
836
816
800
821
768
774
756
732
728
720
704
685
677
666
649
778
642
624
618
608
608
602
595
608
10000
536
700
814
956
1199
1134
1206
1289
1284
1456
1495
1562
1633
1649
1718
1687
1771
1799
1835
1885
1901
1907
1962
2060
1968
2022
2029
2039
2090
2086
2103
2109
2111
2115
2134
2143
2162
2175
2160
2194
2199
2193
2210
2235
2224
2223
2224
2267
2241
2251
10000
2147
2007
1879
1778
1682
1587
1619
1450
1392
1344
1280
1246
1188
1162
1115
1085
1066
1022
1132
961
928
976
838
890
849
848
818
791
779
721
768
738
740
720
710
705
688
678
684
653
650
656
632
642
608
600
617
598
596
608
10000
546
704
838
933
1028
1136
1232
1300
1378
1495
1504
1568
1601
1669
1700
1739
1763
1798
1895
1809
1920
1923
1933
1953
1975
2000
2032
2021
2063
2073
2098
2116
2112
2135
2143
2157
2056
2173
2191
2205
2195
2192
2205
2219
2218
2237
2241
2245
2234
2243
10000
2163
2012
1915
1788
1690
1596
1535
1432
1433
1345
1295
1235
1037
1152
1200
1148
1034
1008
1154
952
928
923
891
950
834
856
816
814
740
784
781
751
728
719
812
708
688
656
673
723
672
634
587
624
576
626
603
604
586
589
10000
544
714
832
944
1043
1129
1220
1295
1363
1424
1489
1569
1597
1643
1701
1744
1780
1821
1824
1872
1890
1904
1981
1978
1979
2013
2031
2032
2063
2073
2109
2125
2115
2115
2150
2160
2147
2158
2187
2183
2201
2190
2203
2130
2222
2230
2240
2243
2225
2223
10000
2160
2026
1872
1788
1694
1598
1505
1520
1394
1360
1294
1261
1170
1156
1104
1072
1033
1018
976
968
944
929
954
870
857
846
840
801
798
778
780
741
736
731
720
680
704
752
678
728
653
645
656
625
624
618
600
592
586
578
10000
545
710
853
931
1042
1152
1220
1318
1361
1440
1498
1535
1585
1659
1680
1719
1766
1821
1849
1867
1886
1898
1942
1971
1984
2006
2016
2039
2043
2071
2083
2093
2109
2115
2124
2139
2160
2165
2171
2189
2191
2224
2185
2239
2239
2215
2223
2250
2243
2258
10000
2151
2004
1874
1767
1696
1600
1535
1438
1424
1325
1280
1256
1181
1121
1108
1072
1040
1000
1040
985
916
854
888
880
846
833
810
812
802
754
768
750
737
733
778
712
681
688
686
672
656
640
630
624
618
616
610
581
582
544
10000
545
720
826
923
1040
1128
1216
1282
1364
1440
1496
1535
1612
1651
1703
1724
1780
1808
1838
1932
1883
1913
1961
1968
1963
2129
2022
2081
2058
2064
2079
2083
2125
2117
2133
2145
2165
2171
2171
2189
2179
2189
2227
2207
2217
2209
2231
2239
2241
2231
10000
2137
1987
1869
1776
1674
1535
1514
1462
1392
1325
1296
1264
1120
1164
1116
1082
1051
1018
989
966
940
912
897
872
848
848
824
794
800
782
756
757
736
732
720
704
672
684
660
656
668
656
634
624
626
608
608
608
588
618
10000
546
704
848
946
1030
1136
1200
1298
1353
1458
1484
1535
1601
1655
1671
1722
1763
1855
1821
1867
1879
1975
1934
1952
1979
2015
2083
2026
2063
2067
2091
2090
2114
2107
2117
2139
2227
2139
2167
2171
2173
2227
2191
2207
2213
2217
2225
1951
2227
2235
10000
2135
2002
1872
1749
1694
1591
1518
1456
1382
1330
1434
1250
1176
1141
1104
1072
1034
1008
978
961
937
928
897
1046
864
851
816
806
774
768
754
705
750
742
694
704
688
680
688
656
640
653
650
640
610
600
616
598
661
594
10000
560
723
832
939
1014
1138
1241
1296
1367
1535
1484
1526
1596
1648
1679
1733
1770
1792
1831
1869
1890
1930
1953
1971
1986
1876
2026
2039
2039
2064
2095
2111
2119
2139
2142
2149
2167
2159
2189
2183
2179
2242
2191
2195
2205
2222
2227
2226
2231
2223
10000
2160
1989
1898
1750
1684
1600
1512
1460
1392
1328
1280
1286
1194
1160
1126
1080
1052
1017
974
992
948
888
909
880
859
866
832
816
789
782
764
748
730
722
708
699
690
620
682
663
656
652
622
540
627
624
616
600
600
580
10000
544
712
841
941
1035
1133
1201
1298
1390
1515
1495
1535
1429
1645
1712
1738
1776
1786
1833
1866
1878
1905
1936
1979
2073
2003
2027
2023
2065
2077
2095
2093
2161
2141
2125
2143
2138
2181
2151
2175
2189
2203
2041
2210
2208
2235
2231
2231
2241
2259
10000
2166
2010
1886
1781
1671
1606
1535
1449
1387
1344
1280
1233
1111
1131
1124
1078
1042
1021
976
948
920
929
912
880
851
858
816
806
778
789
770
761
742
724
718
684
709
694
672
656
662
656
624
629
608
625
609
601
556
584
10000
536
714
822
932
1296
1136
1232
1302
1511
1408
1489
1627
1594
1641
1680
1728
1785
1881
1808
1871
1894
1929
1935
1967
1989
2000
2019
2058
2045
2063
2096
2103
2131
2143
2127
2145
2177
2169
2177
2256
2199
2197
2207
2177
2198
2227
2226
2234
2228
2239
10000
2141
1990
1872
1773
1675
1600
1535
1465
1397
1354
1286
1237
1182
1148
1116
1084
1068
1002
988
964
954
910
888
952
871
832
806
813
801
784
768
758
740
656
722
704
699
680
688
618
665
659
626
624
601
618
610
586
608
592
10000
549
720
848
944
1037
1196
1233
1309
1379
1456
1489
1553
1594
1666
1689
1744
1800
1799
1839
1836
1887
1915
1933
1978
1993
2003
2027
2015
2158
2073
2096
2105
2114
2112
2142
2047
2151
2173
2173
2165
2195
2265
2191
2199
2219
2207
2226
2238
2202
2253
10000
2143
1994
1871
1771
1694
1585
1509
1441
1392
1329
1264
1233
1200
1145
1104
1078
1046
1021
984
960
938
918
889
867
846
845
816
806
784
778
760
768
741
736
720
708
705
688
670
656
666
640
643
624
608
616
584
485
570
580
10000
528
704
813
946
1054
1120
1198
1306
1365
1498
1468
1535
1590
1622
1687
1730
1794
1810
1827
1870
1879
1909
1943
1962
2000
2007
2029
2042
2047
2064
2081
2096
2131
2093
2128
2107
2150
2160
2175
2169
2182
2183
2189
2203
2277
2225
2224
2243
2225
2241
10000
2147
2014
1875
1770
1695
1580
1520
1447
1392
1337
1246
1232
1205
1165
1097
1072
1056
1008
980
956
946
898
888
868
866
832
824
805
796
784
752
760
721
725
717
706
706
675
661
674
644
626
616
624
620
612
608
608
579
572
10000
496
718
834
928
1040
1152
1213
1305
1374
1425
1525
1535
1605
1648
1694
1728
1757
1745
1811
1855
1877
1925
1933
1947
1982
2067
2007
2033
2020
2059
2090
2101
2101
2119
2095
2125
2171
2137
2161
2179
2179
2171
2209
2203
2207
2210
2161
2235
2224
2283
10000
2160
2003
1872
1771
1567
1581
1519
1428
1391
1328
1267
1222
1185
1138
1088
1061
1032
992
993
950
944
913
900
888
850
1008
816
821
809
784
787
861
736
745
726
720
688
800
680
678
668
636
648
522
624
602
608
608
584
584
10000
556
720
828
944
1008
1143
1216
1309
1352
1456
1486
1535
1561
1591
1695
1707
1761
1793
1834
1857
1891
1909
1939
1947
2001
1990
2013
2005
2043
2063
2086
2096
2119
2111
2135
2139
2133
2090
2165
2160
2175
2138
2214
2189
2179
2215
2220
2235
2395
2253
10000
2128
2006
1878
1754
1669
1575
1520
1471
1391
1338
1280
1234
1179
1154
1122
1085
1040
1018
976
977
932
923
906
873
858
912
816
821
786
702
755
730
736
688
712
697
705
696
674
676
659
644
640
620
624
608
624
606
602
587
10000
565
696
832
932
1045
1136
1238
1296
1376
1425
1504
1535
1600
1655
1699
1737
1745
1794
1471
1857
1847
1921
1955
1948
1984
1991
2013
1944
2029
2192
2071
2129
2191
2119
2128
2113
2160
2235
2151
2182
2183
2186
2195
2213
2201
2214
2224
2250
2293
2271
10000
2135
2001
1872
1751
1669
1601
1515
1429
1445
1330
1280
1232
1200
1145
1130
1083
1037
1008
960
965
942
862
904
880
875
842
851
830
801
794
773
753
732
752
729
709
684
697
666
672
668
656
628
633
640
613
624
584
588
592
10000
530
688
818
914
1105
1120
1206
1296
1359
1424
1497
1527
1598
1697
1722
1721
1767
1790
1823
1854
1874
1904
1929
1955
1957
1965
2011
2047
2038
2064
2087
2086
2085
2107
2117
2131
2160
2074
2158
2194
2175
2160
2195
2271
2193
2204
2047
2223
2213
2224
10000
2128
1971
1883
1776
1746
1588
1495
1461
1389
1322
1280
1240
1168
1152
1124
1091
1040
1008
977
960
944
911
664
905
874
816
833
820
814
784
756
752
752
720
720
705
701
681
674
672
667
646
625
644
617
608
608
604
592
586
10000
555
726
816
941
1034
1136
1238
1305
1369
1434
1488
1525
1598
1621
1671
1722
1751
1786
1831
1870
1872
1893
1926
1943
1969
1995
2001
2013
2061
2063
2071
2096
2109
2130
2064
2160
2147
2158
2187
2159
2174
2175
2186
2191
2217
2203
2224
2203
2210
2303
10000
2135
1984
1887
1767
1697
1599
1517
1437
1396
1336
1280
1234
1193
1137
1340
1074
1034
1004
966
960
946
816
896
870
874
848
836
801
784
784
816
761
753
732
720
706
704
688
647
664
666
664
640
640
625
634
593
657
562
597
10000
548
704
533
928
1037
1128
1243
