3665
3659
3711
3739
3691
3687
3685
3711
3679
3679
3703
3691
3666
3679
3667
3675
3703
3711
3679
3743
3711
3695
3671
3693
3687
3707
3697
3702
3655
3687
3675
3695
3699
3633
3719
3695
3687
3711
3695
3711
3725
3678
3711
3695
3719
3729
10000
322
64
32
24
16
0
4
0
0
0
0
0
0
0
0
0
0
0
0
0
0
0
0
0
0
0
0
0
0
0
0
0
0
0
0
0
0
0
0
0
0
0
0
0
0
0
0
0
0
0
10000
0
2551
3539
3701
3687
3683
3675
3679
3671
3639
3647
3679
3679
3651
3711
3731
3671
3711
3665
3697
3727
3707
3691
3679
3687
3665
3699
3695
3671
3671
3654
3727
3703
3697
3711
3735
3679
3695
3695
3711
3701
3655
3695
3707
3695
3719
3729
3643
3719
3679
10000
304
64
0
33
16
2
0
0
0
0
0
0
0
0
0
0
0
0
0
0
0
0
0
0
0
0
0
0
0
0
0
0
0
0
0
0
0
0
0
0
0
0
0
0
0
0
0
0
0
0
10000
0
2544
3567
3683
3663
3703
3663
3665
3663
3571
3639
3695
3703
3667
3711
3667
3695
3695
3697
3695
3711
3679
3679
3727
3683
3687
3671
3711
3711
3679
3695
3735
3703
3655
3687
3759
3727
3719
3707
3727
3695
3691
3699
3707
3687
3703
3699
3655
3679
3679
10000
321
66
32
40
16
0
0
0
0
0
0
0
0
0
0
0
0
0
0
0
0
0
0
0
0
0
0
0
0
0
0
0
0
0
0
0
0
0
0
0
0
0
0
0
0
0
0
0
0
0
10000
0
2551
3579
3665
3699
3691
3679
3678
3711
3707
3655
3659
3687
3647
3711
3663
3693
3695
3696
3639
3687
3691
3695
3698
3703
3707
3695
3711
3701
3667
3687
3727
3703
3659
3683
3675
3671
3695
3697
3699
3667
3695
3685
3711
3659
3679
3631
3687
3727
3703
10000
291
48
40
19
0
0
0
0
0
0
0
0
0
0
0
0
0
0
0
0
0
0
0
0
0
0
0
0
0
0
0
0
0
0
0
0
0
0
0
0
0
0
0
0
0
0
0
0
0
0
10000
0
2527
3569
3687
3663
3711
3661
3664
3655
3727
3671
3699
3639
3679
3643
3695
3687
3695
3667
3669
3695
3686
3687
3671
3647
3695
3671
3663
3667
3697
3655
3711
3679
3677
3683
3643
3663
3697
3679
3699
3723
3691
3694
3695
3791
3697
3667
3695
3671
3699
10000
312
90
16
16
0
0
6
0
0
0
0
0
0
0
0
0
0
0
0
0
0
0
0
0
0
0
0
0
0
0
0
0
0
0
0
0
0
0
0
0
0
0
0
0
0
0
0
0
0
0
10000
0
2525
3567
3607
3685
3663
3697
3687
3663
3667
3707
3691
3703
3679
3703
3687
3719
3711
3703
3659
3667
3707
3711
3703
3687
3679
3729
3687
3663
3729
3731
3683
3661
3703
3707
3691
3709
3703
3711
3687
3711
3709
3697
3647
3695
3730
3699
3675
3710
3735
10000
320
76
48
40
16
0
0
0
0
0
0
0
0
0
0
0
0
0
0
0
0
0
0
0
0
0
0
0
0
0
0
0
0
0
0
0
0
0
0
0
0
0
0
0
0
0
0
0
0
0
10000
0
2559
3607
3671
3695
3671
3667
3699
3735
3667
3701
3655
3659
3731
3667
3703
3711
3703
3661
3709
3661
3659
3691
3695
3703
3679
3663
3671
3679
3695
3671
3697
3679
3707
3729
3695
3667
3711
3695
3695
3707
3671
3723
3630
3719
3751
3727
3671
3693
3687
10000
320
66
64
32
16
0
0
0
0
0
0
0
0
0
0
0
0
0
0
0
0
0
0
0
0
0
0
0
0
0
0
0
0
0
0
0
0
0
0
0
0
0
0
0
0
0
0
0
0
0
10000
0
2531
3613
3687
3671
3691
3675
3639
3727
3655
3667
3711
3703
3671
3723
3703
3679
3678
3687
3695
3683
3679
3691
3697
3711
3683
3703
3703
3699
3687
3694
3687
3699
3655
3663
3687
3719
3695
3687
3743
3701
3679
3707
3733
3695
3693
3711
3679
3679
3687
10000
342
57
41
32
0
0
0
0
0
0
0
0
0
0
0
0
0
0
0
0
0
0
0
0
0
0
0
0
0
0
0
0
0
0
0
0
0
0
0
0
0
0
0
0
0
0
0
0
0
0
10000
0
2559
3615
3679
3679
3697
3685
3671
3707
3687
3663
3659
3687
3711
3695
3679
3697
3679
3687
3679
3701
3703
3707
3694
3719
3663
3679
3691
3675
3695
3671
3679
3671
3639
3691
3697
3711
3711
3697
3699
3667
3687
3699
3730
3855
3687
3703
3695
3727
3659
10000
309
67
73
24
4
0
0
0
0
0
0
0
0
0
0
0
0
0
0
0
0
0
0
0
0
0
0
0
0
0
0
0
0
0
0
0
0
0
0
0
0
0
0
0
0
0
0
0
0
0
10000
0
2559
3575
3645
3607
3667
3671
3679
3695
3711
3686
3695
3697
3683
3663
3703
3667
3695
3702
3687
3699
3699
3647
3723
3667
3711
3719
3699
3679
3687
3691
3667
3711
3671
3695
3691
3667
3703
3695
3675
3711
3709
3698
3729
3679
3693
3727
3687
3699
3711
10000
288
82
16
18
18
0
0
0
0
0
0
0
0
0
0
0
0
0
0
0
0
0
0
0
0
0
0
0
0
0
0
0
0
0
0
0
0
0
0
0
0
0
0
0
0
0
0
0
0
0
10000
0
2559
3615
3723
3699
3697
3671
3687
3655
3647
3687
3695
3695
3663
3695
3639
3647
3663
3687
3661
3653
3685
3671
3695
3701
3687
3711
3695
3735
3701
3703
3695
3703
3647
3679
3683
3719
3703
3677
3699
3687
3695
3707
3719
3647
3647
3723
3691
3710
3669
10000
312
42
64
20
0
0
0
0
0
0
0
0
0
0
0
0
0
0
0
0
0
0
0
0
0
0
0
0
0
0
0
0
0
0
0
0
0
0
0
0
0
0
0
0
0
0
0
0
0
0
10000
0
2523
3627
3663
3691
3631
3675
3719
3687
3683
3683
3707
3665
3687
3691
3711
3679
3663
3615
3671
3671
3711
3727
3647
3703
3675
3679
3711
3623
3665
3679
3729
3711
3677
3699
3695
3679
3735
3695
3663
3703
3725
3703
3719
3663
3695
3671
3719
3729
3679
10000
278
98
44
16
5
5
12
0
0
0
0
0
0
0
0
0
0
0
0
0
0
0
0
0
0
0
0
0
0
0
0
0
0
0
0
0
0
0
0
0
0
0
0
0
0
0
0
0
0
0
10000
0
2559
3575
3639
3667
3707
3695
3687
3655
3727
3711
3691
3679
3647
3691
3735
3663
3667
3711
3679
3687
3711
3707
3711
3679
3695
3685
3647
3711
3675
3645
3711
3663
3743
3663
3663
3723
3723
3711
3703
3691
3701
3635
3702
3685
3729
3667
3725
3799
3679
10000
288
68
24
64
2
9
0
0
0
0
0
0
0
0
0
0
0
0
0
0
0
0
0
0
0
0
0
0
0
0
0
0
0
0
0
0
0
0
0
0
0
0
0
0
0
0
0
0
0
0
10000
0
2543
3575
3663
3663
3699
3647
3639
3627
3703
3719
3703
3707
3695
3679
3687
3679
3686
3695
3711
3677
3695
3703
3671
3675
3671
3679
3679
3711
3679
3727
3607
3703
3663
3683
3687
3743
3711
3679
3671
3671
3711
3719
3683
3735
3771
3667
3665
3743
3697
10000
300
72
56
10
16
0
0
5
0
0
0
0
0
0
0
0
0
0
0
0
0
0
0
0
0
0
0
0
0
0
0
0
0
0
0
0
0
0
0
0
0
0
0
0
0
0
0
0
0
0
10000
0
2550
3551
3637
3695
3633
3699
3678
3655
3671
3647
3669
3663
3687
3697
3647
3659
3711
3683
3679
3699
3691
3710
3669
3699
3703
3655
3679
3669
3691
3695
3711
3687
3679
3679
3711
3695
3679
3697
3727
3651
3695
3695
3647
3703
3697
3711
3711
3691
3703
10000
310
64
40
24
16
0
0
0
0
0
0
0
0
0
0
0
0
0
0
0
0
0
0
0
0
0
0
0
0
0
0
0
0
0
0
0
0
0
0
0
0
0
0
0
0
0
0
0
0
0
10000
0
2559
3615
3663
3655
3679
3687
3703
3647
3675
3661
3695
3647
3730
3663
3699
3694
3727
3677
3686
3679
3675
3695
3695
3671
3694
3699
3695
3711
3679
3697
3691
3691
3695
3671
3699
3707
3679
3695
3667
3723
3691
3655
3709
3665
3719
3727
3699
3695
3687
10000
329
38
40
16
0
4
0
0
0
0
0
0
0
0
0
0
0
0
0
0
0
0
0
0
0
0
0
0
0
0
0
0
0
0
0
0
0
0
0
0
0
0
0
0
0
0
0
0
0
0
10000
0
2559
3575
3667
3683
3679
3639
3679
3631
3633
3647
3687
3647
3663
3679
3631
3697
3719
3723
3655
3707
3679
3793
3711
3655
3518
3703
3695
3615
3687
3663
3703
3671
3729
3743
3711
3647
3735
3711
3695
3711
3711
3697
3633
3687
3698
3719
3695
3727
3671
10000
296
80
26
33
20
0
0
0
0
0
0
0
0
0
0
0
0
0
0
0
0
0
0
0
0
0
0
0
0
0
0
0
0
0
0
0
0
0
0
0
0
0
0
0
0
0
0
0
0
0
10000
0
2543
3569
3663
3655
3661
3663
3727
3703
3647
3679
3675
3663
3731
3699
3687
3663
3671
3691
3694
3655
3679
3665
3747
3631
3729
3711
3719
3671
3711
3663
3671
3667
3703
3719
3631
3647
3671
3759
3669
3651
3711
3711
3711
3679
3686
3703
3699
3703
3699
10000
346
50
90
36
0
2
0
2
0
0
0
0
0
0
0
0
0
0
0
0
0
0
0
0
0
0
0
0
0
0
0
0
0
0
0
0
0
0
0
0
0
0
0
0
0
0
0
0
0
0
10000
0
2559
3569
3697
3695
3678
3667
3661
3655
3687
3631
3691
3679
3665
3679
3710
3679
3697
3711
3639
3707
3683
3711
3687
3671
3663
3727
3659
3675
3679
3675
3679
3697
3757
3703
3707
3729
3767
3759
3683
3711
3671
3671
3775
3659
3695
3671
3719
3710
3735
10000
288
64
32
40
9
16
24
0
0
0
0
0
0
0
0
0
0
0
0
0
0
0
0
0
0
0
0
0
0
0
0
0
0
0
0
0
0
0
0
0
0
0
0
0
0
0
0
0
0
0
10000
0
2507
3547
3678
3711
3711
3659
3735
3655
3729
3703
3639
3683
3663
3655
3659
3687
3631
3679
3707
3647
3707
3655
3727
3687
3707
3719
3685
3728
3711
3695
3739
3647
3575
3707
3695
3707
3711
3663
3711
3703
3719
3685
3677
3679
3695
3687
3699
3647
3655
10000
304
70
48
37
4
0
0
0
0
0
0
0
0
0
0
0
0
0
0
0
0
0
0
0
0
0
0
0
0
0
0
0
0
0
0
0
0
0
0
0
0
0
0
0
0
0
0
0
0
0
10000
0
2550
3551
3661
3665
3667
3677
3651
3655
3733
3671
3670
3665
3679
3697
3687
3665
3679
3711
3699
3711
3711
3707
3679
3694
3711
3697
3695
3735
3679
3679
3695
3653
3678
3679
3719
3671
3695
3709
3729
3703
3699
3669
3719
3699
3719
3695
3679
3683
3727
10000
352
64
40
16
16
0
0
0
0
0
0
0
0
0
0
0
0
0
0
0
0
0
0
0
0
0
0
0
0
0
0
0
0
0
0
0
0
0
0
0
0
0
0
0
0
0
0
0
0
0
10000
0
2549
3583
3671
3687
3695
3671
3701
3665
3703
3687
3671
3695
3685
3687
3699
3693
3687
3679
3665
3735
3695
3647
3643
3695
3679
3679
3711
3699
3702
3687
3743
3703
3711
3691
3695
3675
3691
3691
3695
3695
3723
3687
3651
3703
3703
3691
3729
3707
3659
10000
324
41
48
16
20
8
0
0
0
0
0
0
0
0
0
0
0
0
0
0
0
0
0
0
0
0
0
0
0
0
0
0
0
0
0
0
0
0
0
0
0
0
0
0
0
0
0
0
0
0
10000
0
2559
3583
3633
3679
3667
3695
3679
3679
3659
3659
3679
3698
3653
3665
3687
3719
3703
3703
3647
3663
3653
3693
3679
3663
3695
3711
3727
3679
3719
3711
3647
3703
3695
3719
3703
3711
3687
3699
3687
3695
3727
3678
3687
3727
3703
3663
3727
3719
3695
10000
344
64
56
18
24
0
0
0
0
0
0
0
0
0
0
0
0
0
0
0
0
0
0
0
0
0
0
0
0
0
0
0
0
0
0
0
0
0
0
0
0
0
0
0
0
0
0
0
0
0
10000
0
2507
3567
3669
3647
3663
3655
3647
3665
3711
3659
3687
3687
3711
3663
3683
3667
3691
3667
3675
3655
3703
3691
3707
3671
3679
3671
3691
3695
3715
3698
3679
3687
3691
3711
3677
3711
3703
3671
3695
3679
3685
3723
3699
3719
3687
3709
3697
3679
3711
10000
324
80
48
32
8
0
0
0
0
0
0
0
0
0
0
0
0
0
0
0
0
0
0
0
0
0
0
0
0
0
0
0
0
0
0
0
0
0
0
0
0
0
0
0
0
0
0
0
0
0
10000
0
2523
3567
3671
3671
3647
3647
3675
3791
3611
3695
3663
3679
3667
3679
3697
3663
3699
3679
3730
3663
3711
3695
3671
3687
3703
3711
3679
3675
3719
3719
3671
3677
3679
3669
3707
3711
3711
3667
3727
3699
3711
3711
3679
3703
3711
3647
3679
3727
3687
10000
336
52
64
16
8
0
0
0
0
0
0
0
0
0
0
0
0
0
0
0
0
0
0
0
0
0
0
0
0
0
0
0
0
0
0
0
0
0
0
0
0
0
0
0
0
0
0
0
0
0
10000
0
2540
3583
3669
3687
3695
3703
3707
3659
3647
3679
3687
3711
3675
3711
3683
3653
3671
3687
3679
3677
3679
3693
3687
3695
3687
3695
3679
3679
3679
3728
3711
3685
3695
3711
3698
3719
3711
3743
3707
3695
3711
3735
3711
3695
3697
3695
3699
3711
3661
10000
338
64
38
16
0
0
0
0
0
0
0
0
0
0
0
0
0
0
0
0
0
0
0
0
0
0
0
0
0
0
0
0
0
0
0
0
0
0
0
0
0
0
0
0
0
0
0
0
0
0
10000
0
2538
3570
3647
3663
3667
3683
3659
3663
3679
3679
3667
3701
3667
3691
3727
3691
3675
3639
3687
3693
3693
3695
3719
3687
3671
3695
3687
3687
3687
3711
3679
3709
3719
3697
3711
3735
3667
3663
3719
3711
3699
3731
3697
3729
3727
3679
3733
3765
3679
10000
365
72
32
40
48
0
0
0
0
0
0
0
0
0
0
0
0
0
0
0
0
0
0
0
0
0
0
0
0
0
0
0
0
0
0
0
0
0
0
0
0
0
0
0
0
0
0
0
0
0
10000
0
2555
3583
3663
3655
3671
3687
3685
3685
3703
3675
3701
3667
3675
3727
3687
3695
3683
3695
3695
3695
3711
3719
3711
3711
3665
3664
3723
3725
3703
3687
3697
3691
3679
3698
3730
3691
3687
3639
3665
3671
3687
3711
3731
3703
3711
3693
3735
3719
3695
10000
352
64
24
40
0
16
0
0
0
0
0
0
0
0
0
0
0
0
0
0
0
0
0
0
0
0
0
0
0
0
0
0
0
0
0
0
0
0
0
0
0
0
0
0
0
0
0
0
0
0
10000
0
2513
3551
3687
3659
3671
3663
3679
3679
3695
3687
3679
3675
3679
3691
3687
3703
3695
3622
3723
3675
3695
3694
3687
3703
3671
3687
3711
3677
3711
3679
3695
3695
3655
3671
3694
3687
3709
3679
3711
3727
3695
3683
3667
3697
3699
3703
3691
3675
3693
10000
336
68
27
35
16
0
16
0
0
0
0
0
0
0
0
0
0
0
0
0
0
0
0
0
0
0
0
0
0
0
0
0
0
0
0
0
0
0
0
0
0
0
0
0
0
0
0
0
0
0
10000
0
2535
3583
3631
3651
3675
3667
3679
3671
3711
3695
3695
3678
3677
3675
3671
3651
3685
3665
3679
3695
3699
3679
3695
3695
3695
3695
3679
3679
3703
3671
3695
3699
3727
3711
3695
3695
3719
3711
3671
3701
3663
3697
3687
3675
3703
3671
3723
3727
3683
10000
352
96
64
20
0
0
0
0
0
0
0
0
0
0
0
0
0
0
0
0
0
0
0
0
0
0
0
0
0
0
0
0
0
0
0
0
0
0
0
0
0
0
0
0
0
0
0
0
0
0
10000
0
2542
3563
3687
3655
3679
3671
3667
3695
3667
3679
3691
3703
3663
3703
3699
3654
3703
3695
3679
3685
3663
3698
3678
3727
3687
3697
3695
3675
3697
3707
3685
3687
3663
3691
3719
3691
3687
3651
3687
3675
3691
3647
3703
3691
3707
3667
3719
3679
3723
10000
356
42
52
18
4
0
6
0
0
0
0
0
0
0
0
0
0
0
0
0
0
0
0
0
0
0
0
0
0
0
0
0
0
0
0
0
0
0
0
0
0
0
0
0
0
0
0
0
0
0
10000
0
2519
3563
3671
3697
3675
3647
3669
3663
3651
3647
3679
3679
3683
3711
3663
3665
3711
3699
3719
3727
3729
3719
3655
3667
3643
3699
3697
3699
3711
3697
3678
3679
3719
3671
3711
3699
3695
3711
3755
3699
3679
3663
3687
3695
3691
3679
3691
3665
3725
10000
336
64
46
16
16
0
0
0
0
0
0
0
0
0
0
0
0
0
0
0
0
0
0
0
0
0
0
0
0
0
0
0
0
0
0
0
0
0
0
0
0
0
0
0
0
0
0
0
0
0
10000
0
2501
3537
3678
3695
3663
3695
3679
3655
3675
3687
3691
3653
3695
3647
3701
3678
3691
3635
3695
3687
3671
3679
3711
3703
3671
3761
3671
3735
3647
3699
3723
3679
3671
3709
3731
3687
3659
3711
3709
3679
3611
3687
3711
3711
3719
3699
3659
3719
3685
10000
342
76
36
32
0
0
0
0
0
0
0
0
0
0
0
0
0
0
0
0
0
0
0
0
0
0
0
0
0
0
0
0
0
0
0
0
0
0
0
0
0
0
0
0
0
0
0
0
0
0
10000
0
2515
3571
3665
3699
3664
3687
3695
3655
3717
3655
3683
3719
3647
3695
3695
3695
3679
3691
3675
3687
3695
3711
3663
3711
3698
3711
3699
3697
3695
3575
3687
3663
3655
3727
3707
3698
3651
3695
3711
3711
3711
3675
3697
3711
3679
3711
3679
3711
3697
10000
352
52
40
22
36
0
4
0
0
0
0
0
0
0
0
0
0
0
0
0
0
0
0
0
0
0
0
0
0
0
0
0
0
0
0
0
0
0
0
0
0
0
0
0
0
0
0
0
0
0
10000
0
2531
3547
3663
3669
3671
3675
3699
3663
3697
3675
3665
3679
3696
3701
3667
3671
3671
3693
3687
3719
3666
3711
3711
3711
3725
3687
3687
3675
3729
3707
3665
3727
3703
3719
3727
3703
3707
3687
3665
3695
3719
3699
3703
3701
3695
3697
3687
3667
3691
10000
338
96
43
48
16
0
0
0
0
0
0
0
0
0
0
0
0
0
0
0
0
0
0
0
0
0
0
0
0
0
0
0
0
0
0
0
0
0
0
0
0
0
0
0
0
0
0
0
0
0
10000
0
2517
3567
3679
3727
3647
3687
3679
3695
3667
3667
3703
3683
3659
3711
3647
3698
3679
3667
3695
3711
3695
3711
3703
3699
3686
3693
3699
3711
3703
3667
3671
3699
3679
3735
3728
3727
3697
3727
3723
3711
3693
3701
3711
3723
3727
3679
3719
3639
3727
10000
346
84
36
40
18
0
0
0
0
0
0
0
0
0
0
0
0
0
0
0
0
0
0
0
0
0
0
0
0
0
0
0
0
0
0
0
0
0
0
0
0
0
0
0
0
0
0
0
0
0
10000
0
2515
3563
3660
3683
3665
3695
3699
3675
3679
3679
3678
3703
3685
3699
3665
3703
3711
3703
3679
3695
3679
3703
3679
3703
3699
3703
3703
3711
3687
3691
3671
3703
3667
3687
3679
3675
3679
3723
3695
3743
3699
3679
3697
3679
3727
3711
3707
3695
3719
10000
358
50
56
16
0
13
0
0
0
0
0
0
0
0
0
0
0
0
0
0
0
0
0
0
0
0
0
0
0
0
0
0
0
0
0
0
0
0
0
0
0
0
0
0
0
0
0
0
0
0
10000
0
2499
3571
3663
3647
3647
3675
3671
3663
3667
3671
3666
3695
3655
3647
3687
3703
3707
3691
3691
3687
3695
3697
3691
3694
3687
3671
3667
3725
3663
3711
3693
3711
3711
3695
3663
3631
3691
3695
3663
3695
3703
3694
3679
3695
3679
3695
3687
3699
3703
10000
352
72
64
22
12
0
8
0
0
0
0
0
0
0
0
0
0
0
0
0
0
0
0
0
0
0
0
0
0
0
0
0
0
0
0
0
0
0
0
0
0
0
0
0
0
0
0
0
0
0
10000
0
2480
3567
3679
3671
3695
3703
3671
3659
3665
3659
3651
3647
3671
3679
3655
3661
3671
3686
3695
3679
3658
3719
3699
3711
3683
3627
3639
3711
3675
3655
3691
3729
3707
3731
3687
3687
3729
3655
3711
3719
3679
3697
3671
3695
3711
3695
3663
3659
3727
10000
370
82
64
16
0
0
20
0
0
0
0
0
0
0
0
0
0
0
0
0
0
0
0
0
0
0
0
0
0
0
0
0
0
0
0
0
0
0
0
0
0
0
0
0
0
0
0
0
0
0
10000
0
2491
3575
3671
3697
3647
3711
3731
3691
3711
3671
3663
3755
3655
3759
3731
3719
3727
3679
3679
3679
3679
3679
3711
3647
3711
3663
3711
3679
3723
3667
3743
3707
3645
3727
3725
3711
3727
3699
3729
3751
3719
3723
3699
3647
3743
3667
3725
3551
3727
10000
376
96
68
56
0
4
8
0
0
0
0
0
0
0
0
0
0
0
0
0
0
0
0
0
0
0
0
0
0
0
0
0
0
0
0
0
0
0
0
0
0
0
0
0
0
0
0
0
0
0
10000
0
2515
3539
3695
3679
3667
3663
3723
3635
3711
3727
3655
3723
3647
3687
3711
3695
3735
3675
3679
3719
3651
3751
3699
3683
3695
3647
3739
3661
3727
3687
3659
3719
3643
3647
3735
3719
3663
3667
3711
3699
3687
3667
3743
3695
3697
3695
3711
3723
3743
10000
349
64
88
24
0
0
0
0
0
0
0
0
0
0
0
0
0
0
0
0
0
0
0
0
0
0
0
0
0
0
0
0
0
0
0
0
0
0
0
0
0
0
0
0
0
0
0
0
0
0
10000
0
2509
3511
3633
3695
3703
3751
3697
3711
3735
3695
3667
3663
3743
3735
3677
3671
3686
3655
3711
3677
3627
3727
3697
3703
3647
3667
3639
3703
3679
3725
3759
3703
3710
3729
3679
3703
3759
3703
3671
3679
3727
3727
3711
3663
3731
3695
3719
3719
3733
10000
348
73
42
0
36
48
0
0
0
0
0
0
0
0
0
0
0
0
0
0
0
0
0
0
0
0
0
0
0
0
0
0
0
0
0
0
0
0
0
0
0
0
0
0
0
0
0
0
0
0
10000
0
2483
3571
3615
3647
3683
3687
3683
3703
3691
3669
3677
3685
3637
3711
3659
3699
3655
3735
3711
3663
3707
3647
3723
3687
3663
3699
3695
3711
3691
3703
3702
3685
3695
3751
3751
3719
3727
3735
3634
3735
3631
3739
3695
3699
3739
3671
3697
3703
3719
10000
352
40
14
24
1
0
0
0
0
0
0
0
0
0
0
0
0
0
0
0
0
0
0
0
0
0
0
0
0
0
0
0
0
0
0
0
0
0
0
0
0
0
0
0
0
0
0
0
0
0
10000
0
2468
3583
3683
3711
3695
3633
3665
3671
3647
3671
3679
3663
3643
3671
3727
3697
3741
3679
3679
3623
3663
3679
3711
3679
3731
3687
3687
3677
3702
3679
3663
3701
3687
3670
3711
3647
3697
3663
3671
3691
3687
3767
3711
3683
3701
3707
3711
3647
3782
10000
340
80
48
32
0
1
0
16
0
0
0
0
0
0
0
0
0
0
0
0
0
0
0
0
0
0
0
0
0
0
0
0
0
0
0
0
0
0
0
0
0
0
0
0
0
0
0
0
0
0
10000
0
2503
3523
3607
3698
3639
3663
3675
3711
3665
3695
3723
3699
3687
3663
3645
3687
3679
3703
3635
3663
3731
3711
3731
3629
3703
3735
3663
3699
3683
3707
3696
3651
3679
3707
3697
3711
3663
3661
3693
3695
3678
3679
3735
3665
3709
3743
3679
3711
3653
10000
336
68
48
36
16
0
0
0
0
0
0
0
0
0
0
0
0
0
0
0
0
0
0
0
0
0
0
0
0
0
0
0
0
0
0
0
0
0
0
0
0
0
0
0
0
0
0
0
0
0
10000
0
2474
3569
3659
3679
3701
3671
3711
3675
3693
3665
3647
3707
3639
3691
3655
3759
3663
3671
3699
3699
3701
3703
3703
3711
3647
3659
3703
3663
3711
3711
3699
3703
3723
3703
3703
3698
3733
3687
3727
3679
3763
3711
3711
3711
3709
3695
3667
3651
3694
10000
340
24
0
20
40
38
0
0
0
0
0
0
0
0
0
0
0
0
0
0
0
0
0
0
0
0
0
0
0
0
0
0
0
0
0
0
0
0
0
0
0
0
0
0
0
0
0
0
0
0
10000
0
2503
3519
3683
3695
3679
3663
3687
3675
3654
3679
3703
3695
3695
3623
3667
3667
3655
3710
3695
3743
3697
3671
3687
3695
3699
3675
3723
3763
3675
3733
3699
3719
3693
3659
3807
3697
3651
3675
3663
3655
3687
3659
3815
3663
3679
3703
3666
3663
3719
10000
363
64
48
40
0
0
16
0
0
0
0
0
0
0
0
0
0
0
0
0
0
0
0
0
0
0
0
0
0
0
0
0
0
0
0
0
0
0
0
0
0
0
0
0
0
0
0
0
0
0
10000
0
2459
3519
3659
3665
3655
3711
3727
3659
3679
3663
3646
3671
3731
3653
3707
3663
3639
3679
3679
3669
3695
3679
3727
3670
3687
3765
3711
3655
3743
3683
3711
3691
3679
3687
3695
3763
3687
3703
3727
3651
3699
3727
3695
3699
3663
3711
3675
3731
3647
10000
341
64
26
32
32
32
2
0
0
0
0
0
0
0
0
0
0
0
0
0
0
0
0
0
0
0
0
0
0
0
0
0
0
0
0
0
0
0
0
0
0
0
0
0
0
0
0
0
0
0
10000
0
2485
3583
3667
3639
3663
3707
3711
3663
3659
3695
3675
3723
3679
3727
3703
3697
3679
3679
3707
3647
3743
3697
3699
3679
3677
3703
3679
3691
3679
3743
3679
3667
3659
3727
3679
3699
3687
3719
3687
3711
3743
3699
3703
3671
3729
3719
3743
3723
3697
10000
328
64
16
0
34
0
0
0
0
0
0
0
0
0
0
0
0
0
0
0
0
0
0
0
0
0
0
0
0
0
0
0
0
0
0
0
0
0
0
0
0
0
0
0
0
0
0
0
0
0
10000
0
2495
3619
3667
3839
3667
3699
3651
3669
3691
3639
3695
3743
3677
3695
3647
3687
3679
3679
3647
3687
3691
3711
3675
3695
3655
3683
3665
3679
3667
3654
3679
3723
3679
3679
3667
3675
3691
3679
3711
3675
3663
3691
3711
3667
3667
3709
3683
3787
3635
10000
358
64
48
36
16
0
0
0
0
0
0
0
0
0
0
0
0
0
0
0
0
0
0
0
0
0
0
0
0
0
0
0
0
0
0
0
0
0
0
0
0
0
0
0
0
0
0
0
0
0
10000
0
2546
3563
3669
3654
3694
3698
3635
3679
3671
3701
3667
3647
3695
3639
3695
3707
3671
3729
3667
3671
3693
3701
3711
3687
3695
3743
3697
3643
3639
3707
3775
3683
3727
3663
3634
3703
3647
3667
3647
3696
3759
3759
3691
3719
3731
3679
3695
3711
3699
10000
294
64
49
32
36
0
0
0
0
0
0
0
0
0
0
0
0
0
0
0
0
0
0
0
0
0
0
0
0
0
0
0
0
0
0
0
0
0
0
0
0
0
0
0
0
0
0
0
0
0
10000
0
2493
3615
3665
3691
3695
3667
3647
3679
3707
3711
3667
3635
3671
3707
3675
3678
3675
3695
3699
3703
3675
3727
3795
3703
3659
3647
3695
3659
3675
3629
3679
3711
3699
3687
3655
3711
3711
3703
3647
3711
3571
3733
3667
3663
3655
3735
3679
3661
3653
10000
369
80
0
24
32
0
0
0
0
0
0
0
0
0
0
0
0
0
0
0
0
0
0
0
0
0
0
0
0
0
0
0
0
0
0
0
0
0
0
0
0
0
0
0
0
0
0
0
0
0
10000
0
2479
3583
3655
3663
3699
3679
3699
3695
3675
3607
3793
3647
3723
3711
3730
3639
3727
3655
3647
3667
3683
3637
3671
3695
3691
3687
3675
3671
3679
3711
3727
3671
3731
3655
3699
3679
3739
3665
3711
3731
3701
3698
3711
3671
3711
3671
3729
3707
3683
10000
330
64
32
32
32
32
10
0
0
0
0
0
0
0
0
0
0
0
0
0
0
0
0
0
0
0
0
0
0
0
0
0
0
0
0
0
0
0
0
0
0
0
0
0
0
0
0
0
0
0
10000
0
2478
3555
3697
3659
3623
3583
3183
3455
3247
3231
3423
3439
3579
3295
3563
3567
3503
3551
3499
3391
3535
3515
3421
3423
3503
3519
3483
3505
3407
3239
3511
3455
3495
3495
3483
3367
3455
3399
3467
3261
3059
3215
3251
2743
3215
3315
3089
2623
2646
10000
540
556
325
168
112
88
20
48
16
0
16
0
0
0
0
0
0
2
0
0
0
0
0
0
0
0
0
0
0
0
0
0
0
0
0
0
0
0
0
0
0
0
0
0
0
0
0
0
0
0
10000
0
866
1334
1635
1869
1985
2431
2374
2243
2193
2081
2160
2228
2228
2255
2307
2288
2298
2349
2319
2293
2331
2220
2263
2283
2295
2273
2271
2256
2284
2287
2330
2331
2307
2305
2303
2345
2352
2271
2121
2119
2154
2113
2119
2175
2211
2188
2191
2237
2240
10000
1152
1098
848
722
718
652
592
550
569
457
470
434
409
409
368
372
336
336
344
296
301
192
240
256
265
240
194
236
232
193
217
176
216
180
176
192
172
170
164
176
130
172
144
144
132
112
72
112
128
120
10000
68
1082
1456
1703
1824
1891
1978
1991
2021
2027
2113
2193
2201
2195
2231
2246
2250
2225
2247
2225
2087
2179
2155
2175
2203
2199
2203
2229
2220
2193
2271
2298
2227
2278
2263
2298
2286
2319
2318
2323
2374
2370
2390
2366
2343
2384
2409
2429
2445
2411
10000
1010
1173
944
804
714
678
584
528
520
494
480
448
424
370
352
352
348
336
304
288
320
266
258
224
228
248
208
224
224
198
192
177
176
166
192
136
184
140
130
154
160
136
92
106
96
64
112
128
112
80
10000
40
1028
1524
1781
1934
1982
2067
2125
2215
2235
2294
2307
2353
2339
2359
2413
2448
2394
2463
2480
2451
2503
2527
2527
2495
2546
2512
2543
2513
2515
2539
2547
2539
2559
2587
2559
2607
2640
2542
2630
2615
2635
2559
2704
2607
2599
2608
2599
2608
2626
10000
1212
1252
954
841
706
650
544
510
458
432
408
400
304
312
218
218
150
180
166
168
112
208
116
144
140
64
114
105
90
32
16
16
0
0
0
0
0
0
0
0
0
0
0
0
0
0
0
0
0
0
10000
0
2511
3561
3695
3583
3679
3717
3695
3655
3687
3879
3703
3667
3703
3719
3647
3687
3711
3711
3647
3694
3663
3679
3735
3731
3667
3751
3729
3719
3711
3695
3701
3707
3703
3719
3711
3695
3667
3685
3659
3711
3659
3730
3723
3663
3671
3743
3702
3695
3701
10000
352
116
80
48
8
24
22
0
0
0
0
0
0
0
0
0
0
0
0
0
0
0
0
0
0
0
0
0
0
0
0
0
0
0
0
0
0
0
0
0
0
0
0
0
0
0
0
0
0
0
10000
0
2453
3511
3693
3663
3647
3735
3667
3639
3687
3679
3647
3655
3711
3687
3730
3723
3647
3679
3655
3727
3711
3679
3679
3727
3751
3707
3667
3727
3695
3669
3679
3663
3691
3655
3711
3667
3687
3751
3703
3743
3677
3711
3711
3679
3665
3711
3687
3711
3687
10000
346
64
48
36
8
4
0
0
0
0
0
0
0
0
0
0
0
0
0
0
0
0
0
0
0
0
0
0
0
0
0
0
0
0
0
0
0
0
0
0
0
0
0
0
0
0
0
0
0
0
10000
0
2495
3551
3696
3519
3647
3665
3679
3687
3759
3695
3667
3695
3667
3703
3655
3679
3695
3711
3655
3719
3697
3698
3723
3703
3679
3709
3679
3711
3695
3679
3663
3697
3677
3663
3515
3706
3697
3695
3731
3661
3697
3643
3730
3727
3729
3711
3729
3711
3699
10000
360
80
48
41
0
0
16
0
0
0
0
0
0
0
0
0
0
0
0
0
0
0
0
0
0
0
0
0
0
0
0
0
0
0
0
0
0
0
0
0
0
0
0
0
0
0
0
0
0
0
10000
0
2467
3551
3693
3665
3699
3695
3647
3711
3687
3653
3703
3685
3655
3695
3709
3654
3707
3691
3735
3679
3731
3655
3667
3687
3647
3735
3711
3695
3679
3719
3647
3711
3699
3675
3667
3699
3667
3695
3695
3677
3711
3671
3695
3711
3687
3679
3709
3723
3697
10000
355
68
50
32
32
0
0
0
0
0
0
0
0
0
0
0
0
0
0
0
0
0
0
0
0
0
0
0
0
0
0
0
0
0
0
0
0
0
0
0
0
0
0
0
0
0
0
0
0
0
10000
0
2483
3519
3669
3695
3667
3691
3695
3695
3703
3667
3683
3639
3723
3635
3687
3663
3711
3729
3655
3683
3711
3727
3699
3687
3659
3699
3675
3711
3693
3707
3727
3647
3763
3695
3693
3711
3695
3727
3699
3693
3694
3647
3725
3695
3739
3711
3691
3647
3667
10000
389
66
32
40
8
4
4
0
16
0
0
0
0
0
0
0
0
0
0
0
0
0
0
0
0
0
0
0
0
0
0
0
0
0
0
0
0
0
0
0
0
0
0
0
0
0
0
0
0
0
10000
0
2479
3567
3679
3683
3647
3669
3695
3665
3695
3703
3699
3631
3663
3707
3691
3703
3671
3691
3685
3679
3663
3691
3683
3711
3729
3671
3679
3685
3710
3719
3678
3671
3695
3699
3711
3675
3727
3671
3731
3703
3665
3699
3702
3711
3679
3747
3686
3727
3695
10000
368
48
68
0
0
5
0
0
0
0
0
0
0
0
0
0
0
0
0
0
0
0
0
0
0
0
0
0
0
0
0
0
0
0
0
0
0
0
0
0
0
0
0
0
0
0
0
0
0
0
10000
0
2482
3559
3655
3679
3662
3694
3687
3707
3711
3669
3633
3703
3687
3695
3731
3695
3719
3695
3671
3695
3695
3665
3679
3691
3711
3723
3699
3663
3691
3679
3727
3707
3691
3703
3719
3711
3655
3711
3694
3697
3703
3695
3687
3667
3671
3711
3687
3687
3711
10000
384
52
58
0
53
0
0
0
0
0
0
0
0
0
0
0
0
0
0
0
0
0
0
0
0
0
0
0
0
0
0
0
0
0
0
0
0
0
0
0
0
0
0
0
0
0
0
0
0
0
10000
0
2475
3537
3697
3691
3671
3675
3667
3659
3691
3667
3679
3667
3699
3711
3643
3711
3671
3665
3691
3663
3703
3695
3679
3699
3695
3663
3711
3671
3695
3703
3707
3707
3663
3695
3647
3707
3698
3679
3719
3719
3703
3711
3695
3735
3735
3683
3687
3719
3703
10000
384
48
50
40
22
13
0
0
0
0
0
0
0
0
0
0
0
0
0
0
0
0
0
0
0
0
0
0
0
0
0
0
0
0
0
0
0
0
0
0
0
0
0
0
0
0
0
0
0
0
10000
0
2479
3539
3647
3663
3693
3695
3695
3671
3697
3683
3679
3727
3663
3697
3679
3679
3679
3727
3703
3707
3669
3731
3703
3775
3691
3699
3679
3711
3695
3691
3667
3707
3711
3679
3711
3707
3695
3679
3687
3693
3711
3675
3739
3711
3691
3679
3719
3699
3695
10000
372
80
68
24
18
9
0
0
0
0
0
0
0
0
0
0
0
0
0
0
0
0
0
0
0
0
0
0
0
0
0
0
0
0
0
0
0
0
0
0
0
0
0
0
0
0
0
0
0
0
10000
0
2486
3571
3623
3671
3647
3679
3703
3687
3707
3655
3647
3663
3711
3679
3665
3687
3707
3687
3703
3671
3679
3695
3695
3695
3494
3711
3687
3639
3711
3711
3664
3691
3687
3711
3663
3687
3679
3703
3671
3711
3727
3699
3717
3675
3679
3703
3695
3691
3687
10000
404
64
32
32
12
0
0
0
0
0
0
0
0
0
0
0
0
0
0
0
0
0
0
0
0
0
0
0
0
0
0
0
0
0
0
0
0
0
0
0
0
0
0
0
0
0
0
0
0
0
10000
0
2443
3575
3667
3663
3679
3685
3647
3711
3663
3663
3719
3667
3655
3711
3697
3675
3687
3695
3695
3695
3707
3699
3691
3671
3651
3687
3671
3697
3711
3663
3695
3703
3671
3719
3701
3655
3719
3703
3743
3699
3687
3727
3667
3723
3671
3683
3703
3695
3695
10000
404
74
42
64
32
16
0
0
0
0
0
0
0
0
0
0
0
0
0
0
0
0
0
0
0
0
0
0
0
0
0
0
0
0
0
0
0
0
0
0
0
0
0
0
0
0
0
0
0
0
10000
0
2467
3533
3655
3687
3647
3697
3551
3663
3671
3695
3679
3679
3655
3711
3671
3711
3671
3735
3679
3727
3675
3722
3679
3687
3663
3693
3647
3719
3703
3583
3699
3679
3709
3723
3711
3687
3719
3687
3711
3667
3671
3685
3691
3699
3727
3669
3677
3691
3719
10000
368
64
44
40
0
4
0
0
0
0
0
0
0
0
0
0
0
0
0
0
0
0
0
0
0
0
0
0
0
0
0
0
0
0
0
0
0
0
0
0
0
0
0
0
0
0
0
0
0
0
10000
0
2471
3559
3691
3647
3691
3653
3683
3711
3661
3694
3703
3687
3703
3695
3723
3679
3665
3723
3643
3663
3711
3695
3750
3667
3631
3711
3719
3679
3703
3731
3697
3711
3719
3683
3757
3711
3755
3695
3733
3607
3763
3711
3659
3687
3762
3711
3711
3687
3697
10000
376
64
90
112
26
0
0
10
0
0
0
0
0
0
0
0
0
0
0
0
0
0
0
0
0
0
0
0
0
0
0
0
0
0
0
0
0
0
0
0
0
0
0
0
0
0
0
0
0
0
10000
0
2457
3503
3695
3699
3675
3647
3707
3679
3667
3711
3635
3687
3727
3699
3643
3677
3671
3691
3622
3699
3703
3719
3687
3711
3687
3697
3679
3695
3741
3707
3723
3703
3675
3727
3703
3743
3687
3711
3679
3687
3727
3697
3723
3707
3687
3685
3679
3697
3675
10000
365
48
53
36
28
4
0
0
0
0
0
0
0
0
0
0
0
0
0
0
0
0
0
0
0
0
0
0
0
0
0
0
0
0
0
0
0
0
0
0
0
0
0
0
0
0
0
0
0
0
10000
0
2495
3583
3671
3647
3711
3685
3629
3695
3674
3671
3665
3695
3659
3711
3679
3719
3697
3703
3711
3729
3711
3703
3691
3723
3703
3647
3675
3709
3733
3711
3725
3687
3743
3679
3639
3679
3695
3631
3695
3698
3687
3687
3695
3703
3679
3679
3679
3677
3743
10000
378
68
48
20
32
16
0
0
0
0
0
0
0
0
0
0
0
0
0
0
0
0
0
0
0
0
0
0
0
0
0
0
0
0
0
0
0
0
0
0
0
0
0
0
0
0
0
0
0
0
10000
0
2447
3567
3675
3639
3679
3729
3647
3623
3655
3743
3665
3645
3691
3667
3695
3671
3719
3718
3683
3743
3647
3679
3679
3687
3695
3663
3671
3679
3697
3665
3695
3683
3687
3695
3663
3703
3695
3693
3703
3703
3751
3719
3711
3665
3691
3695
3707
3703
3703
10000
388
80
38
40
18
0
0
0
0
0
0
0
0
0
0
0
0
0
0
0
0
0
0
0
0
0
0
0
0
0
0
0
0
0
0
0
0
0
0
0
0
0
0
0
0
0
0
0
0
0
10000
0
2475
3519
3663
3647
3663
3655
3655
3671
3691
3691
3699
3655
3627
3663
3751
3711
3663
3665
3663
3663
3667
3739
3683
3695
3687
3727
3695
3655
3695
3695
3667
3687
3691
3667
3695
3695
3729
3691
3743
3711
3694
3671
3691
3675
3687
3663
3685
3699
3647
10000
384
80
48
5
8
0
0
0
0
0
0
0
0
0
0
0
0
0
0
0
0
0
0
0
0
0
0
0
0
0
0
0
0
0
0
0
0
0
0
0
0
0
0
0
0
0
0
0
0
0
10000
0
2465
3563
3663
3695
3675
3665
3679
3663
3651
3703
3707
3677
3691
3699
3663
3710
3695
3723
3726
3667
3751
3643
3703
3743
3711
3691
3719
3703
3679
3687
3647
3711
3719
3679
3775
3679
3655
3763
3699
3663
3695
3659
3711
3707
3691
3679
3711
3711
3695
10000
368
36
32
28
16
0
0
0
0
0
0
0
0
0
0
0
0
0
0
0
0
0
0
0
0
0
0
0
0
0
0
0
0
0
0
0
0
0
0
0
0
0
0
0
0
0
0
0
0
0
10000
0
2479
3507
3679
3707
3711
3679
3699
3687
3623
3695
3719
3669
3719
3667
3677
3725
3655
3677
3675
3679
3695
3663
3687
3677
3651
3691
3647
3703
3679
3695
3729
3667
3647
3719
3671
3679
3675
3671
3677
3695
3647
3653
3675
3671
3687
3647
3663
3711
3703
10000
388
80
80
16
34
16
0
0
0
0
0
0
0
0
0
0
0
0
0
0
0
0
0
0
0
0
0
0
0
0
0
0
0
0
0
0
0
0
0
0
0
0
0
0
0
0
0
0
0
0
10000
0
2475
3549
3659
3639
3669
3699
3707
3679
3731
3711
3687
3685
3691
3699
3655
3665
3679
3727
3677
3699
3663
3711
3667
3687
3675
3647
3667
3699
3671
3679
3717
3683
3731
3669
3723
3671
3727
3707
3671
3651
3675
3703
3743
3701
3699
3755
3694
3703
3699
10000
416
64
64
0
0
48
22
0
0
0
0
0
0
0
0
0
0
0
0
0
0
0
0
0
0
0
0
0
0
0
0
0
0
0
0
0
0
0
0
0
0
0
0
0
0
0
0
0
0
0
10000
0
2462
3543
3627
3631
3615
3727
3679
3667
3747
3711
3663
3707
3699
3697
3675
3647
3703
3691
3703
3659
3711
3691
3687
3687
3711
3727
3679
3709
3697
3701
3703
3727
3803
3647
3739
3697
3759
3727
3679
3699
3731
3711
3695
3583
3723
3701
3687
3631
3711
10000
426
52
57
16
16
12
0
0
0
0
0
0
0
0
0
0
0
0
0
0
0
0
0
0
0
0
0
0
0
0
0
0
0
0
0
0
0
0
0
0
0
0
0
0
0
0
0
0
0
0
10000
0
2463
3575
3703
3683
3663
3665
3701
3703
3703
3675
3663
3679
3679
3570
3701
3671
3671
3775
3679
3651
3719
3703
3687
3691
3691
3711
3735
3735
3679
3699
3747
3678
3699
3655
3693
3663
3687
3701
3703
3679
3675
3709
3679
3703
3711
3693
3711
3679
3699
10000
393
48
48
36
0
16
0
0
0
0
0
0
0
0
0
0
0
0
0
0
0
0
0
0
0
0
0
0
0
0
0
0
0
0
0
0
0
0
0
0
0
0
0
0
0
0
0
0
0
0
10000
0
2431
3563
3679
3663
3615
3727
3675
3667
3751
3709
3831
3659
3665
3679
3639
3711
3685
3655
3687
3671
3703
3697
3757
3755
3719
3687
3695
3739
3687
3687
3647
3695
3711
3695
3711
3697
3695
3679
3729
3775
3731
3637
3735
3703
3675
3695
3687
3703
3687
10000
336
82
44
12
12
16
4
0
0
0
0
0
0
0
0
0
0
0
0
0
0
0
0
0
0
0
0
0
0
0
0
0
0
0
0
0
0
0
0
0
0
0
0
0
0
0
0
0
0
0
10000
0
2455
3559
3675
3655
3663
3711
3677
3639
3695
3666
3695
3699
3659
3691
3671
3675
3703
3665
3655
3687
3647
3687
3701
3635
3723
3719
3735
3665
3687
3669
3743
3711
3667
3741
3679
3727
3731
3697
3647
3743
3637
3731
3695
3665
3731
3759
3687
3750
3669
10000
365
44
50
16
16
8
0
0
0
0
0
0
0
0
0
0
0
0
0
0
0
0
0
0
0
0
0
0
0
0
0
0
0
0
0
0
0
0
0
0
0
0
0
0
0
0
0
0
0
0
10000
0
2477
3543
3623
3575
3647
3719
3671
3719
3699
3671
3691
3663
3699
3663
3689
3655
3667
3719
3735
3663
3699
3707
3699
3615
3655
3667
3687
3623
3703
3695
3671
3719
3711
3671
3691
3727
3691
3679
3711
3651
3751
3743
3691
3703
3655
3695
3703
3663
3683
10000
356
80
34
0
32
0
0
0
0
0
0
0
0
0
0
0
0
0
0
0
0
0
0
0
0
0
0
0
0
0
0
0
0
0
0
0
0
0
0
0
0
0
0
0
0
0
0
0
0
0
10000
0
2479
3551
3633
3654
3703
3663
3655
3691
3679
3695
3667
3623
3699
3691
3670
3703
3659
3695
3711
3695
3679
3679
3695
3711
3687
3703
3711
3733
3651
3687
3701
3743
3727
3683
3671
3699
3695
3679
3711
3711
3711
3655
3687
3711
3697
3699
3687
3697
3691
10000
396
64
56
32
10
1
0
0
0
0
0
0
0
0
0
0
0
0
0
0
0
0
0
0
0
0
0
0
0
0
0
0
0
0
0
0
0
0
0
0
0
0
0
0
0
0
0
0
0
0
10000
0
2499
3551
3615
3671
3675
3695
3663
3663
3683
3699
3677
3709
3695
3699
3691
3695
3671
3665
3711
3701
3685
3645
3698
3651
3665
3685
3711
3679
3707
3687
3675
3693
3687
3695
3695
3693
3687
3671
3703
3743
3699
3751
3707
3703
3703
3702
3711
3719
3711
10000
378
64
49
32
16
2
0
0
0
0
0
0
0
0
0
0
0
0
0
0
0
0
0
0
0
0
0
0
0
0
0
0
0
0
0
0
0
0
0
0
0
0
0
0
0
0
0
0
0
0
10000
0
2479
3511
3671
3679
3703
3654
3711
3671
3639
3671
3675
3695
3643
3687
3667
3635
3671
3695
3667
3655
3663
3671
3711
3679
3661
3678
3675
3691
3667
3727
3743
3707
3707
3675
3679
3711
3679
3694
3675
3695
3671
3699
3741
3671
3735
3679
3663
3723
3695
10000
384
68
50
10
0
4
0
0
0
0
0
0
0
0
0
0
0
0
0
0
0
0
0
0
0
0
0
0
0
0
0
0
0
0
0
0
0
0
0
0
0
0
0
0
0
0
0
0
0
0
10000
0
2475
3527
3669
3615
3667
3663
3663
3691
3679
3711
3695
3667
3667
3695
3671
3711
3698
3659
3655
3711
3651
3687
3693
3687
3679
3719
3697
3711
3679
3662
3693
3687
3709
3703
3699
3627
3695
3727
3726
3679
3671
3678
3743
3711
3631
3655
3735
3727
3758
10000
384
64
53
16
32
22
0
0
0
0
0
0
0
0
0
0
0
0
0
0
0
0
0
0
0
0
0
0
0
0
0
0
0
0
0
0
0
0
0
0
0
0
0
0
0
0
0
0
0
0
10000
0
2498
3563
3671
3679
3711
3669
3729
3691
3647
3703
3711
3645
3795
3731
3695
3663
3695
3698
3703
3697
3706
3647
3711
3679
3698
3695
3679
3695
3726
3671
3633
3671
3743
3711
3679
3719
3762
3671
3695
3691
3719
3729
3711
3687
3701
3699
3675
3699
3679
10000
334
72
42
22
0
6
0
2
0
0
0
0
0
0
0
0
0
0
0
0
0
0
0
0
0
0
0
0
0
0
0
0
0
0
0
0
0
0
0
0
0
0
0
0
0
0
0
0
0
0
10000
0
2479
3559
3687
3663
3671
3646
3635
3634
3711
3707
3631
3615
3683
3659
3647
3659
3645
3691
3663
3677
3671
3711
3651
3711
3729
3703
3727
3703
3699
3695
3711
3763
3667
3671
3675
3711
3687
3719
3727
3711
3675
3627
3663
3678
3687
3701
3711
3739
3647
10000
352
64
80
32
20
0
0
0
0
0
0
0
0
0
0
0
0
0
0
0
0
0
0
0
0
0
0
0
0
0
0
0
0
0
0
0
0
0
0
0
0
0
0
0
0
0
0
0
0
0
10000
0
2507
3551
3655
3675
3665
3675
3677
3699
3711
3697
3647
3647
3679
3687
3719
3735
3719
3667
3653
3663
3675
3707
3759
3735
3695
3675
3707
3727
3671
3751
3679
3691
3703
3711
3675
3727
3631
3661
3671
3735
3663
3665
3757
3639
3655
3667
3659
3647
3655
10000
388
72
58
32
24
0
0
0
0
0
0
0
0
0
0
0
0
0
0
0
0
0
0
0
0
0
0
0
0
0
0
0
0
0
0
0
0
0
0
0
0
0
0
0
0
0
0
0
0
0
10000
0
2499
3551
3695
3679
3677
3679
3675
3643
3623
3683
3679
3747
3679
3697
3695
3695
3697
3615
3743
3663
3665
3695
3719
3651
3703
3711
3685
3719
3683
3711
3679
3751
3699
3735
3699
3685
3695
3697
3711
3699
3731
3719
3727
3695
3711
3703
3679
3839
3723
10000
352
58
73
4
20
26
0
0
0
0
0
0
0
0
0
0
0
0
0
0
0
0
0
0
0
0
0
0
0
0
0
0
0
0
0
0
0
0
0
0
0
0
0
0
0
0
0
0
0
0
10000
0
2482
3538
3671
3675
3639
3703
3675
3711
3630
3607
3693
3679
3651
3727
3663
3679
3739
3699
3687
3671
3694
3687
3723
3665
3647
3695
3663
3703
3667
3695
3711
3695
3711
3703
3583
3711
3675
3703
3697
3647
3697
3711
3663
3709
3695
3683
3699
3729
3711
10000
364
86
64
64
0
0
105
0
0
0
0
0
0
0
0
0
0
0
0
0
0
0
0
0
0
0
0
0
0
0
0
0
0
0
0
0
0
0
0
0
0
0
0
0
0
0
0
0
0
0
10000
0
2448
3565
3694
3635
3667
3607
3679
3679
3685
3728
3635
3695
3703
3663
3695
3665
3735
3651
3663
3723
3670
3659
3711
3697
3647
3679
3675
3679
3711
3687
3651
3691
3663
3613
3749
3679
3655
3719
3679
3719
3723
3679
3697
3667
3731
3719
3631
3655
3707
10000
320
54
32
40
0
32
16
0
0
0
0
0
0
0
0
0
0
0
0
0
0
0
0
0
0
0
0
0
0
0
0
0
0
0
0
0
0
0
0
0
0
0
0
0
0
0
0
0
0
0
10000
0
2447
3559
3639
3667
3631
3675
3679
3671
3663
3627
3655
3679
3699
3663
3663
3727
3723
3634
3683
3635
3679
3663
3687
3671
3703
3643
3685
3663
3663
3675
3703
3679
3627
3731
3711
3687
3677
3679
3711
3821
3703
3647
3695
3703
3755
3679
3767
3695
3697
10000
400
86
0
64
17
20
0
0
0
0
0
0
0
0
0
0
0
0
0
0
0
0
0
0
0
0
0
0
0
0
0
0
0
0
0
0
0
0
0
0
0
0
0
0
0
0
0
0
0
0
10000
0
2481
3519
3667
3667
3667
3691
3679
3687
3647
3679
3679
3679
3643
3683
3695
3671
3679
3639
3671
3667
3755
3695
3767
3695
3695
3707
3735
3723
3623
3687
3711
3679
3727
3699
3671
3703
3687
3707
3723
3727
3677
3711
3727
3679
3675
3685
3683
3691
3687
10000
368
64
28
25
10
0
0
0
0
0
0
0
0
0
0
0
0
0
0
0
0
0
0
0
0
0
0
0
0
0
0
0
0
0
0
0
0
0
0
0
0
0
0
0
0
0
0
0
0
0
10000
0
2486
3555
3655
3667
3691
3655
3675
3727
3661
3693
3683
3665
3675
3677
3655
3699
3663
3695
3635
3667
3703
3719
3723
3683
3679
3703
3697
3677
3711
3663
3663
3695
3727
3687
3671
3675
3699
3743
3731
3719
3725
3671
3691
3679
3695
3634
3719
3723
3735
10000
336
70
64
32
16
0
0
0
0
0
0
0
0
0
0
0
0
0
0
0
0
0
0
0
0
0
0
0
0
0
0
0
0
0
0
0
0
0
0
0
0
0
0
0
0
0
0
0
0
0
10000
0
2511
3551
3671
3703
3697
3699
3679
3639
3655
3647
3654
3583
3659
3677
3703
3693
3687
3659
3687
3647
3735
3665
3697
3667
3743
3719
3699
3687
3701
3703
3735
3743
3697
3659
3671
3647
3665
3711
3711
3663
3697
3677
3727
3663
3697
3695
3695
3711
3647
10000
362
96
56
44
12
12
0
4
0
0
0
0
0
0
0
0
0
0
0
0
0
0
0
0
0
0
0
0
0
0
0
0
0
0
0
0
0
0
0
0
0
0
0
0
0
0
0
0
0
0
10000
0
2502
3549
3675
3679
3695
3671
3655
3679
3663
3701
3691
3691
3671
3663
3647
3699
3669
3637
3671
3687
3663
3679
3699
3666
3677
3739
3677
3667
3671
3679
3679
3735
3711
3763
3679
3687
3703
3691
3679
3711
3707
3663
3697
3679
3697
3695
3923
3695
3687
10000
312
44
70
40
32
0
0
0
0
0
0
0
0
0
0
0
0
0
0
0
0
0
0
0
0
0
0
0
0
0
0
0
0
0
0
0
0
0
0
0
0
0
0
0
0
0
0
0
0
0
10000
0
2480
3559
3661
3679
3679
3671
3671
3655
3687
3663
3659
3686
3707
3703
3665
3667
3678
3771
3679
3683
3701
3687
3727
3611
3671
3699
3711
3735
3695
3711
3685
3730
3687
3697
3679
3725
3697
3719
3687
3661
3701
3679
3695
3711
3671
3719
3701
3743
3679
10000
368
64
48
44
12
0
0
0
0
0
0
0
0
0
0
0
0
0
0
0
0
0
0
0
0
0
0
0
0
0
0
0
0
0
0
0
0
0
0
0
0
0
0
0
0
0
0
0
0
0
10000
0
2505
3607
3645
3686
3665
3665
3727
