896
897
862
848
816
790
781
768
740
713
704
690
677
674
657
656
651
619
608
605
608
599
580
570
544
530
560
532
519
536
501
497
496
10000
464
640
777
886
1061
1079
1162
1344
1328
1386
1456
1502
1561
1598
1643
1681
1709
1734
1776
1809
1839
1863
1886
1897
1923
1929
1959
1955
1990
2000
2015
1950
2066
2032
2067
2057
2077
2089
2070
2083
2083
2098
2099
2111
2118
2158
2112
2141
2135
2149
10000
2011
1858
1745
1648
1525
1458
1398
1331
1270
1206
1152
1125
1077
1038
994
896
940
944
890
888
870
833
804
773
752
738
739
722
688
688
672
683
652
642
640
624
608
505
608
576
560
576
576
550
541
548
507
520
516
501
10000
464
634
784
880
968
1072
1158
1232
1317
1373
1437
1474
1535
1579
1634
1654
1702
1744
1750
1806
1808
1845
1861
1898
1891
1919
1937
1962
1966
1982
2134
2010
2001
2047
2044
2071
2073
2074
2135
2095
2089
2126
2095
2085
2113
2129
2137
2119
2128
2155
10000
2030
1882
1762
1645
1567
1479
1435
1344
1285
1218
1190
1130
1105
1040
998
1040
917
932
896
850
832
838
813
808
800
746
736
724
716
726
706
685
667
708
640
634
616
610
613
578
586
576
558
556
562
560
534
528
608
509
10000
464
642
750
868
980
1072
1154
1219
1312
1363
1406
1476
1517
1581
1612
1671
1695
1701
1758
1779
1817
1823
1846
1874
1907
1919
1934
1956
1963
1984
1982
2006
1968
2006
2023
2035
2083
2075
2000
2059
2167
2078
2115
2103
2209
2118
2106
2114
2133
2112
10000
2032
1872
1772
1652
1585
1481
1404
1338
1293
1232
1178
1141
1078
1067
1034
977
944
880
928
886
852
848
816
809
784
768
752
734
726
689
704
692
672
656
656
624
616
618
589
684
576
560
560
496
562
560
537
520
528
518
10000
476
672
770
896
982
1058
1137
1218
1293
1344
1186
1476
1531
1579
1616
1648
1666
1695
1763
1774
1819
1819
1830
1889
1903
1904
1936
1919
1968
1970
1984
2000
2023
2029
2021
2033
2075
2061
2063
2075
2071
2071
2097
2084
2106
2111
2128
2121
2113
2129
10000
2041
1762
1776
1646
1578
1492
1427
1219
1286
1247
1184
1153
1088
1143
1040
992
980
912
899
902
872
843
838
809
808
776
786
732
730
677
704
693
674
676
676
628
636
618
592
704
600
560
628
579
579
546
544
536
522
521
10000
476
656
782
880
964
1050
1104
1212
1296
1354
1416
1435
1488
1535
1598
1637
1733
1727
1731
1776
1808
1810
1853
1872
1863
1907
1936
1962
1955
1975
1986
1983
2003
2015
2128
2027
2030
2055
2047
2064
2069
2075
2077
2092
2089
2078
2126
2107
2116
2128
10000
2077
1879
1755
1647
1557
1492
1425
1330
1296
1230
1184
1137
1111
1066
1018
986
856
924
905
880
872
848
841
800
800
752
750
730
747
721
712
672
674
677
608
645
632
616
624
596
592
589
521
566
576
546
544
532
555
534
10000
496
656
774
885
950
1072
1121
1224
1295
1328
1406
1449
1509
1616
1598
1627
1665
1707
1721
1766
1814
1809
1830
1840
1866
1891
1903
1919
2009
1941
1958
1972
1983
2003
2000
2022
2019
2043
2039
2055
2069
2085
2081
2084
2085
2087
2087
2107
2094
2119
10000
2029
1860
1743
1680
1553
1483
1398
1329
1280
1237
1177
1162
1082
1034
1017
1006
960
933
920
897
882
836
836
794
788
778
752
740
729
710
624
688
688
672
664
633
624
634
608
616
557
584
576
572
560
556
553
536
544
516
10000
524
656
768
877
954
1060
1062
1216
1281
1330
1408
1452
1499
1522
1577
1639
1671
1691
1712
1747
1781
1809
1841
1838
1863
1871
1911
1906
1923
1901
1982
1985
1982
2017
2031
2031
2037
2017
2063
2034
2055
2067
2096
2067
2091
2079
2096
2087
2103
2077
10000
2000
1863
1760
1648
1566
1499
1423
1354
1298
1241
1176
1140
1102
1066
1017
996
968
916
910
912
880
852
848
805
780
784
769
744
750
721
674
688
660
659
641
659
624
605
609
592
592
432
576
576
549
570
500
544
528
534
10000
496
656
785
880
966
1040
1136
1216
1296
1344
1392
1458
1502
1533
1597
1627
1689
1696
1712
1734
1791
1808
1851
1824
1839
1866
1905
1997
1923
1943
1975
1920
1981
2015
2002
2001
2039
2033
2035
2062
2064
2055
2047
2079
2096
2093
2079
2106
2112
2119
10000
2013
1891
1775
1649
1565
1566
1395
1346
1280
1248
1194
1136
1100
1067
1052
1032
958
948
907
882
861
812
837
832
801
758
746
737
736
752
700
720
666
664
656
643
621
614
609
618
592
577
560
564
576
570
553
578
528
522
10000
506
667
802
880
960
1062
1152
1216
1265
1337
1399
1432
1501
1535
1609
1621
1665
1689
1700
1771
1787
1810
1828
1858
1869
1867
1911
1919
1951
1968
1956
1982
1995
1986
1994
1998
1953
2032
2002
2063
2034
2064
2075
2096
2087
2094
2102
2107
2107
2096
10000
2003
1870
1767
1664
1584
1473
1402
1358
1298
1245
1201
1152
1120
1083
1040
992
944
960
914
898
881
862
864
822
806
786
772
746
728
720
704
693
680
660
653
646
642
624
618
592
594
598
496
560
576
544
560
542
528
532
10000
504
656
768
886
960
1056
1135
1206
1264
1350
1401
1457
1504
1505
1568
1616
1658
1697
1738
1746
1765
1800
1824
1857
1856
1887
1885
1921
1924
1946
1961
1978
1977
1974
2000
2022
1966
2014
2047
2032
2055
2039
2071
2064
1954
2091
2089
2098
2109
2115
10000
1999
1882
1759
1648
1472
1506
1405
1255
1293
1245
1185
1164
1088
1078
1040
997
970
901
912
934
869
859
824
822
794
784
764
768
723
708
705
704
688
684
668
656
634
628
616
592
598
608
584
564
562
550
556
546
544
540
10000
505
640
784
854
965
1042
1120
1232
1270
1349
1394
1453
1600
1552
1588
1615
1603
1684
1713
1741
1794
1801
1838
1853
1872
1901
1903
1927
1986
1955
1953
1968
1983
1969
2018
2034
2029
2018
2057
2043
2047
2071
2162
2095
2073
2099
2093
2117
2089
2113
10000
1991
1904
1762
1648
1552
1489
1422
1349
1300
1248
1184
1152
1088
1069
1052
989
993
944
905
909
896
861
816
816
797
788
761
768
752
720
710
704
672
688
651
657
653
624
624
603
596
570
576
576
576
544
572
544
552
528
10000
496
664
768
876
966
1056
1134
1212
1266
1346
1396
1454
1497
1563
1574
1630
1665
1696
1734
1759
1789
1808
1831
1847
1874
1881
1893
1904
1939
1951
1941
1965
1979
1993
2018
2020
2033
2042
2027
2145
2047
2046
2071
2063
2085
1983
2094
2066
2095
2126
10000
2011
1885
1759
1683
1569
1472
1422
1360
1280
1238
1199
1148
1114
1072
1032
912
978
942
876
902
882
857
848
832
789
771
764
736
736
722
714
690
688
662
648
640
634
640
640
609
602
586
585
582
560
576
556
550
532
518
10000
501
664
780
880
972
1035
1121
1209
1278
1332
1382
1449
1488
1535
1580
1621
1673
1678
1727
1750
1776
1854
1899
1845
1870
1895
1933
1924
1934
1946
1971
1970
1984
1995
2004
2004
2019
2035
2045
2038
2047
2061
2074
2078
2097
2096
2085
2123
2126
2105
10000
2019
1865
1734
1648
1572
1489
1422
1355
1283
1237
1200
1158
1106
1084
1057
992
976
950
922
896
880
832
832
832
794
808
778
752
752
725
698
720
692
683
656
650
630
613
610
580
600
630
576
592
569
560
552
554
564
538
10000
492
676
776
873
965
1062
1136
1200
1285
1354
1408
1456
1456
1523
1591
1645
1639
1674
1710
1744
1791
1802
1816
1854
1872
1873
1891
1901
1937
1943
1946
1959
1970
1987
1983
1973
2019
2031
2038
2054
2063
2065
2071
2078
2103
2034
2097
2096
2096
2114
10000
2001
1875
1760
1645
1568
1493
1420
1353
1293
1257
1186
1166
1094
1082
1049
1008
960
945
906
908
896
859
832
820
801
786
768
744
752
742
708
690
696
656
754
668
640
640
624
612
608
580
582
568
568
548
544
540
545
546
10000
506
576
776
860
978
1015
1127
1207
1296
1334
1394
1492
1499
1535
1586
1631
1665
1711
1728
1746
1770
1811
1823
1855
1866
1907
1905
1923
1930
1930
1923
1975
1968
1990
2003
2013
2113
2042
2043
2045
2095
2071
2079
2065
2181
2087
2100
2106
2102
2105
10000
2015
1848
1771
1676
1533
1504
1424
1370
1297
1248
1168
1152
1120
1082
1046
998
981
944
938
901
874
864
844
848
800
800
777
768
758
720
704
706
690
666
685
640
740
624
625
618
630
592
602
570
557
562
561
562
536
530
10000
508
672
760
876
961
1050
1132
1221
1275
1344
1403
1458
1491
1535
1504
1633
1674
1681
1635
1776
1776
1803
1815
1845
1865
1881
1893
1919
1934
1921
1959
1970
1989
1999
2007
2027
2007
2019
2103
2035
2045
2077
2203
2083
2081
2093
2095
2081
2086
2103
10000
2039
1872
1749
1659
1585
1503
1414
1364
1328
1242
1188
1185
1102
1072
1019
977
976
940
930
916
876
856
832
805
789
784
770
749
736
730
706
709
683
674
672
656
676
649
624
608
592
608
531
594
561
5580
576
566
496
560
537
10000
485
660
786
890
948
1040
1136
1200
1281
1320
1380
1427
1497
1535
1562
1626
1642
1662
1731
1758
1773
1712
1833
1839
1887
1883
1926
1926
1930
1942
1983
1969
1999
1872
2047
2034
2033
2036
2042
2035
2041
2055
2077
2077
2075
2095
2096
2133
2111
2096
10000
2006
1872
1768
1673
1584
1512
1442
1350
1320
1257
1214
1171
1116
1076
1055
1012
968
960
931
925
846
880
848
841
814
800
786
768
760
736
808
720
668
700
688
668
648
653
643
628
595
588
580
590
560
580
576
558
540
526
10000
502
674
770
880
963
1047
1131
1205
1265
1337
1387
1456
1488
1516
1584
1606
1626
1681
1725
1754
1766
1796
1824
1850
1867
1885
1973
1917
1946
1949
1953
1966
1989
1984
2011
1996
2022
2010
2038
2047
2044
2064
2081
2067
2106
2093
2094
2095
2109
2094
10000
1989
1899
1764
1771
1588
1520
1426
1389
1325
1290
1216
1181
1120
1082
1044
944
960
962
1002
880
1088
858
848
828
861
790
768
787
738
726
726
690
709
684
673
648
645
640
644
624
600
596
608
592
822
576
562
576
554
541
10000
505
668
778
876
968
1064
1136
1200
1277
1328
1359
1434
1486
1512
1593
1600
1650
1701
1710
1730
1780
1799
1836
1839
1850
1883
1875
1904
1927
1950
2086
2010
1924
1991
2015
2001
2029
2041
2031
2032
2036
2045
2064
2081
2077
2086
2094
2091
2109
2111
10000
2065
1885
1753
1675
1574
1497
1423
1360
1323
1270
1210
1175
1153
1099
1068
949
979
969
928
912
899
880
844
832
728
796
788
772
757
752
737
716
692
676
684
677
656
654
618
570
624
608
592
604
586
568
556
560
544
545
10000
496
665
774
876
954
1056
1146
1204
1285
1332
1391
1449
1500
1489
1571
1616
1671
1697
1733
1759
1780
1811
1831
1845
1810
1878
1873
1907
1926
1959
1950
1935
1986
1916
2004
2011
2021
2023
2043
2094
2038
2064
2073
2089
2072
2087
2098
2097
2107
2095
10000
2029
1888
1776
1652
1586
1499
1451
1369
1310
1242
1200
1166
1040
1040
1049
1005
970
961
1118
899
880
848
832
832
809
788
768
752
753
733
704
704
673
674
680
648
660
626
640
496
617
569
589
525
624
560
578
554
578
538
10000
490
650
713
878
962
1038
1114
1218
1264
1331
1396
1426
1502
1530
1488
1622
1654
1682
1711
1759
1781
1805
1819
1839
1856
1888
1899
1909
1935
1906
1981
1983
1952
2006
1995
2030
2027
2039
2029
2057
2047
2078
2073
2067
2082
2075
2082
2089
2107
2091
10000
2011
1893
1773
1673
1586
1377
1424
1366
1296
1261
1204
1168
1109
1072
1072
1020
976
960
928
921
892
880
858
824
828
793
780
770
756
736
708
720
698
684
688
661
634
646
614
630
624
604
592
592
578
565
561
585
546
549
10000
503
656
788
852
944
1056
1009
1184
1280
1337
1406
1408
1486
1532
1609
1629
1651
1680
1721
1749
1761
1793
1807
1839
1872
1875
1904
1919
2030
1925
1935
1979
1971
2003
1998
2012
1939
2031
2028
2063
2139
2067
2075
2118
2087
2079
2042
2082
2114
2096
10000
2017
1904
1778
1666
1532
1513
1427
1360
1334
1280
1213
1165
1108
1088
1043
1013
983
948
923
900
869
880
822
820
1040
804
782
800
752
746
708
710
736
672
669
666
660
651
660
598
595
601
657
581
517
584
577
560
560
550
10000
501
658
781
876
951
1040
1120
1204
1274
1330
1374
1439
1489
1522
1581
1603
1646
1680
1713
1747
1761
1799
1818
1844
1845
1861
1906
1908
1925
1949
1959
1967
1979
1998
2005
2002
2017
2032
2047
2035
2167
2073
2077
2059
2083
2095
2083
2087
2103
2103
10000
2047
1891
1783
1654
1579
1513
1410
1372
1309
1242
1024
1170
1120
1083
1040
1008
934
960
950
922
893
882
936
842
808
803
780
778
746
752
740
710
684
698
656
665
661
664
650
602
584
592
594
584
576
576
561
544
560
530
10000
490
672
768
876
960
1056
1074
1200
1257
1314
1396
1460
1495
1557
1577
1622
1654
1683
1701
1739
1764
1806
1808
1854
1872
1922
1911
1914
1945
1856
1968
1983
1983
1980
2003
2023
2025
2042
2037
2025
2055
2074
2070
2069
2093
2083
2095
2099
2096
2119
10000
2000
1900
1774
1677
1605
1513
1427
1381
1322
1264
1207
1142
1134
1156
1046
1013
982
954
928
908
904
884
858
818
822
796
776
768
749
736
673
700
645
698
664
668
664
640
656
624
640
616
600
536
592
555
560
558
592
496
10000
498
660
801
880
964
1053
1136
1192
1264
1317
1386
1432
1488
1530
1594
1618
1628
1701
1728
1755
1779
1798
1827
1855
1852
1909
1905
1904
1935
1950
1962
1983
1979
2000
2003
2001
2018
2027
2034
2097
2035
2066
2067
2102
2047
2085
1894
2098
2094
2087
10000
1999
1898
1769
1600
1600
1489
1424
1389
1312
1264
1208
1158
1152
1082
1050
1013
969
912
931
908
896
865
836
816
837
805
784
762
756
740
642
720
690
692
678
672
640
632
629
640
586
592
593
580
558
560
560
565
546
560
10000
656
656
764
884
960
1033
1136
1207
1264
1334
1380
1433
1491
1535
1581
1616
1655
1699
1719
1762
1768
1815
1810
1834
1871
1824
1902
1930
1859
1968
1994
1975
1931
1997
2005
2013
1998
2017
2036
2039
2067
1941
2030
2086
2087
2071
2091
2100
2083
2112
10000
2001
1875
1777
1669
1597
1510
1421
1379
1329
1264
1226
1156
1133
1196
1045
1010
976
944
912
896
800
881
860
832
824
790
760
768
737
742
741
708
704
672
681
657
656
648
628
609
601
592
596
592
580
582
576
672
560
555
10000
524
662
784
874
962
1040
1115
1200
1264
1328
1392
1420
1488
1530
1568
1606
1632
1687
1711
1754
1768
1794
1811
1833
1862
1877
1904
1906
1940
1959
1954
1983
1987
1979
1999
2021
2027
2107
2032
2032
2047
2063
2063
2089
2078
2083
2091
2091
2176
2119
10000
2029
1902
1744
1669
1589
1501
1426
1376
1285
1264
1199
1165
1122
1075
1056
1008
980
960
941
920
880
882
853
832
811
816
776
768
749
738
737
722
704
695
680
672
653
650
634
612
609
616
601
589
576
568
576
548
554
556
10000
528
656
778
881
961
1072
1106
1219
1271
1328
1382
1443
1484
1535
1552
1616
1655
1686
1722
1744
1794
1808
1829
1856
1847
1827
1875
1921
1937
1938
1949
1963
1974
1987
1991
2007
1971
2018
2034
2025
2103
2047
2064
2047
2096
2078
2078
2080
2092
2103
10000
2017
1840
1763
1655
1584
1454
1445
1362
1314
1251
1218
1168
1129
1094
1070
1002
988
966
940
976
912
873
838
820
828
808
768
770
754
720
708
714
688
680
680
660
672
640
644
640
624
596
601
579
589
586
568
547
544
536
10000
528
672
792
896
976
1027
1129
1194
1265
1323
1377
1431
1502
1535
1573
1613
1669
1668
1693
1748
1757
1820
1819
1843
1871
1886
1895
1920
1922
1936
1966
2010
1975
1994
2003
2007
2021
2011
2093
2023
2032
2071
2067
2069
2069
2080
2097
2097
2099
2096
10000
2015
1904
1777
1654
1594
1520
1407
1340
1322
1237
1230
1180
1104
1100
1049
1028
988
936
932
944
884
866
868
866
805
800
800
772
752
753
724
726
697
696
572
650
666
634
624
625
632
582
586
588
592
580
508
568
560
548
10000
496
656
754
878
902
1066
1113
1210
1266
1331
1371
1434
1427
1529
1581
1601
1642
1691
1710
1743
1828
1794
1842
1849
1859
1862
1909
1933
1918
1934
1957
1941
1970
1984
1975
2007
2010
2018
2036
2077
2066
2045
2063
2017
2079
2096
2085
2069
2101
2102
10000
2005
1889
1745
1680
1587
1507
1429
1376
1298
1269
1195
1186
1126
1094
1034
962
986
968
946
921
896
866
849
834
816
805
800
754
640
738
752
704
708
689
590
657
668
648
640
612
640
620
602
557
592
597
563
544
555
560
10000
528
676
800
881
952
1045
1129
1186
1335
1344
1379
1437
1466
1520
1560
1600
1680
1697
1692
1726
1754
1776
1837
1840
1858
1867
1888
1879
1921
1950
1971
1969
1997
1980
1996
2011
2000
2026
2000
2031
2047
2058
2058
2067
2076
2073
2095
2091
2089
2321
10000
2000
1879
1763
1654
1595
1495
1442
1344
1294
1261
1196
1170
1128
1091
1043
998
982
976
948
928
898
881
872
848
832
822
785
784
752
729
730
728
704
688
662
696
644
636
630
634
618
624
602
603
597
566
560
592
568
534
10000
528
665
778
869
954
1049
1129
1193
1257
1338
1394
1456
1482
1553
1586
1623
1664
1696
1722
1712
1779
1908
1774
1831
1873
1891
1898
1904
1929
1936
1959
1963
1966
1995
1989
2001
2015
2027
2025
2045
2039
2015
2176
2069
2071
2175
2081
2086
2095
2101
10000
2020
1893
1771
1670
1589
1514
1419
1380
1311
1247
1216
1161
1124
1090
1066
1008
980
962
941
902
878
880
860
836
818
800
776
761
772
725
736
710
704
688
677
680
656
620
624
618
610
609
640
592
592
562
562
564
528
545
10000
499
678
801
859
960
1038
1140
1192
1264
1319
1367
1445
1493
1535
1599
1618
1680
1664
1723
1722
1777
1797
1824
1824
1791
1884
1873
1903
1930
1941
1931
1968
1971
1991
2003
2011
2003
2011
2038
2033
2087
2041
2062
2079
2064
2103
2101
2091
2096
2110
10000
2000
1871
1762
1712
1583
1495
1422
1370
1316
1250
1222
1090
1111
1088
1051
1021
1044
914
924
924
904
874
914
832
813
608
784
778
752
656
744
717
704
692
676
656
661
624
624
608
612
608
594
592
590
592
580
558
548
562
10000
524
656
773
880
950
1020
1120
1188
1283
1333
1391
1446
1479
1535
1583
1683
1736
1675
1709
1669
1751
1792
1826
1843
1859
1863
1895
1905
1915
1946
1947
1975
1983
1971
1985
2022
2007
2025
1999
2035
2043
2046
2059
2066
2070
2091
2077
2087
2096
2119
10000
2009
1883
1782
1666
1600
1535
1424
1366
1296
1244
1216
1166
1133
1100
1034
1016
964
976
942
900
896
912
851
836
816
791
768
753
754
740
720
698
708
688
663
646
661
640
640
618
601
608
552
586
592
600
806
552
560
550
10000
442
668
786
870
976
1041
1121
1200
1272
1338
1324
1439
1472
1520
1572
1618
1648
1678
1699
1751
1778
1803
1819
1821
1851
1874
1894
1955
1950
1933
1949
1982
1986
1936
2011
2013
2015
2021
2043
2055
2055
2067
2187
2081
2075
2071
2082
2071
2090
2147
10000
1997
1863
1751
1654
1580
1485
1420
1381
1324
1210
1214
1168
1120
1088
1040
1027
992
964
932
914
912
860
858
824
826
664
784
783
752
732
720
720
720
704
682
668
658
667
635
629
593
595
592
592
561
576
560
555
560
553
10000
516
672
797
888
950
1034
1133
1190
1288
1332
1406
1445
1523
1518
1582
1615
1666
1713
1699
1744
1776
1795
1815
1840
1867
1883
1887
1908
1925
1927
1937
1968
1979
1967
1988
1927
1991
2005
2018
2018
2035
2062
2062
2003
2043
2087
2071
2080
2087
2096
10000
2007
1893
1751
1656
1584
1493
1425
1373
1312
1263
1200
1162
1137
1088
1074
1008
974
980
970
899
900
882
836
840
824
788
786
768
768
731
725
704
696
704
672
648
656
642
641
640
603
604
609
592
576
593
568
560
560
554
10000
528
678
755
901
960
1042
1122
1211
1264
1350
1392
1437
1486
1535
1578
1597
1648
1680
1726
1728
1758
1776
1794
1843
1840
1883
1877
1895
1935
2021
1968
1951
1968
1983
1987
1999
2015
2015
2021
2027
2067
2031
2096
2067
2065
2059
2091
2102
2075
2107
10000
2000
1890
1758
1679
1453
1484
1424
1358
1297
1261
1202
1181
1096
1082
1056
1038
970
1050
921
904
884
859
864
832
816
784
800
773
752
750
736
720
720
694
680
674
641
641
660
505
624
601
612
598
592
576
572
560
564
560
10000
510
656
768
849
961
1038
1136
1187
1198
1326
1386
1448
1475
1520
1589
1530
1659
1693
1741
1677
1763
1808
1795
1841
1840
1879
1886
1888
1905
1921
1926
1968
1973
1984
1977
1984
1936
2007
2000
2059
2064
2043
2055
2041
2064
2069
2087
2075
2096
2091
10000
2003
1879
1757
1665
1590
1483
1411
1361
1316
1242
1219
1179
1124
1071
1050
1010
973
960
944
896
906
864
832
824
821
784
778
720
744
724
732
722
720
674
664
720
660
632
634
610
610
602
613
588
594
570
568
580
554
548
10000
528
664
792
888
962
1042
1132
1220
1320
1329
1371
1426
1506
1520
1581
1629
1652
1680
1700
1731
1771
1774
1809
1817
1867
1854
1891
1904
1931
1936
1941
1952
1965
1989
2000
2005
2013
2019
2020
2061
2059
2043
2039
2064
2064
2064
2093
2081
2091
2085
10000
2011
1863
1775
1653
1566
1478
1409
1344
1296
1242
1216
1160
1120
1033
1056
1004
986
944
923
920
886
872
836
844
813
806
769
768
770
741
720
698
715
709
676
676
672
643
656
630
624
596
610
582
576
568
586
560
552
552
10000
528
676
784
882
970
1043
1130
1191
1251
1313
1379
1432
1481
1532
1571
1612
1644
1660
1718
1751
1774
1767
1827
1802
1849
1872
1859
2069
1922
1937
1958
2019
1973
1989
1979
2029
1995
2006
2007
1982
2055
2031
2080
2064
2067
2059
2065
2078
2098
2093
10000
2010
1885
1775
1664
1583
1459
1445
1373
1318
1335
1200
1155
1132
1088
1062
1009
963
1032
928
909
878
856
854
827
816
797
694
768
737
736
729
717
700
688
672
677
656
634
624
625
579
624
608
588
600
584
578
556
560
560
10000
536
676
794
890
970
1038
1140
1200
1260
1329
1391
1378
1498
1511
1584
1609
1653
1680
1712
1721
1750
1730
1799
1809
1840
1868
1890
1855
1936
1931
1961
1997
1983
1996
1991
2019
2022
2021
2101
2015
2057
2047
2064
2064
2063
2071
2096
2086
2091
2111
10000
2010
1877
1760
1665
1579
1499
1418
1357
1318
1242
1198
1159
1136
1076
1065
1011
972
949
936
905
913
860
792
832
812
805
790
763
744
752
716
722
704
696
688
704
642
659
617
621
620
604
608
597
562
561
568
619
560
588
10000
528
672
774
882
952
1046
1126
1200
1276
1333
1360
1438
1485
1526
1578
1607
1648
1686
1723
1728
1779
1801
1812
1837
1855
1905
1892
1906
1919
1947
1937
1958
1975
1969
1996
1993
2007
2006
1970
2032
2044
2038
2045
2064
2070
2015
2067
2159
2102
2097
10000
1999
1890
1755
1684
1571
1496
1434
1371
1310
1260
1205
1174
1141
1040
1069
1018
982
968
945
921
882
880
864
832
809
802
784
768
768
738
752
716
706
700
680
656
644
628
617
632
624
608
608
580
592
577
576
566
552
546
10000
507
672
791
880
996
1028
1125
1191
1262
1328
1373
1440
1489
1518
1583
1607
1666
1680
1718
1752
1759
1778
1793
1840
1856
1870
1874
1909
1910
1937
1945
1968
1979
1983
2007
2107
2015
1818
2027
2016
2045
2043
2067
2067
2067
2062
2096
2085
2077
2091
10000
2000
1875
1752
1658
1571
1490
1429
1355
1262
1250
1216
1124
1120
1072
1051
1025
983
971
880
908
896
856
852
822
836
794
781
812
754
728
730
720
708
684
666
688
653
640
632
624
617
605
608
595
600
578
588
558
568
570
10000
516
688
784
882
976
1088
1137
1200
1258
1325
1383
1379
1472
1535
1584
1597
1671
1616
1719
1745
1751
1820
1810
1846
1842
1814
1875
1893
1927
1935
1943
1979
1961
1984
1989
2011
2003
2000
2005
2032
2030
2057
2043
2061
2064
2085
2081
2063
2071
2103
10000
1999
1873
1767
1683
1584
1520
1424
1360
1321
1275
1230
1150
1136
1082
1015
1034
984
868
1040
912
896
868
848
826
832
774
784
752
761
732
730
716
712
688
672
666
640
653
634
640
640
592
592
593
592
560
578
570
688
555
10000
509
676
777
898
971
952
1124
1197
1251
1280
1370
1421
1424
1525
1558
1611
1661
1683
1703
1714
1745
1760
1798
1821
1855
1872
1886
1905
1853
1997
1961
1947
1923
1968
1991
2015
2032
2018
2025
2018
2031
2047
2065
2067
2083
2074
2078
2081
2027
2098
10000
1994
1867
1759
1645
1576
1518
1440
1392
1308
1253
1218
1165
1128
1100
1040
1034
976
960
933
916
880
868
848
842
819
800
789
770
752
732
732
760
657
685
684
680
592
656
650
617
608
614
608
601
576
565
621
560
553
533
10000
530
680
794
874
960
1052
1109
1200
1264
1322
1392
1424
1467
1535
1584
1618
1664
1585
1706
1716
1762
1782
1717
1821
1845
1872
1901
1895
1918
1934
1951
1968
1980
1970
1983
2000
1966
2003
2015
2011
2034
2047
2064
2039
2039
2069
2075
2085
2086
2095
10000
2027
1869
1774
1674
1570
1510
1424
1354
1312
1261
1216
1166
1111
1085
1072
1021
982
970
944
915
886
890
865
842
998
795
768
772
770
744
734
712
690
708
668
683
666
630
640
620
624
608
612
594
608
592
568
569
557
545
10000
516
588
795
884
944
1034
1118
1203
1244
1325
1360
1437
1472
1520
1578
1609
1635
1680
1714
1749
1763
1791
1795
1819
1796
1891
1879
1885
1904
1933
1936
1967
1958
1891
1990
2000
1987
2027
2031
2021
2047
2054
2034
2081
2069
2031
2081
2077
2090
2096
10000
2020
1885
1763
1653
1585
1504
1433
1277
1317
1258
1232
1164
1120
1098
1041
1005
1008
966
941
924
896
877
848
836
825
810
813
803
752
752
736
700
704
696
658
653
672
640
640
628
624
624
596
593
576
570
586
544
570
547
10000
500
656
784
883
953
1032
1117
1181
1258
1302
1385
1432
1474
1525
1558
1611
1687
1681
1628
1726
1759
1778
1813
1840
1851
1885
1881
1905
1914
1938
1947
1958
1966
2010
1987
1983
2029
2027
2020
2046
2034
2061
2068
2066
2045
2079
2087
2063
2093
2087
10000
2023
1872
1753
1666
1581
1499
1450
1365
1313
1203
1198
1168
1141
1083
1059
1020
992
1041
940
925
905
870
818
841
816
806
817
768
758
738
713
705
688
691
672
658
651
649
616
628
618
610
596
555
598
568
588
562
566
552
10000
532
801
770
884
976
1053
1076
1179
1264
1328
1319
1431
1491
1507
1577
1589
1629
1674
1701
1739
1750
1775
1819
1821
1856
1883
1871
1898
1911
1919
1937
1959
1968
1989
1997
1986
2021
2022
2036
2019
2037
2047
1968
2061
2077
2091
2086
2083
2059
2091
10000
2000
1879
1763
1664
1583
1472
1426
1362
1312
1280
1221
1162
1126
1101
1060
1042
1010
954
938
936
904
868
858
824
774
695
793
736
753
750
736
708
720
685
665
656
672
640
640
626
624
620
602
610
561
576
580
569
555
549
10000
502
652
780
877
944
1040
1136
1200
1250
1342
1363
1420
1488
1529
1569
1606
1646
1670
1713
1742
1744
1783
1808
1844
1866
1856
1862
1887
1901
1910
1945
1953
1962
1991
1983
2007
2000
2021
2029
2010
2035
2045
2069
2060
2064
2070
2199
2075
2096
2067
10000
1995
1881
1744
1670
1589
1500
1423
1392
1305
1264
1224
1171
1134
1076
1044
1014
982
966
944
925
900
872
854
816
828
816
784
772
753
736
678
704
705
772
672
672
662
650
628
624
619
604
612
596
586
589
496
557
522
537
10000
516
668
780
883
960
1053
1136
1198
1264
1337
1370
1426
1483
1523
1568
1598
1645
1675
1712
1731
1749
1744
1815
1828
1853
1872
1897
1904
1936
1910
1943
1962
1930
1957
2015
2018
2000
2004
2015
2033
2047
2032
2059
2043
2063
2083
2098
2109
2091
2099
10000
1985
1907
1750
1655
1557
1489
1433
1334
1305
1262
1194
1152
1128
1089
1064
1010
986
960
908
930
884
862
855
838
825
822
800
776
773
730
731
725
704
688
690
684
616
640
656
548
640
626
620
592
576
567
569
570
576
541
10000
529
675
776
874
961
1040
1108
1208
1271
1322
1360
1486
1472
1529
1580
1621
1648
1682
1699
1750
1769
1781
1801
1827
1841
1856
1981
1898
1910
1925
1953
1938
1983
1965
1994
1983
2003
2007
2026
2042
2042
2031
2047
2047
2065
2043
2062
2087
2075
2077
10000
2013
1898
1730
1662
1582
1501
1423
1369
1328
1270
1223
1193
1136
1073
1104
1026
986
977
944
1005
912
880
942
820
785
784
781
768
764
748
732
720
704
688
688
686
644
646
656
640
641
610
608
626
592
580
562
568
564
533
10000
544
667
784
886
976
1049
1140
1192
1258
1328
1393
1433
1475
1527
1562
1588
1710
1669
1683
1738
1756
1743
1818
1806
1872
1861
1875
1907
1913
1942
1917
1935
1970
1999
1971
2001
1983
2023
2007
2032
2030
2047
2065
2063
2067
2071
2074
2087
2077
2087
10000
2003
1865
1763
1680
1587
1488
1450
1363
1314
1253
1227
1184
1127
1091
1064
1013
1003
916
942
906
896
880
854
848
784
793
784
768
770
747
730
704
717
705
688
672
665
656
640
614
596
592
596
470
592
582
560
564
560
552
10000
530
682
769
873
972
1044
1124
1194
1261
1343
1382
1413
1497
1535
1535
1603
1639
1681
1716
1729
1744
1783
1794
1831
1826
1859
1892
1903
1911
1939
1931
1942
1963
1925
1969
1990
2000
2034
2033
2012
2106
2035
2070
2045
2061
2085
2064
2067
2094
2095
10000
1999
1860
1767
1677
1563
1492
1427
1360
1297
1280
1264
1168
1122
1088
1056
1045
974
950
944
930
896
876
752
864
812
794
770
784
757
722
724
743
720
699
680
672
649
650
651
626
609
624
596
604
592
576
577
572
560
532
10000
522
668
784
970
965
1050
1136
1200
1276
1329
1362
1437
1472
1522
1572
1607
1633
1664
1633
1776
1776
1781
1815
1830
1863
1865
1883
1887
1922
1926
1942
1935
1962
1961
1983
2000
2000
2038
2001
2009
2039
2047
2038
2063
2083
2064
2075
2079
2087
2078
10000
1998
1872
1762
1662
1589
1492
1422
1360
1313
1270
1200
1173
1120
1095
1056
1014
979
976
949
906
896
881
848
834
825
811
790
757
752
736
739
708
700
698
676
690
656
652
594
650
633
618
611
590
592
592
560
510
570
557
10000
537
656
784
880
968
1052
1133
1208
1280
1320
1394
1446
1474
1616
1556
1625
1643
1681
1707
1741
1744
1759
1740
1820
1790
1882
1922
1904
1922
1924
1943
2035
1951
1962
1996
2066
1997
2014
2000
1951
2021
2047
2047
2047
2047
2070
2081
2087
2095
2095
10000
1979
1850
1770
1645
1581
1490
1416
1392
1310
1280
1216
1241
1152
1088
1060
1034
994
976
960
912
902
870
832
829
840
816
776
774
754
640
744
714
704
690
694
640
658
668
649
640
616
624
616
592
592
580
643
576
577
560
10000
498
690
800
888
961
1074
1120
1196
1266
1313
1296
1417
1488
1530
1454
1616
1653
1663
1715
1749
1837
1805
1804
1825
1843
1943
1887
1900
1927
1917
1930
1970
1974
1990
1999
2014
1998
2027
2032
2031
2047
2064
2047
2135
1812
2047
2087
2095
2087
2096
10000
1972
1879
1751
1679
1535
1472
1431
1370
1314
1264
1216
1178
1106
1099
1072
1018
976
950
930
932
896
881
864
827
832
800
784
880
753
748
816
715
724
685
684
672
668
652
634
612
612
620
610
618
576
576
557
576
550
556
10000
528
666
784
890
986
1028
1120
1196
1248
1325
1392
1429
1461
1523
1565
1596
1649
1679
1757
1711
1780
1767
1805
1839
1863
1870
1885
1790
1904
1919
1935
1958
1875
1921
2003
1975
2017
1987
2041
2027
2031
2031
1883
2043
1969
2064
2063
2067
2087
2091
10000
1997
1792
1769
1664
1586
1484
1360
1334
1320
1261
1230
1177
1126
1084
1050
1030
992
968
946
933
892
880
880
841
797
800
841
790
768
754
744
716
720
688
685
664
656
651
640
625
594
602
588
608
609
656
576
576
586
565
10000
500
684
789
870
963
1097
1104
1190
1264
1329
1407
1419
1475
1607
1598
1595
1632
1678
1702
1714
1758
1781
1794
1807
1840
1854
1858
1886
1915
1917
1931
1945
1967
1947
1986
2000
2007
2012
2023
2037
2032
2045
2055
2060
2064
2032
2059
2082
2077
2096
10000
1995
1881
1752
1666
1578
1501
1433
1358
1328
1274
1213
1174
1412
1096
1064
1017
984
965
937
922
894
896
840
854
816
816
782
777
752
746
720
786
705
689
688
679
656
648
641
625
624
596
603
590
592
586
576
565
568
544
10000
528
674
784
885
976
1033
1104
1200
1268
1312
1389
1429
1469
1520
1574
1594
1637
1690
1698
1837
1757
1777
1800
1838
1890
1871
1874
1902
1957
1933
1923
1938
1970
1953
1987
1991
1979
2026
2015
2021
2033
2045
2061
2043
2065
2083
2078
2077
2075
2108
10000
2022
1866
1715
1690
1570
1507
1424
1386
1300
1252
1200
1172
1132
1108
1053
1005
1000
970
940
931
898
878
842
832
816
796
790
773
756
742
728
700
712
696
681
656
656
662
640
642
608
610
609
592
592
596
570
645
546
560
10000
544
672
772
881
965
1047
1212
1188
1273
1248
1370
1424
1459
1517
1579
1600
1631
1660
1709
1745
1749
1785
1791
1828
1850
1872
1875
1902
2007
1951
1959
1957
2023
1971
1983
2007
2010
2015
2011
2023
2031
2025
2043
2039
2063
2064
2071
2077
2087
2096
10000
1984
1872
1775
1691
1590
1491
1442
1370
1310
1340
1217
1166
1120
1092
1028
1011
963
960
950
913
896
848
738
829
844
804
794
782
752
744
752
722
700
688
672
684
656
672
656
640
620
615
604
601
581
589
576
560
560
562
10000
504
686
784
876
961
1056
1106
1186
1269
1332
1344
1422
1461
1487
1565
1613
1630
1658
1708
1723
1751
1786
1808
1754
1841
1872
1901
1905
1905
1910
1962
1956
1953
1984
1968
2007
2142
2014
2014
2013
2027
2043
2061
2059
2078
2069
2065
2055
2095
2093
10000
2007
1839
1743
1667
1579
1513
1424
1379
1317
1277
1210
1197
1136
1115
1066
1040
993
960
936
912
914
869
864
832
837
816
796
780
752
752
729
706
704
710
682
661
680
653
640
640
624
614
622
600
592
569
576
552
560
547
10000
514
680
784
877
964
1060
1137
1360
1268
1337
1393
1418
1459
1522
1578
1615
1630
1666
1705
1730
1763
1778
1796
1808
1840
1819
1863
1917
1936
1945
1940
1968
1968
1973
1989
1994
2000
2023
1989
1991
2022
2038
2063
2059
2095
2064
2065
2099
2081
2090
10000
2000
1870
1751
1668
1558
1477
1438
1361
1312
1254
1270
1051
1139
1088
1035
1032
988
954
930
898
897
860
871
833
837
816
789
740
762
752
748
722
713
713
672
676
684
650
656
642
632
548
611
609
594
586
576
561
576
566
10000
469
666
778
810
961
1042
1123
1200
1265
1312
1387
1424
1486
1519
1589
1600
1667
1692
1692
1731
1760
1782
1817
1842
1840
1878
1872
1905
1910
1936
1935
1962
1974
1974
1984
2007
2011
1983
1904
2015
2033
2033
2059
2035
2063
2065
2074
2079
2065
2077
10000
1994
1875
1744
1675
1608
1521
1424
1360
1309
1295
1214
1165
1123
1075
1054
1018
981
961
944
896
905
880
840
848
828
800
784
778
763
740
736
715
708
672
688
661
672
658
656
644
613
640
620
608
602
579
592
566
561
536
10000
510
660
772
864
960
1036
1121
1194
1251
1314
1365
1424
1485
1520
1574
1591
1654
1626
1709
1739
1759
1725
1690
1808
1847
1895
1868
1901
1909
1905
1953
1954
1950
1990
1968
1986
1994
1986
2012
2065
2011
2019
2047
2047
2099
2064
2067
2087
2081
2101
10000
2000
1860
1749
1650
1535
1501
1427
1372
1326
1245
1222
1162
1126
1093
1082
1035
985
965
944
929
892
877
864
832
832
816
800
770
773
749
752
713
714
698
704
656
666
653
650
640
620
626
618
602
592
468
568
586
576
552
10000
521
678
780
896
944
1046
1117
1191
1252
1234
1389
1424
1488
1522
1583
1603
1647
1648
1712
1698
1756
1794
1808
1819
1840
1884
1871
1904
1906
1926
1947
1959
1950
1971
1979
2000
1999
2038
2017
2011
2019
1990
2064
2061
2014
2078
2047
2064
2094
2075
10000
1991
1793
1806
1663
1588
1506
1409
1362
1302
1266
1233
1158
1128
1089
1072
1034
993
973
938
908
898
892
848
844
825
803
784
784
754
753
738
729
698
684
688
662
675
652
626
627
630
620
628
596
597
572
580
588
568
576
10000
544
674
787
881
964
1030
1113
1187
1276
1329
1392
1421
1495
1527
1558
1603
1648
1662
1711
1747
1758
1755
1812
1814
1838
1872
1899
1914
1917
1941
1939
1936
1957
1987
1988
1996
1994
2015
2032
2035
2039
2032
2026
2064
2089
2001
2047
2084
2086
2079
10000
1985
1885
1746
1675
1584
1659
1456
1366
1323
1264
1216
1174
1136
1088
1040
1037
979
960
946
912
897
860
842
845
834
790
790
768
760
734
727
714
726
706
672
672
656
660
640
628
624
640
617
608
592
588
584
576
582
548
10000
504
676
763
868
970
1049
1122
1200
1265
1330
1373
1424
1466
1531
1566
1602
1648
1691
1684
1727
1777
1776
1806
1817
1840
1886
1873
1898
1902
1935
1933
1962
1953
1969
2006
2000
2001
1990
2021
2017
2025
2045
2047
2058
2033
2079
2107
2009
2064
2109
10000
2012
1889
1755
1649
1581
1486
1422
1372
1316
1264
1221
1173
1136
1088
1056
1035
976
977
940
916
884
880
866
832
834
812
784
788
745
754
722
720
709
704
688
658
929
642
625
645
618
608
626
592
593
610
580
464
564
545
10000
528
662
796
880
961
1030
1132
1200
1270
1328
1387
1427
1477
1521
1619
1600
1632
1683
1714
1721
1776
1785
1818
1809
1852
1871
1883
1877
1936
1936
1939
1943
1977
1968
1989
2000
2011
2023
2003
2031
2030
2039
2062
2039
2047
2055
2086
2074
2107
2084
10000
1987
1872
1765
1667
1582
1509
1421
1376
1307
1245
1248
1173
1145
1101
1072
1010
1011
960
952
904
897
872
834
840
813
784
784
797
770
746
736
720
716
693
684
662
658
644
608
634
624
634
621
616
584
577
572
568
560
560
10000
528
676
777
872
976
963
1093
1186
1255
1297
1379
1413
1466
1505
1558
1584
1622
1667
1706
1732
1760
1750
1805
1815
1862
1872
1865
1872
1911
1931
1917
1951
1965
1973
1991
1977
2000
2011
2015
2022
2023
2032
2030
2047
2059
2043
2087
2022
2087
2064
10000
1985
1887
1872
1662
1591
1498
1442
1453
1320
1261
1217
1168
1136
1088
1064
1020
994
982
944
925
903
878
888
856
816
816
800
790
736
752
729
720
706
674
668
674
672
622
634
619
640
624
624
596
592
581
576
580
572
560
10000
528
660
774
912
973
1061
1136
1200
1257
1310
1392
1435
1495
1526
1584
1609
1648
1670
1692
1733
1749
1770
1811
1825
1956
1855
1882
1921
1956
1909
1926
1942
1955
1965
1987
2006
2001
2011
1951
2006
2035
2082
2046
2069
2064
2058
2085
2101
2069
2093
10000
1998
1888
1757
1645
1581
1504
1427
1378
1321
1257
1228
1161
1140
1088
1045
925
964
964
951
923
912
886
853
848
816
808
793
780
716
764
740
738
721
709
689
677
684
656
646
664
632
626
610
608
592
593
581
576
528
556
10000
528
682
805
882
970
1037
1120
1118
1259
1340
1369
1443
1469
1526
1535
1622
1646
1680
1687
1741
1751
1763
1808
1823
1863
1831
1887
1906
1903
1923
1935
1950
1984
1986
1967
2007
2011
2019
2029
2019
2039
2055
2035
2043
2065
2063
2064
2082
2087
2097
10000
2003
1859
1780
1666
1595
1474
1430
1360
1304
1268
1211
1168
1157
1100
1069
1034
990
961
939
930
896
882
836
846
845
806
804
768
744
752
721
716
706
697
684
684
661
649
594
640
640
622
612
608
595
596
568
553
697
540
10000
538
700
800
880
965
1060
1126
1155
1264
1346
1385
1484
1471
1534
1628
1589
1646
1674
1685
1741
1750
1764
1808
1840
1849
1842
1889
1894
1921
1937
1925
1954
1963
1965
1989
2007
1997
1983
2019
2032
2029
2047
2043
2066
2047
2075
2039
2069
2085
2064
10000
1995
1872
1751
1655
1581
1486
1434
1378
1306
1264
1219
1171
1126
1088
1068
1037
986
968
944
930
912
867
849
832
841
804
788
776
758
748
738
736
709
681
688
672
666
660
644
640
631
621
604
598
584
556
576
576
576
560
10000
504
665
800
861
960
1056
1120
1198
1260
1333
1374
1425
1481
1521
1561
1599
1658
1673
1715
1712
1757
1791
1808
1823
1840
1869
1863
1887
1915
1939
1931
1965
1950
1977
1967
1997
1991
2000
2000
2031
2006
2046
2046
2031
2057
2089
2079
2079
2079
2096
10000
2011
1872
1776
1650
1645
1415
1437
1408
1305
1276
1221
1154
1129
1097
1072
1029
977
987
944
912
917
880
912
849
820
809
784
784
770
752
722
728
696
709
688
688
650
832
632
593
608
596
608
594
592
576
562
608
560
554
10000
504
674
792
878
961
1040
1129
1204
1231
1315
1374
1440
1523
1517
1571
1613
1641
1663
1698
1762
1754
1785
1777
1821
1808
1856
1824
1899
1915
1904
1935
1959
1949
1974
1975
1967
2008
2007
2007
2027
2054
2043
2018
2019
2064
2079
2085
2079
2021
2003
10000
1997
1865
1751
1651
1581
1490
1421
1376
1309
1345
1203
1184
1136
982
1054
1014
977
986
922
922
896
877
874
843
832
806
771
826
776
756
734
720
725
672
700
684
668
656
624
644
640
624
624
587
592
596
576
585
580
560
10000
528
684
772
880
944
1030
1130
1178
1248
1309
1381
1424
1478
1526
1584
1593
1615
1701
1699
1728
1737
1795
1802
1823
1821
1797
1885
1903
1896
1927
1936
1954
1968
1983
1936
1984
1988
2011
2032
2011
2027
2033
2027
2047
2066
2047
2075
2067
2078
2086
10000
2005
1881
1734
1648
1574
1497
1442
1354
1302
1264
1220
1176
1134
1101
1046
1040
1008
949
948
912
883
867
847
832
824
784
785
771
774
737
724
718
708
688
688
667
635
653
615
667
615
608
688
602
592
576
576
577
560
554
10000
524
682
850
900
961
1040
1111
1200
1280
1326
1362
1435
1469
1516
1484
1600
1635
1681
1717
1713
1755
1767
1791
1808
1846
1867
1860
1894
1937
1923
1923
1943
1954
1975
1984
1991
2022
2026
2001
2063
2054
2054
2067
2047
2074
2071
2071
2080
2087
2085
10000
1986
1863
1757
1671
1579
1501
1408
1357
1326
1264
1216
1166
1112
1080
1056
1010
1001
960
928
907
890
900
853
824
829
790
779
776
754
757
736
710
694
689
704
669
676
660
652
562
608
628
592
592
592
598
490
629
584
557
10000
528
669
778
890
976
1021
1152
1201
1252
1318
1374
1422
1479
1508
1557
1602
1655
1673
1712
1711
1761
1780
1794
1825
1817
1881
1873
1878
1938
1937
1935
1935
1940
1982
1957
1981
2003
2000
1999
2029
2017
2061
2047
2074
2046
2071
2064
2071
2070
2123
10000
1991
1826
1771
1660
1562
1509
1429
1353
1306
1280
1224
1168
1132
1101
1068
1012
978
939
933
924
874
880
848
860
821
804
784
794
761
756
746
736
725
698
683
680
656
643
656
630
624
620
619
610
594
592
576
580
570
552
10000
529
683
777
884
973
1042
1116
1186
1280
1311
1379
1424
1474
1566
1581
1610
1649
1675
1707
1695
1762
1790
1803
1837
1861
1863
1865
1927
1911
1943
1875
1957
1963
1969
1985
1977
2007
2117
2010
2011
2026
2064
2044
2064
2080
2074
2063
2108
2093
2099
10000
2007
1854
1763
1671
1580
1486
1424
1362
1312
1264
1218
1177
1136
1076
1034
1021
965
982
938
931
906
874
848
826
824
812
796
832
752
746
720
730
729
688
660
684
656
656
656
624
640
614
600
612
592
568
592
576
576
501
10000
520
678
787
877
942
1040
1112
1182
1256
1328
1361
1411
1477
1517
1556
1600
1637
1668
1680
1721
1772
1774
1807
1842
1854
1871
1893
1901
1909
1904
1892
1964
1972
1973
1966
1995
2000
1998
2006
2032
2021
2035
2029
2039
2078
2042
2064
2079
2064
2077
10000
1991
1873
1744
1649
1584
1502
1366
1356
1306
1262
1211
1168
1121
1088
1068
1018
984
956
870
937
896
1074
849
821
836
816
738
730
768
750
717
720
691
692
720
660
659
662
645
624
628
608
496
616
576
598
586
569
486
560
10000
518
672
788
868
956
1036
1106
1200
1288
1323
1377
1428
1500
1518
1584
1594
1648
1697
1694
1744
1744
1770
1794
1819
1846
1847
1879
1869
1919
1918
1935
1933
1945
1966
1978
1990
2007
2022
2004
2031
2026
2032
2064
2032
2112
2066
1996
2075
2094
2109
10000
2012
1872
1763
1662
1574
1504
1427
1360
1313
1264
1211
1173
1125
1088
1066
1027
985
961
933
944
912
944
874
818
816
800
792
794
768
760
720
724
706
688
688
666
683
665
640
640
614
624
628
570
588
576
596
562
576
560
10000
528
674
794
888
946
1042
1100
1216
1266
1313
1398
1420
1456
1518
1564
1607
1644
1678
1697
1743
1762
1797
1797
1829
1845
1881
1884
1902
1907
1931
1935
1950
1951
1965
1990
1993
2019
1999
2018
2023
2026
2039
2047
2039
2096
2071
2063
2079
2091
2067
10000
2013
1869
1771
1669
1535
1490
1424
1355
1320
1280
1221
1167
1149
1088
1070
999
998
970
948
928
896
908
864
848
826
816
818
784
756
748
713
728
752
688
674
693
664
640
632
634
628
620
616
608
592
578
592
592
546
546
10000
554
672
784
887
954
1053
1124
1186
1273
1319
1370
1441
1497
1513
1565
1604
1648
1685
1693
1726
1535
1779
1783
1831
1847
1851
1866
1915
1915
1926
1926
1966
1969
1983
1946
2013
2019
2001
2043
2022
2021
2066
2043
2073
2064
2075
2064
2075
2086
2094
10000
2003
1901
1776
1648
1634
1494
1424
1366
1303
1264
1216
1168
1136
1088
1040
1010
985
1070
900
896
890
888
850
845
829
810
800
768
758
762
752
737
708
710
672
672
648
653
657
634
620
626
605
592
592
576
588
540
561
562
10000
528
678
786
880
973
1019
1130
1177
1251
1319
1367
1408
1493
1524
1561
1606
1618
1660
1717
1733
1710
1799
1791
1825
1836
1866
1885
1897
1901
1905
1938
1947
1963
1973
1968
1987
1989
2015
2012
2035
2031
2037
2032
2077
2032
2063
2077
2060
2093
2096
10000
2012
1862
1755
1678
1527
1498
1426
1365
1350
1321
1222
1194
1150
1039
1098
1047
972
969
960
935
851
864
866
832
833
810
794
776
774
732
720
755
707
680
666
672
676
656
661
660
630
629
613
588
588
584
576
560
584
569
10000
550
688
787
880
966
1045
1122
1190
1258
1328
1388
1429
1483
1525
1568
1600
1648
1681
1709
1700
1755
1770
1798
1874
1855
1859
1872
1881
1907
1919
1930
1946
2110
1986
2007
1998
2016
1999
2011
2031
2023
2032
2043
2064
2055
2070
2063
2096
2075
2085
10000
2001
1885
1767
1666
1589
1488
1424
1353
1332
1280
1216
1185
1136
1088
1046
1020
989
870
960
914
898
854
848
832
840
825
795
780
756
768
740
706
717
708
696
669
656
657
626
616
640
627
621
620
592
594
620
496
576
544
10000
516
668
789
885
944
1002
1097
1186
1260
1315
1376
1431
1491
1535
1562
1591
1646
1680
1702
1706
1766
1787
1748
1812
1842
1856
1883
1897
1886
1927
1919
1941
1979
1974
1949
2007
1991
2038
2000
1999
2020
2064
2035
2047
2039
2047
2070
2079
2084
2092
10000
2001
1861
1745
1682
1576
1488
1444
1360
1446
1265
1251
1191
1131
1104
1040
1026
1005
976
972
930
910
880
806
842
813
800
776
784
770
752
733
720
724
688
692
674
650
666
640
640
616
600
621
582
628
576
572
560
452
565
10000
524
685
774
896
976
1052
1123
1222
1250
1328
1386
1424
1472
1523
1558
1616
1647
1677
1687
1739
1747
1770
1816
1795
1792
1792
1845
1889
1898
1933
1936
1943
1959
1969
2245
1986
2000
2005
2010
2031
2015
2027
2063
2037
2058
2075
2157
2070
2083
2071
10000
1991
1872
1765
1673
1584
1486
1429
1351
1342
1280
1202
1200
1144
1098
1072
1014
1033
976
944
912
901
877
856
843
829
856
805
784
838
804
754
720
693
696
732
688
658
648
640
704
624
592
624
609
610
576
576
576
616
544
10000
532
658
784
882
980
1040
1118
1196
1251
1301
1363
1441
1461
1523
1524
1607
1631
1723
1708
1715
1767
1787
1797
1858
1844
1844
1872
1872
1905
1937
1935
1946
1955
1968
2083
1985
1969
1966
2018
2062
2018
2030
2039
2064
2060
2045
2064
2082
2086
2083
10000
1989
1872
1759
1648
1589
1490
1425
1362
1325
1274
1218
1178
1133
1084
1055
1040
992
976
960
922
912
890
834
860
832
800
778
772
780
748
750
724
710
688
688
678
668
673
650
624
624
614
604
628
576
578
566
569
563
564
10000
528
685
768
832
966
1040
1132
1199
1257
1324
1373
1431
1481
1530
1535
1597
1642
1667
1701
1729
1750
1781
1796
1823
1837
1867
1872
1910
1903
1921
1936
1958
1953
1958
1985
1985
1989
2011
2023
2032
2031
2047
1995
2054
2059
2064
2070
2079
2064
2096
10000
1985
1866
1771
1670
1590
1488
1453
1360
1317
1268
1216
1152
1149
1085
1057
1013
985
970
949
922
900
878
870
845
821
817
794
788
779
757
729
716
700
704
784
684
645
661
642
416
640
612
602
608
616
592
576
576
570
563
10000
538
685
769
880
960
1037
1136
1132
1252
1328
1373
1428
1481
1532
1584
1600
1619
1666
1698
1733
1757
1771
1806
1840
1849
1871
1869
1901
1915
1923
1936
1950
1964
1977
1957
1985
1995
2015
2013
2019
2010
2031
2064
2046
2032
2041
2061
2067
2087
2091
10000
1989
1812
1754
1666
1588
1483
1424
1371
1332
1253
1245
1235
1159
1102
1049
1038
979
966
916
920
896
864
872
862
825
821
816
794
752
763
726
722
724
704
694
684
672
660
634
632
640
624
592
592
585
592
570
572
577
538
10000
516
673
782
880
976
1051
1121
1200
1369
1317
1389
1467
1476
1521
1567
1601
1645
1648
1695
1743
1753
1786
1799
1831
1838
1856
1872
1791
1887
1906
2059
1925
2007
1971
1981
1979
2004
2023
2003
2090
2029
2043
2035
2031
2062
2046
2075
2067
2087
2087
10000
2000
1873
1753
1664
1570
1493
1424
1366
1326
1258
1200
1163
1147
1077
1053
1040
988
960
944
912
880
880
874
852
828
772
784
784
769
750
773
736
720
657
696
673
667
665
640
624
608
624
616
612
608
587
600
568
560
576
10000
525
713
794
880
1082
1069
1146
1200
1265
1356
1384
1431
1472
1517
1563
1607
1648
1658
1709
1731
1743
1775
1810
1827
1857
1849
1881
1887
1936
1923
1936
1958
1959
1974
1991
1942
2000
2014
2000
2023
2011
2020
2058
2039
2063
2074
2047
2081
2071
2081
10000
1975
1870
1751
1657
1582
1504
1424
1377
1333
1259
1210
1230
1144
1104
1047
978
992
1028
949
912
900
898
855
856
821
816
788
786
762
768
736
730
726
698
690
662
665
640
657
640
666
624
630
618
605
592
576
550
564
576
10000
529
682
800
896
971
1012
1124
1113
1276
1317
1381
1418
1491
1509
1553
1603
1639
1664
1701
1738
1758
1763
1796
1819
1771
1951
1880
1888
1887
1927
1933
1861
1904
1968
1974
2000
2014
1999
2023
2003
2018
2034
2042
2032
2075
2082
2067
2078
2078
2095
10000
2000
1876
1744
1847
1576
1495
1426
1344
1324
1261
1220
1181
1132
1095
1056
1014
1004
960
931
913
904
864
856
832
808
818
804
769
761
743
731
709
721
697
676
681
672
650
646
640
633
612
610
598
590
580
600
564
576
560
10000
500
665
779
880
1042
1071
1147
1212
1283
1344
1381
1428
1393
1526
1584
1616
1642
1683
1707
1729
1751
1785
1793
1885
1820
1873
1857
1902
1899
1914
1918
1927
1968
1973
1975
2003
1991
2004
2039
2021
2037
2031
2023
2029
2043
2047
2082
2065
2081
2087
10000
2017
1842
1775
1657
1580
1510
1446
1377
1317
1281
1214
1166
1122
1094
1052
1044
977
960
956
932
912
886
866
840
828
834
788
753
769
736
741
718
708
640
688
668
664
651
662
645
624
592
621
608
597
566
582
738
560
592
10000
544
668
724
874
961
1040
1155
1306
1273
1320
1361
1424
1479
1525
1553
1614
1653
1670
1690
1712
1753
1782
1825
1814
1862
1867
1882
1886
1891
1919
1950
1942
1967
1981
1824
1994
1983
2003
2017
2021
1996
2041
2037
2094
2065
2059
2066
2081
2083
2083
10000
2017
1873
1750
1659
1555
1489
1428
1328
1309
1250
1219
1305
1144
1086
1044
1022
985
954
943
924
914
892
865
849
829
810
788
774
777
752
742
733
714
689
682
688
660
680
642
642
644
609
626
608
580
593
576
572
560
576
10000
524
678
777
896
960
1029
1105
1226
1245
1313
1366
1413
1445
1493
1552
1588
1633
1691
1679
1680
1735
1776
1808
1823
1822
1872
1863
1894
1899
1936
1930
2021
1955
2045
1989
2009
2000
2092
1924
2030
2023
2032
2015
2060
2061
2055
2077
2101
2077
2047
10000
1997
1867
2025
1653
1593
1488
1447
1380
1318
1261
1224
1184
1136
1108
1053
1008
982
955
944
866
909
912
816
844
824
712
784
784
757
738
737
726
705
698
683
676
672
661
656
626
624
620
605
603
591
582
578
532
568
560
10000
464
672
782
880
976
1058
1084
1136
1264
1335
1377
1406
1481
1520
1563
1586
1628
1662
1696
1723
1745
1775
1792
1819
1841
1855
1888
1899
1910
1915
1937
1930
1967
1968
1973
1983
1998
1997
2018
2014
2032
2031
2033
2058
2065
2057
2077
2078
2010
2078
10000
1984
1881
1776
1632
1566
1510
1424
1360
1310
1207
1221
1177
1139
1088
1065
995
984
962
930
937
903
885
864
845
829
816
800
776
784
768
757
705
726
672
706
698
669
740
650
640
640
641
602
620
624
592
584
576
576
548
10000
544
688
788
896
976
1037
1129
1197
1264
1318
1349
1420
1475
1504
1554
1613
1626
1664
1696
1740
1760
1787
1794
1787
1850
1799
1889
1909
1891
1938
1938
1942
1977
1973
1991
1981
1981
1989
2010
1963
2032
2035
2045
2047
2059
2045
2047
2066
2065
2069
10000
1995
1891
1769
1535
1392
1512
1424
1376
1316
1294
1210
1182
1141
1100
1067
1001
992
974
960
918
