3667
3662
3695
3667
3687
3695
3671
3699
3679
3671
3675
3671
3694
3679
3663
3679
3675
3687
3703
3679
3667
3659
3711
3695
3687
3707
3691
3695
3699
3647
3687
3695
3697
3663
3687
3699
3697
3647
3719
3695
3719
3679
10000
384
58
53
36
0
0
0
0
0
0
0
0
0
0
0
0
0
0
0
0
0
0
0
0
0
0
0
0
0
0
0
0
0
0
0
0
0
0
0
0
0
0
0
0
0
0
0
0
0
0
10000
0
2486
3563
3623
3663
3709
3695
3671
3667
3667
3663
3663
3675
3677
3683
3665
3699
3691
3695
3695
3679
3679
3675
3771
3723
3691
3711
3693
3677
3723
3623
3679
3677
3647
3671
3703
3729
3743
3679
3711
3665
3687
3655
3663
3695
3663
3743
3727
3639
3711
10000
352
42
48
33
56
0
0
0
0
0
0
0
0
0
0
0
0
0
0
0
0
0
0
0
0
0
0
0
0
0
0
0
0
0
0
0
0
0
0
0
0
0
0
0
0
0
0
0
0
0
10000
0
2485
3559
3665
3627
3623
3695
3659
3711
3627
3697
3711
3627
3671
3687
3691
3679
3663
3663
3710
3698
3699
3629
3727
3695
3671
3677
3535
3687
3679
3679
3669
3665
3691
3719
3654
3671
3667
3667
3661
3727
3679
3671
3711
3671
3695
3695
3703
3679
3675
10000
346
32
48
16
0
16
8
0
0
0
0
0
0
0
0
0
0
0
0
0
0
0
0
0
0
0
0
0
0
0
0
0
0
0
0
0
0
0
0
0
0
0
0
0
0
0
0
0
0
0
10000
0
2495
3539
3647
3687
3659
3711
3607
3645
3646
3679
3695
3655
3699
3695
3663
3647
3663
3663
3685
3695
3665
3771
3665
3647
3665
3691
3679
3665
3687
3647
3659
3685
3703
3727
3679
3695
3659
3675
3683
3667
3655
3725
3665
3707
3679
3703
3679
3687
3678
10000
368
64
42
17
4
16
0
0
0
0
0
0
0
0
0
0
0
0
0
0
0
0
0
0
0
0
0
0
0
0
0
0
0
0
0
0
0
0
0
0
0
0
0
0
0
0
0
0
0
0
10000
0
2522
3537
3675
3679
3639
3675
3711
3647
3647
3643
3675
3665
3661
3679
3679
3697
3679
3699
3679
3679
3663
3671
3711
3663
3663
3653
3703
3659
3665
3679
3679
3663
3687
3679
3699
3703
3663
3711
3685
3671
3671
3686
3711
3683
3699
3679
3687
3697
3697
10000
352
78
48
48
20
0
0
0
0
0
0
0
0
0
0
0
0
0
0
0
0
0
0
0
0
0
0
0
0
0
0
0
0
0
0
0
0
0
0
0
0
0
0
0
0
0
0
0
0
0
10000
0
2499
3571
3679
3663
3679
3695
3631
3679
3679
3647
3727
3665
3631
3729
3686
3711
3699
3671
3711
3679
3639
3695
3671
3698
3695
3709
3691
3679
3691
3575
3699
3675
3719
3667
3839
3702
3701
3675
3695
3701
3735
3719
3695
3643
3635
3663
3703
3671
3659
10000
364
32
64
0
8
0
0
16
0
0
0
0
0
0
0
0
0
0
0
0
0
0
0
0
0
0
0
0
0
0
0
0
0
0
0
0
0
0
0
0
0
0
0
0
0
0
0
0
0
0
10000
0
2512
3551
3667
3683
3679
3631
3727
3735
3631
3691
3663
3699
3667
3671
3663
3663
3675
3663
3717
3687
3693
3671
3655
3687
3759
3679
3711
3675
3709
3671
3696
3667
3731
3635
3663
3699
3667
3683
3711
3685
3725
3711
3707
3635
3671
3695
3677
3662
3711
10000
321
38
32
32
16
0
0
8
0
8
0
0
0
0
0
0
0
0
0
0
0
0
0
0
0
0
0
0
0
0
0
0
0
0
0
0
0
0
0
0
0
0
0
0
0
0
0
0
0
0
10000
0
2531
3583
3643
3663
3701
3671
3686
3671
3703
3667
3686
3677
3651
3655
3663
3679
3751
3727
3647
3727
3667
3711
3614
3679
3663
3731
3647
3679
3711
3719
3711
3703
3711
3711
3677
3701
3699
3691
3671
3697
3669
3687
3697
3679
3695
3735
3703
3695
3711
10000
352
48
32
34
0
0
18
0
0
0
0
0
0
0
0
0
0
0
0
0
0
0
0
0
0
0
0
0
0
0
0
0
0
0
0
0
0
0
0
0
0
0
0
0
0
0
0
0
0
0
10000
0
2515
3559
3679
3675
3711
3699
3667
3679
3654
3679
3695
3679
3677
3707
3671
3675
3699
3663
3670
3739
3697
3663
3703
3698
3707
3709
3711
3687
3687
3671
3711
3693
3763
3679
3803
3679
3694
3710
3703
3663
3703
3611
3691
3701
3679
3695
3697
3709
3691
10000
348
64
16
26
18
0
8
0
0
0
0
0
0
0
0
0
0
0
0
0
0
0
0
0
0
0
0
0
0
0
0
0
0
0
0
0
0
0
0
0
0
0
0
0
0
0
0
0
0
0
10000
0
2542
3551
3671
3703
3671
3511
3679
3695
3679
3679
3687
3691
3635
3742
3687
3679
3695
3655
3707
3655
3695
3695
3719
3667
3871
3679
3725
3669
3695
3711
3719
3697
3711
3707
3663
3695
3711
3687
3719
3679
3623
3723
3687
3731
3703
3707
3695
3685
3679
10000
308
80
34
0
16
2
0
0
0
0
0
0
0
0
0
0
0
0
0
0
0
0
0
0
0
0
0
0
0
0
0
0
0
0
0
0
0
0
0
0
0
0
0
0
0
0
0
0
0
0
10000
0
2544
3575
3661
3679
3679
3655
3679
3703
3687
3659
3707
3679
3695
3663
3755
3697
3671
3739
3675
3687
3699
3671
3695
3687
3719
3691
3687
3703
3669
3675
3679
3697
3663
3679
3697
3675
3695
3702
3687
3694
3683
3711
3699
3730
3725
3695
3703
3695
3696
10000
384
64
66
32
1
0
16
0
0
0
0
0
0
0
0
0
0
0
0
0
0
0
0
0
0
0
0
0
0
0
0
0
0
0
0
0
0
0
0
0
0
0
0
0
0
0
0
0
0
0
10000
0
2519
3559
3667
3671
3707
3663
3687
3695
3701
3671
3725
3667
3685
3695
3683
3665
3669
3663
3697
3679
3739
3707
3695
3703
3695
3711
3679
3707
3687
3695
3675
3699
3679
3697
3729
3697
3719
3731
3679
3695
3711
3699
3695
3699
3703
3727
3711
3695
3723
10000
352
82
64
8
42
22
112
0
19
0
0
0
0
0
0
0
0
0
0
0
0
0
0
0
0
0
0
0
0
0
0
0
0
0
0
0
0
0
0
0
0
0
0
0
0
0
0
0
0
0
10000
0
2494
3567
3647
3659
3671
3663
3659
3699
3703
3695
3725
3699
3699
3670
3699
3691
3679
3687
3679
3709
3711
3709
3707
3677
3679
3743
3711
3723
3711
3697
3727
3707
3687
3699
3711
3671
3695
3699
3695
3695
3679
3711
3711
3719
3723
3519
3699
3679
3735
10000
330
51
50
20
32
16
0
0
0
0
0
0
0
0
0
0
0
0
0
0
0
0
0
0
0
0
0
0
0
0
0
0
0
0
0
0
0
0
0
0
0
0
0
0
0
0
0
0
0
0
10000
0
2469
3567
3659
3698
3655
3679
3726
3647
3699
3699
3679
3711
3731
3663
3691
3711
3679
3707
3687
3727
3697
3707
3687
3697
3711
3631
3755
3717
3707
3671
3697
3695
3719
3711
3711
3683
3695
3695
3711
3725
3727
3747
3663
3755
3775
3697
3719
3695
3675
10000
340
64
32
44
8
0
0
4
0
0
0
0
0
0
0
0
0
0
0
0
0
0
0
0
0
0
0
0
0
0
0
0
0
0
0
0
0
0
0
0
0
0
0
0
0
0
0
0
0
0
10000
0
2487
3551
3635
3699
3707
3695
3691
3741
3743
3663
3719
3675
3723
3687
3663
3731
3699
3723
3699
3727
3813
3735
3663
3675
3711
3719
3647
3699
3711
3711
3719
3623
3677
3699
3699
3727
3711
3679
3733
3667
3679
3707
3719
3679
3719
3719
3711
3695
3727
10000
304
64
44
35
64
16
0
0
0
0
0
0
0
0
0
0
0
0
0
0
0
0
0
0
0
0
0
0
0
0
0
0
0
0
0
0
0
0
0
0
0
0
0
0
0
0
0
0
0
0
10000
0
2513
3547
3643
3695
3667
3697
3703
3743
3663
3679
3635
3663
3663
3697
3663
3647
3729
3699
3663
3667
3679
3727
3679
3663
3655
3695
3699
3631
3647
3727
3730
3663
3735
3751
3655
3647
3675
3667
3699
3663
3679
3711
3711
3691
3723
3663
3687
3739
3695
10000
308
52
48
32
4
0
0
0
0
0
0
0
0
0
0
0
0
0
0
0
0
0
0
0
0
0
0
0
0
0
0
0
0
0
0
0
0
0
0
0
0
0
0
0
0
0
0
0
0
0
10000
0
2511
3583
3647
3663
3663
3727
3707
3675
3663
3651
3663
3727
3703
3697
3743
3711
3695
3767
3663
3687
3665
3671
3687
3703
3665
3675
3655
3679
3669
3651
3663
3719
3699
3727
3663
3679
3895
3723
3711
3695
3663
3659
3718
3719
3679
3711
3711
3711
3727
10000
347
48
26
16
19
0
0
0
0
0
0
0
0
0
0
0
0
0
0
0
0
0
0
0
0
0
0
0
0
0
0
0
0
0
0
0
0
0
0
0
0
0
0
0
0
0
0
0
0
0
10000
0
2507
3583
3663
3677
3697
3679
3679
3699
3735
3699
3675
3663
3647
3703
3702
3723
3647
3685
3663
3711
3647
3707
3695
3731
3685
3710
3659
3671
3687
3727
3671
3699
3691
3655
3679
3702
3679
3711
3733
3687
3707
3687
3719
3711
3675
3695
3679
3771
3687
10000
366
81
40
25
20
12
0
0
0
0
0
0
0
0
0
0
0
0
0
0
0
0
0
0
0
0
0
0
0
0
0
0
0
0
0
0
0
0
0
0
0
0
0
0
0
0
0
0
0
0
10000
0
2480
3607
3619
3661
3679
3711
3647
3679
3719
3675
3691
3697
3703
3703
3693
3699
3707
3678
3669
3723
3645
3699
3679
3703
3697
3665
3703
3665
3729
3731
3719
3671
3695
3639
3711
3663
3703
3707
3655
3719
3677
3583
3719
3711
3695
3695
3703
3679
3701
10000
344
52
34
32
16
0
16
0
0
0
0
0
0
0
0
0
0
0
0
0
0
0
0
0
0
0
0
0
0
0
0
0
0
0
0
0
0
0
0
0
0
0
0
0
0
0
0
0
0
0
10000
0
2491
3579
3655
3671
3655
3669
3655
3695
3639
3683
3647
3711
3655
3663
3703
3697
3699
3702
3679
3695
3695
3669
3707
3735
3711
3711
3615
3711
3735
3723
3727
3699
3703
3695
3699
3685
3679
3717
3698
3703
3701
3729
3671
3701
3695
3695
3711
3703
3703
10000
348
81
36
44
16
20
0
0
0
0
0
0
0
0
0
0
0
0
0
0
0
0
0
0
0
0
0
0
0
0
0
0
0
0
0
0
0
0
0
0
0
0
0
0
0
0
0
0
0
0
10000
0
2531
3565
3651
3665
3699
3695
3655
3803
3707
3677
3671
3675
3671
3675
3583
3655
3695
3695
3679
3663
3687
3697
3675
3735
3699
3691
3687
3679
3651
3695
3707
3691
3662
3663
3665
3687
3675
3679
3667
3695
3711
3711
3731
3695
3693
3701
3717
3703
3711
10000
368
16
34
44
18
12
0
0
0
0
0
0
0
0
0
0
0
0
0
0
0
0
0
0
0
0
0
0
0
0
0
0
0
0
0
0
0
0
0
0
0
0
0
0
0
0
0
0
0
0
10000
0
2517
3551
3639
3679
3691
3667
3667
3631
3693
3703
3699
3669
3683
3699
3685
3647
3679
3726
3669
3667
3723
3703
3674
3639
3695
3631
3707
3703
3647
3659
3739
3687
3711
3695
3679
3694
3659
3743
3727
3707
3723
3711
3707
3699
3679
3679
3695
3695
3703
10000
338
64
56
48
32
16
0
0
0
0
0
0
0
0
0
0
0
0
0
0
0
0
0
0
0
0
0
0
0
0
0
0
0
0
0
0
0
0
0
0
0
0
0
0
0
0
0
0
0
0
10000
0
2487
3569
3631
3687
3687
3703
3667
3699
3687
3663
3669
3675
3665
3675
3679
3699
3687
3727
3703
3675
3711
3693
3711
3699
3695
3675
3695
3695
3671
3703
3683
3647
3767
3723
3695
3663
3695
3671
3711
3711
3699
3703
3697
3667
3735
3711
3697
3671
3679
10000
364
64
41
20
16
12
0
0
0
0
0
0
0
0
0
0
0
0
0
0
0
0
0
0
0
0
0
0
0
0
0
0
0
0
0
0
0
0
0
0
0
0
0
0
0
0
0
0
0
0
10000
0
2523
3615
3687
3683
3693
3687
3639
3639
3659
3687
3707
3691
3667
3707
3647
3687
3679
3711
3693
3691
3723
3701
3767
3699
3655
3711
3679
3667
3699
3683
3691
3695
3699
3703
3683
3695
3707
3667
3775
3699
3709
3699
3667
3701
3687
3711
3695
3685
3687
10000
396
76
43
17
4
16
0
0
0
0
0
0
0
0
0
0
0
0
0
0
0
0
0
0
0
0
0
0
0
0
0
0
0
0
0
0
0
0
0
0
0
0
0
0
0
0
0
0
0
0
10000
0
2538
3525
3665
3711
3661
3699
3711
3679
3711
3695
3685
3670
3647
3699
3671
3671
3707
3703
3679
3679
3711
3697
3703
3711
3731
3711
3671
3711
3663
3687
3695
3691
3699
3775
3683
3687
3655
3659
3691
3663
3683
3697
3675
3727
3723
3727
3749
3693
3679
10000
336
64
24
0
16
0
0
0
0
0
0
0
0
0
0
0
0
0
0
0
0
0
0
0
0
0
0
0
0
0
0
0
0
0
0
0
0
0
0
0
0
0
0
0
0
0
0
0
0
0
10000
0
2485
3583
3655
3675
3631
3691
3647
3697
3697
3711
3701
3693
3723
3655
3711
3666
3759
3683
3729
3665
3703
3711
3687
3711
3695
3711
3719
3675
3707
3694
3679
3655
3727
3729
3711
3727
3651
3711
3707
3751
3675
3655
3695
3671
3663
3711
3687
3691
3695
10000
352
48
48
16
8
12
10
0
0
0
0
0
0
0
0
0
0
0
0
0
0
0
0
0
0
0
0
0
0
0
0
0
0
0
0
0
0
0
0
0
0
0
0
0
0
0
0
0
0
0
10000
0
2503
3539
3671
3645
3699
3687
3679
3631
3701
3679
3687
3669
3711
3687
3663
3701
3639
3679
3699
3677
3699
3703
3663
3723
3699
3741
3703
3695
3699
3707
3665
3663
3695
3719
3707
3679
3719
3707
3695
3731
3727
3703
3699
3699
3707
3701
3677
3699
3711
10000
365
44
64
32
33
0
16
0
0
0
0
0
0
0
0
0
0
0
0
0
0
0
0
0
0
0
0
0
0
0
0
0
0
0
0
0
0
0
0
0
0
0
0
0
0
0
0
0
0
0
10000
0
2495
3583
3703
3699
3661
3697
3661
3711
3783
3687
3679
3719
3703
3698
3711
3655
3695
3695
3655
3683
3655
3731
3675
3663
3623
3697
3671
3667
3699
3699
3755
3699
3687
3719
3695
3671
3711
3671
3711
3679
3653
3687
3703
3707
3687
3687
3655
3711
3679
10000
368
36
66
16
19
0
0
0
0
0
0
0
0
0
0
0
0
0
0
0
0
0
0
0
0
0
0
0
0
0
0
0
0
0
0
0
0
0
0
0
0
0
0
0
0
0
0
0
0
0
10000
0
2502
3527
3743
3703
3711
3691
3695
3693
3635
3699
3663
3647
3711
3679
3691
3667
3665
3663
3671
3675
3647
3679
3711
3695
3743
3663
3679
3679
3695
3663
3707
3639
3701
3697
3699
3703
3703
3711
3675
3711
3743
3691
3639
3729
3687
3697
3671
3731
3695
10000
336
76
44
16
8
16
0
0
0
0
0
0
0
0
0
0
0
0
0
0
0
0
0
0
0
0
0
0
0
0
0
0
0
0
0
0
0
0
0
0
0
0
0
0
0
0
0
0
0
0
10000
0
2486
3567
3607
3647
3667
3651
3703
3711
3701
3695
3687
3692
3665
3691
3671
3787
3685
3685
3725
3687
3675
3671
3727
3709
3647
3703
3693
3703
3675
3695
3683
3727
3665
3662
3663
3691
3695
3685
3687
3719
3697
3711
3707
3711
3747
3679
3687
3707
3725
10000
341
60
69
42
0
10
0
0
0
0
0
0
0
0
0
0
0
0
0
0
0
0
0
0
0
0
0
0
0
0
0
0
0
0
0
0
0
0
0
0
0
0
0
0
0
0
0
0
0
0
10000
0
2491
3567
3623
3647
3655
3711
3637
3683
3667
3667
3663
3647
3695
3623
3711
3666
3663
3697
3677
3711
3683
3647
3679
3702
3678
3679
3691
3707
3711
3695
3696
3722
3667
3711
3685
3695
3707
3679
3703
3655
3703
3703
3747
3679
3709
3623
3703
3699
3707
10000
352
64
53
16
9
0
4
0
0
0
0
0
0
0
0
0
0
0
0
0
0
0
0
0
0
0
0
0
0
0
0
0
0
0
0
0
0
0
0
0
0
0
0
0
0
0
0
0
0
0
10000
0
2501
3547
3647
3711
3655
3727
3683
3711
3679
3727
3645
3669
3723
3815
3663
3679
3711
3671
3665
3647
3695
3647
3687
3701
3679
3679
3699
3687
3815
3699
3679
3711
3703
3693
3655
3693
3711
3703
3699
3711
3699
3723
3703
3731
3711
3687
3703
3719
3699
10000
342
80
12
48
0
0
12
0
0
0
0
0
0
0
0
0
0
0
0
0
0
0
0
0
0
0
0
0
0
0
0
0
0
0
0
0
0
0
0
0
0
0
0
0
0
0
0
0
0
0
10000
0
2532
3543
3675
3647
3710
3703
3729
3711
3679
3699
3723
3687
3643
3695
3699
3695
3671
3711
3655
3671
3679
3647
3557
3703
3675
3691
3703
3743
3693
3723
3725
3667
3687
3687
3711
3698
3695
3711
3735
3727
3693
3743
3663
3699
3698
3679
3731
3691
3711
10000
320
66
64
16
0
0
12
0
0
0
0
0
0
0
0
0
0
0
0
0
0
0
0
0
0
0
0
0
0
0
0
0
0
0
0
0
0
0
0
0
0
0
0
0
0
0
0
0
0
0
10000
0
2522
3527
3667
3631
3703
3647
3679
3707
3727
3671
3695
3675
3645
3663
3743
3697
3695
3615
3659
3679
3655
3699
3699
3699
3727
3699
3695
3697
3651
3655
3679
3699
3703
3694
3665
3691
3749
3669
3727
3719
3631
3633
3711
3691
3691
3695
3655
3655
3699
10000
352
64
64
10
0
0
0
0
0
0
0
0
0
0
0
0
0
0
0
0
0
0
0
0
0
0
0
0
0
0
0
0
0
0
0
0
0
0
0
0
0
0
0
0
0
0
0
0
0
0
10000
0
2495
3543
3687
3687
3709
3711
3699
3637
3675
3663
3711
3663
3675
3693
3695
3639
3707
3711
3679
3699
3711
3727
3743
3639
3707
3667
3701
3647
3679
3675
3655
3661
3679
3719
3711
3647
3695
3695
3719
3711
3703
3743
3691
3679
3663
3707
3697
3687
3733
10000
336
72
68
1
16
10
0
0
0
0
0
0
0
0
0
0
0
0
0
0
0
0
0
0
0
0
0
0
0
0
0
0
0
0
0
0
0
0
0
0
0
0
0
0
0
0
0
0
0
0
10000
0
2480
3567
3659
3639
3679
3678
3685
3647
3663
3891
3719
3675
3671
3703
3687
3679
3679
3709
3675
3663
3687
3707
3695
3615
3711
3679
3723
3711
3707
3663
3759
3666
3699
3711
3671
3685
3695
3623
3703
3711
3711
3727
3677
3707
3719
3730
3651
3671
3695
10000
336
58
48
32
20
37
0
0
0
0
0
0
0
0
0
0
0
0
0
0
0
0
0
0
0
0
0
0
0
0
0
0
0
0
0
0
0
0
0
0
0
0
0
0
0
0
0
0
0
0
10000
0
2480
3539
3665
3665
3691
3703
3671
3703
3675
3667
3678
3711
3703
3679
3727
3663
3711
3679
3695
3711
3735
3711
3719
3711
3723
3711
3731
3702
3703
3703
3703
3679
3707
3711
3671
3699
3707
3719
3695
3711
3619
3687
3711
3697
3699
3675
3719
3727
3739
10000
352
80
32
20
0
0
0
0
0
0
0
0
0
0
0
0
0
0
0
0
0
0
0
0
0
0
0
0
0
0
0
0
0
0
0
0
0
0
0
0
0
0
0
0
0
0
0
0
0
0
10000
0
2491
3535
3663
3647
3663
3655
3647
3703
3671
3666
3691
3663
3687
3711
3687
3663
3697
3703
3671
3751
3683
3687
3693
3703
3711
3727
3663
3667
3691
3711
3671
3669
3751
3711
3703
3687
3697
3679
3679
3687
3679
3731
3703
3679
3741
3665
3703
3695
3685
10000
330
50
48
32
24
16
4
0
0
0
0
0
0
0
0
0
0
0
0
0
0
0
0
0
0
0
0
0
0
0
0
0
0
0
0
0
0
0
0
0
0
0
0
0
0
0
0
0
0
0
10000
0
2478
3603
3663
3751
3687
3711
3699
3679
3647
3679
3647
3703
3670
3707
3686
3679
3687
3711
3671
3679
3719
3679
3719
3703
3669
3679
3699
3719
3679
3687
3727
3699
3719
3663
3755
3711
3701
3679
3707
3731
3729
3711
3711
3679
3703
3699
3758
3729
3675
10000
340
72
48
36
10
4
0
0
0
0
0
0
0
0
0
0
0
0
0
0
0
0
0
0
0
0
0
0
0
0
0
0
0
0
0
0
0
0
0
0
0
0
0
0
0
0
0
0
0
0
10000
0
2507
3539
3662
3687
3631
3679
3679
3665
3655
3707
3697
3711
3663
3695
3679
3731
3671
3663
3711
3637
3707
3703
3671
3679
3719
3663
3659
3679
3727
3655
3583
3711
3726
3671
3679
3623
3695
3695
3731
3693
3703
3727
3695
3646
3693
3743
3687
3667
3685
10000
384
41
40
12
16
0
4
0
0
0
0
0
0
0
0
0
0
0
0
0
0
0
0
0
0
0
0
0
0
0
0
0
0
0
0
0
0
0
0
0
0
0
0
0
0
0
0
0
0
0
10000
0
2495
3559
3647
3697
3663
3679
3691
3703
3677
3666
3671
3711
3679
3679
3683
3683
3667
3663
3665
3647
3669
3747
3703
3671
3663
3695
3731
3711
3683
3632
3719
3699
3723
3679
3719
3735
3711
3729
3703
3665
3675
3711
3691
3711
3703
3703
3702
3695
3671
10000
326
50
24
22
36
42
0
0
0
0
0
0
0
0
0
0
0
0
0
0
0
0
0
0
0
0
0
0
0
0
0
0
0
0
0
0
0
0
0
0
0
0
0
0
0
0
0
0
0
0
10000
0
2478
3575
3671
3711
3703
3675
3647
3691
3691
3711
3663
3727
3687
3707
3683
3687
3675
3711
3695
3711
3711
3695
3643
3675
3691
3695
3687
3695
3703
3697
3707
3697
3707
3707
3727
3699
3679
3667
3671
3697
3703
3647
3659
3667
3711
3667
3687
3663
3727
10000
349
68
48
16
0
16
0
0
0
0
0
0
0
0
0
0
0
0
0
0
0
0
0
0
0
0
0
0
0
0
0
0
0
0
0
0
0
0
0
0
0
0
0
0
0
0
0
0
0
0
10000
0
2495
3573
3647
3723
3687
3695
3655
3659
3647
3695
3697
3675
3729
3709
3665
3671
3701
3655
3687
3711
3717
3687
3707
3727
3743
3719
3695
3655
3647
3699
3711
3707
3719
3699
3709
3663
3686
3653
3665
3727
3702
3647
3723
3655
3691
3727
3685
3687
3647
10000
328
48
34
48
37
0
10
0
0
0
0
0
0
0
0
0
0
0
0
0
0
0
0
0
0
0
0
0
0
0
0
0
0
0
0
0
0
0
0
0
0
0
0
0
0
0
0
0
0
0
10000
0
2495
3523
3687
3663
3633
3663
3743
3633
3694
3678
3723
3695
3675
3719
3675
3703
3719
3679
3699
3659
3659
3699
3699
3735
3665
3711
3711
3711
3655
3687
3697
3679
3671
3675
3727
3719
3679
3735
3695
3671
3687
3659
3699
3667
3727
3703
3695
3695
3679
10000
341
80
64
44
0
0
0
0
0
0
0
0
0
0
0
0
0
0
0
0
0
0
0
0
0
0
0
0
0
0
0
0
0
0
0
0
0
0
0
0
0
0
0
0
0
0
0
0
0
0
10000
0
2607
3563
3667
3663
3675
3679
3699
3659
3663
3691
3711
3711
3699
3678
3695
3711
3711
3679
3667
3751
3723
3701
3663
3711
3711
3730
3679
3709
3711
3703
3719
3654
3687
3695
3655
3647
3678
3703
3741
3711
3679
3739
3691
3679
3743
3697
3679
3699
3693
10000
352
48
48
48
16
0
0
64
0
0
0
0
0
0
0
0
0
0
0
0
0
0
0
0
0
0
0
0
0
0
0
0
0
0
0
0
0
0
0
0
0
0
0
0
0
0
0
0
0
0
10000
0
2455
3551
3691
3639
3739
3691
3687
3687
3731
3677
3711
3671
3679
3719
3671
3679
3727
3655
3759
3687
3647
3665
3711
3691
3719
3665
3691
3691
3695
3743
3711
3697
3697
3695
3687
3695
3639
3727
3695
3703
3679
3739
3703
3725
3699
3693
3687
3699
3663
10000
320
90
80
4
36
0
0
0
0
0
0
0
0
0
0
0
0
0
0
0
0
0
0
0
0
0
0
0
0
0
0
0
0
0
0
0
0
0
0
0
0
0
0
0
0
0
0
0
0
0
10000
0
2533
3583
3711
3665
3679
3815
3663
3667
3711
3679
3717
3647
3783
3665
3699
3687
3707
3727
3727
3687
3719
3695
3679
3647
3651
3679
3663
3743
3695
3739
3631
3677
3703
3711
3743
3639
3699
3703
3709
3699
3687
3667
3755
3695
3679
3699
3659
3695
3665
10000
328
90
48
48
16
0
0
0
0
0
0
0
0
0
0
0
0
0
0
0
0
0
0
0
0
0
0
0
0
0
0
0
0
0
0
0
0
0
0
0
0
0
0
0
0
0
0
0
0
0
10000
0
2499
3507
3691
3679
3695
3711
3725
3703
3623
3703
3653
3671
3679
3707
3719
3699
3671
3691
3671
3695
3653
3698
3711
3667
3725
3731
3675
3647
3703
3711
3727
3699
3683
3695
3685
3711
3695
3691
3671
3711
3663
3695
3743
3697
3675
3741
3687
3763
3735
10000
340
53
38
56
16
12
0
0
0
0
0
0
0
0
0
0
0
0
0
0
0
0
0
0
0
0
0
0
0
0
0
0
0
0
0
0
0
0
0
0
0
0
0
0
0
0
0
0
0
0
10000
0
2555
3539
3711
3719
3647
3647
3687
3615
3719
3679
3671
3671
3695
3665
3687
3697
3711
3723
3711
3731
3663
3671
3671
3639
3719
3655
3699
3731
3627
3679
3695
3667
3711
3695
3699
3703
3719
3695
3697
3707
3679
3679
3639
3707
3739
3667
3647
3703
3655
10000
336
64
64
8
0
4
1
0
0
0
0
0
0
0
0
0
0
0
0
0
0
0
0
0
0
0
0
0
0
0
0
0
0
0
0
0
0
0
0
0
0
0
0
0
0
0
0
0
0
0
10000
0
2499
3509
3667
3697
3655
3727
3671
3539
3749
3723
3743
3695
3687
3711
3699
3719
3731
3643
3695
3723
3723
3633
3723
3731
3667
3691
3655
3727
3697
3653
3695
3647
3743
3687
3711
3735
3651
3709
3711
3719
3679
3697
3627
3711
3666
3735
3707
3699
3663
10000
336
65
28
64
32
0
24
0
0
0
0
0
0
0
0
0
0
0
0
0
0
0
0
0
0
0
0
0
0
0
0
0
0
0
0
0
0
0
0
0
0
0
0
0
0
0
0
0
0
0
10000
0
2483
3542
3693
3701
3679
3647
3679
3691
3659
3655
3703
3743
3671
3665
3759
3671
3707
3667
3703
3671
3665
3659
3695
3734
3695
3687
3697
3711
3711
3687
3743
3679
3711
3691
3707
3663
3679
3695
3727
3699
3663
3647
3679
3735
3731
3687
3735
3695
3691
10000
339
85
20
20
0
52
12
0
0
0
0
0
0
0
0
0
0
0
0
0
0
0
0
0
0
0
0
0
0
0
0
0
0
0
0
0
0
0
0
0
0
0
0
0
0
0
0
0
0
0
10000
0
2499
3583
3663
3685
3667
3723
3671
3695
3725
3655
3739
3687
3711
3675
3647
3651
3719
3677
3739
3727
3654
3701
3535
3671
3767
3701
3707
3671
3663
3679
3743
3665
3711
3655
3743
3711
3731
3703
3727
3699
3707
3679
3699
3719
3703
3743
3727
3711
3663
10000
336
48
24
0
48
4
12
0
0
0
0
0
0
0
0
0
0
0
0
0
0
0
0
0
0
0
0
0
0
0
0
0
0
0
0
0
0
0
0
0
0
0
0
0
0
0
0
0
0
0
10000
0
2533
3563
3621
3711
3611
3711
3665
3631
3679
3663
3663
3663
3727
3695
3627
3687
3697
3691
3711
3695
3707
3666
3702
3711
3691
3685
3723
3711
3675
3729
3763
3671
3730
3711
3735
3719
3711
3711
3703
3663
3696
3729
3647
3695
3687
3711
3647
3697
3675
10000
330
74
40
16
5
0
0
0
0
0
0
0
0
0
0
0
0
0
0
0
0
0
0
0
0
0
0
0
0
0
0
0
0
0
0
0
0
0
0
0
0
0
0
0
0
0
0
0
0
0
10000
0
2515
3583
3665
3679
3705
3663
3671
3699
3698
3675
3663
3687
3635
3647
3729
3695
3707
3697
3695
3719
3663
3723
3751
3665
3671
3725
3711
3675
3763
3655
3679
3727
3679
3631
3679
3687
3703
3719
3711
3709
3731
3711
3879
3691
3743
3703
3731
3635
3707
10000
330
72
48
54
32
40
3
0
0
0
0
0
0
0
0
0
0
0
0
0
0
0
0
0
0
0
0
0
0
0
0
0
0
0
0
0
0
0
0
0
0
0
0
0
0
0
0
0
0
0
10000
0
2512
3571
3621
3645
3711
3667
3727
3669
3671
3723
3711
3691
3691
3711
3671
3727
3695
3671
3751
3665
3695
3723
3711
3703
3679
3699
3699
3711
3691
3663
3659
3699
3711
3695
3659
3707
3719
3735
3727
3654
3659
3671
3651
3771
3723
3762
3675
3703
3707
10000
337
32
50
16
0
0
24
0
0
0
0
0
0
0
0
0
0
0
0
0
0
0
0
0
0
0
0
0
0
0
0
0
0
0
0
0
0
0
0
0
0
0
0
0
0
0
0
0
0
0
10000
0
2526
3567
3679
3647
3687
3723
3635
3735
3671
3659
3679
3686
3691
3719
3665
3727
3661
3727
3663
3719
3703
3727
3703
3667
3775
3773
3647
3723
3671
3699
3679
3729
3671
3683
3651
3719
3687
3679
3695
3687
3679
3727
3687
3677
3679
3711
3703
3723
3727
10000
356
64
36
24
8
20
8
0
0
0
0
0
0
0
0
0
0
0
0
0
0
0
0
0
0
0
0
0
0
0
0
0
0
0
0
0
0
0
0
0
0
0
0
0
0
0
0
0
0
0
10000
0
2541
3615
3647
3711
3711
3663
3647
3669
3675
3703
3639
3711
3697
3703
3749
3707
3709
3743
3669
3695
3667
3707
3703
3647
3707
3699
3655
3703
3703
3695
3703
3739
3703
3655
3727
3663
3685
3687
3695
3691
3687
3679
3735
3699
3727
3711
3755
3671
3703
10000
328
76
32
21
0
0
16
0
0
0
0
0
0
0
0
0
0
0
0
0
0
0
0
0
0
0
0
0
0
0
0
0
0
0
0
0
0
0
0
0
0
0
0
0
0
0
0
0
0
0
10000
0
2505
3567
3695
3623
3711
3623
3563
3679
3669
3627
3759
3679
3699
3687
3695
3697
3671
3686
3687
3687
3729
3698
3695
3677
3747
3669
3675
3711
3691
3647
3667
3695
3679
3699
3699
3751
3697
3697
3683
3691
3743
3711
3711
3711
3663
3647
3695
3743
3663
10000
288
82
22
26
0
0
0
0
0
0
0
0
0
4
0
0
0
0
0
0
0
0
0
0
0
0
0
0
0
0
0
0
0
0
0
0
0
0
0
0
0
0
0
0
0
0
0
0
0
0
10000
0
2499
3555
3615
3711
3665
3662
3687
3671
3677
3695
3711
3675
3679
3667
3703
3663
3655
3635
3699
3679
3695
3699
3707
3643
3699
3703
3698
3707
3679
3703
3647
3687
3855
3687
3695
3743
3695
3727
3687
3695
3739
3675
3671
3719
3695
3703
3695
3727
3703
10000
314
82
32
48
24
0
4
8
0
0
0
0
0
0
0
0
0
0
0
0
0
0
0
0
0
0
0
0
0
0
0
0
0
0
0
0
0
0
0
0
0
0
0
0
0
0
0
0
0
0
10000
0
2494
3559
3691
3711
3711
3665
3703
3735
3703
3711
3671
3635
3675
3695
3669
3699
3699
3663
3731
3632
3671
3647
3655
3671
3631
3702
3731
3703
3703
3671
3763
3707
3689
3679
3663
3679
3727
3687
3663
3729
3703
3711
3691
3675
3699
3727
3687
3671
3683
10000
328
64
44
0
0
16
0
0
12
0
0
0
0
0
0
0
0
0
0
0
0
0
0
0
0
0
0
0
0
0
0
0
0
0
0
0
0
0
0
0
0
0
0
0
0
0
0
0
0
0
10000
0
2487
3515
3679
3667
3679
3663
3659
3711
3710
3711
3647
3627
3647
3655
3687
3679
3723
3631
3679
3643
3711
3707
3711
3723
3699
3703
3663
3751
3695
3695
3719
3697
3695
3695
3675
3703
3729
3687
3691
3703
3707
3711
3711
3683
3697
3679
3679
3723
3703
10000
304
64
64
76
10
1
0
0
0
0
0
0
0
0
0
0
0
0
0
0
0
0
0
0
0
0
0
0
0
0
0
0
0
0
0
0
0
0
0
0
0
0
0
0
0
0
0
0
0
0
10000
0
2503
3569
3655
3731
3655
3699
3735
3695
3643
3711
3645
3655
3707
3735
3679
3687
3695
3679
3711
3667
3635
3735
3679
3701
3671
3695
3687
3743
3695
3703
3691
3631
3687
3687
3707
3694
3639
3667
3669
3659
3699
3671
3709
3725
3743
3661
3703
3695
3639
10000
336
57
57
13
32
24
0
0
0
0
0
0
0
0
0
0
0
0
0
0
0
0
0
0
0
0
0
0
0
0
0
0
0
0
0
0
0
0
0
0
0
0
0
0
0
0
0
0
0
0
10000
0
2544
3581
3647
3663
3723
3679
3711
3735
3665
3703
3663
3651
3731
3703
3671
3687
3663
3635
3659
3697
3679
3663
3663
3693
3687
3685
3679
3695
3627
3683
3727
3695
3687
3661
3679
3699
3691
3675
3703
3731
3686
3663
3699
3663
3663
3647
3679
3703
3695
10000
336
56
34
0
0
0
0
4
0
0
0
0
0
0
0
0
0
0
0
0
0
0
0
0
0
0
0
0
0
0
0
0
0
0
0
0
0
0
0
0
0
0
0
0
0
0
0
0
0
0
10000
0
2495
3567
3675
3687
3663
3647
3663
3683
3643
3635
3783
3687
3679
3671
3671
3659
3699
3687
3719
3647
3695
3679
3679
3675
3695
3699
3703
3659
3695
3697
3703
3671
3727
3675
3703
3679
3687
3711
3703
3703
3679
3711
3687
3719
3707
3697
3551
3695
3679
10000
375
56
46
4
16
0
0
0
0
0
0
0
0
0
0
0
0
0
0
0
0
0
0
0
0
0
0
0
0
0
0
0
0
0
0
0
0
0
0
0
0
0
0
0
0
0
0
0
0
0
10000
0
2519
3559
3655
3655
3667
3667
3667
3651
3663
3695
3637
3679
3707
3692
3661
3667
3675
3703
3647
3903
3723
3667
3666
3711
3695
3663
3679
3667
3655
3695
3679
3711
3711
3699
3687
3711
3707
3707
3702
3639
3667
3727
3695
3667
3679
3663
3703
3643
3711
10000
348
80
32
16
18
0
0
0
0
0
0
0
0
0
0
0
0
0
0
0
0
0
0
0
0
0
0
0
0
0
0
0
0
0
0
0
0
0
0
0
0
0
0
0
0
0
0
0
0
0
10000
0
2469
3551
3643
3655
3665
3627
3647
3678
3679
3631
3699
3667
3679
3683
3679
3663
3687
3663
3655
3671
3669
3663
3663
3733
3727
3679
3659
3671
3707
3707
3698
3671
3711
3679
3691
3679
3665
3703
3675
3659
3687
3687
3677
3695
3719
3695
3711
3693
3695
10000
332
64
32
48
0
16
0
0
0
0
0
0
0
0
0
0
0
0
0
0
0
0
0
0
0
0
0
0
0
0
0
0
0
0
0
0
0
0
0
0
0
0
0
0
0
0
0
0
0
0
10000
0
2461
3558
3675
3686
3663
3663
3670
3711
3711
3651
3659
3678
3671
3678
3694
3639
3735
3671
3719
3639
3683
3675
3695
3707
3695
3679
3699
3729
3679
3691
3655
3695
3695
3707
3675
3707
3663
3723
3679
3671
3759
3691
3707
3679
3710
3694
3666
3691
3711
10000
341
72
40
26
1
0
0
0
0
0
0
0
0
0
0
0
0
0
0
0
0
0
0
0
0
0
0
0
0
0
0
0
0
0
0
0
0
0
0
0
0
0
0
0
0
0
0
0
0
0
10000
0
2511
3515
3663
3675
3631
3727
3678
3695
3743
3647
3839
3699
3675
3694
3727
3679
3695
3665
3671
3671
3675
3663
3683
3687
3695
3659
3695
3661
3677
3695
3683
3739
3679
3679
3711
3631
3695
3697
3735
3695
3685
3679
3711
3733
3687
3695
3671
3719
3666
10000
345
44
16
32
0
0
8
0
0
0
0
0
0
0
0
0
0
0
0
0
0
0
0
0
0
0
0
0
0
0
0
0
0
0
0
0
0
0
0
0
0
0
0
0
0
0
0
0
0
0
10000
0
2493
3543
3663
3662
3643
3679
3651
3655
3695
3634
3669
3665
3679
3623
3697
3711
3663
3654
3695
3675
3647
3679
3791
3727
3687
3707
3659
3667
3699
3679
3727
3663
3703
3679
3663
3687
3729
3675
3711
3703
3711
3691
3651
3615
3697
3735
3727
3697
3679
10000
345
48
32
8
0
25
0
0
0
0
0
0
0
0
0
0
0
0
0
0
0
0
0
0
0
0
0
0
0
0
0
0
0
0
0
0
0
0
0
0
0
0
0
0
0
0
0
0
0
0
10000
0
2531
3579
3631
3663
3671
3699
3727
3678
3711
3622
3679
3671
3783
3703
3687
3687
3667
3671
3671
3687
3663
3667
3703
3703
3671
3735
3711
3655
3683
3655
3735
3659
3663
3665
3687
3687
3647
3683
3703
3655
3699
3697
3695
3679
3695
3727
3697
3679
3731
10000
336
82
36
32
32
0
0
0
0
0
0
0
0
0
0
0
0
0
0
0
0
0
0
0
0
0
0
0
0
0
0
0
0
0
0
0
0
0
0
0
0
0
0
0
0
0
0
0
0
0
10000
0
2517
3567
3631
3647
3647
3679
3671
3671
3665
3695
3679
3666
3655
3695
3645
3679
3671
3662
3687
3633
3707
3639
3679
3647
3691
3665
3675
3679
3661
3679
3691
3663
3723
3693
3693
3687
3647
3739
3659
3711
3679
3699
3667
3675
3665
3663
3695
3663
3671
10000
344
50
42
12
0
6
0
0
0
0
0
0
0
0
0
0
0
0
0
0
0
0
0
0
0
0
0
0
0
0
0
0
0
0
0
0
0
0
0
0
0
0
0
0
0
0
0
0
0
0
10000
0
2510
3559
3695
3671
3647
3667
3631
3651
3711
3635
3671
3667
3687
3665
3653
3679
3679
3687
3695
3647
3695
3647
3655
3694
3679
3711
3671
3679
3655
3671
3679
3679
3679
3711
3665
3695
3699
3711
3719
3697
3711
3686
3695
3687
3693
3697
3691
3709
3711
10000
324
48
26
26
0
0
0
0
0
0
0
0
0
0
0
0
0
0
0
0
0
0
0
0
0
0
0
0
0
0
0
0
0
0
0
0
0
0
0
0
0
0
0
0
0
0
0
0
0
0
10000
0
2525
3534
3663
3695
3655
3687
3695
3647
3719
3647
3655
3679
3761
3665
3695
3667
3671
3675
3635
3659
3703
3703
3707
3671
3679
3703
3699
3698
3691
3699
3711
3675
3667
3699
3655
3659
3647
3695
3699
3727
3703
3687
3663
3675
3747
3679
3703
3703
3725
10000
343
64
24
16
8
22
0
0
0
16
0
0
0
0
0
0
0
0
0
0
0
0
0
0
0
0
0
0
0
0
0
0
0
0
0
0
0
0
0
0
0
0
0
0
0
0
0
0
0
0
10000
0
2510
3541
3663
3663
3698
3647
3671
3645
3623
3739
3647
3671
3679
3659
3723
3695
3743
3667
3679
3711
3711
3675
3667
3695
3695
3699
3519
3695
3711
3733
3687
3734
3666
3703
3687
3731
3701
3667
3671
3707
3679
3665
3719
3711
3718
3711
3653
3739
3729
10000
345
48
32
54
35
0
0
0
0
0
0
0
0
0
0
0
0
0
0
0
0
0
0
0
0
0
0
0
0
0
0
0
0
0
0
0
0
0
0
0
0
0
0
0
0
0
0
0
0
0
10000
0
2503
3563
3691
3665
3623
3703
3659
3703
3663
3703
3695
3635
3695
3711
3679
3687
3701
3667
3678
3679
3647
3711
3703
3687
3755
3695
3639
3697
3707
3719
3731
3691
3671
3671
3702
3647
3679
3679
3695
3687
3695
3719
3701
3687
3667
3711
3697
3743
3695
10000
328
64
48
32
18
0
0
0
0
0
0
0
0
0
0
0
0
0
0
0
0
0
0
0
0
0
0
0
0
0
0
0
0
0
0
0
0
0
0
0
0
0
0
0
0
0
0
0
0
0
10000
0
2523
3573
3707
3666
3723
3725
3655
3717
3743
3691
3695
3671
3711
3707
3679
3697
3727
3719
3711
3679
3711
3711
3711
3695
3699
3719
3711
3665
3699
3703
3703
3687
3683
3691
3711
3699
3730
3699
3702
3691
3763
3663
3679
3763
3743
3687
3719
3695
3699
10000
341
56
18
22
10
16
0
0
0
0
0
0
0
0
0
0
0
0
0
0
0
0
0
0
0
0
0
0
0
0
0
0
0
0
0
0
0
0
0
0
0
0
0
0
0
0
0
0
0
0
10000
0
2509
3547
3647
3655
3671
3687
3687
3671
3711
3691
3685
3695
3647
3703
3647
3711
3685
3679
3699
3563
3703
3677
3731
3711
3711
3719
3731
3655
3687
3679
3645
3719
3727
3727
3711
3711
3639
3679
3719
3711
3719
3731
3711
3719
3711
3723
3727
3687
3711
10000
352
80
68
32
17
0
0
0
0
0
0
0
0
0
0
0
0
0
0
0
0
0
0
0
0
0
0
0
0
0
0
0
0
0
0
0
0
0
0
0
0
0
0
0
0
0
0
0
0
0
10000
0
2498
3583
3655
3679
3679
3677
3699
3711
3702
3679
3699
3667
3663
3679
3694
3685
3663
3709
3711
3727
3671
3687
3731
3655
3663
3691
3671
3711
3711
3731
3703
3711
3677
3703
3671
3761
3695
3693
3743
3675
3711
3719
3671
3699
3695
3703
3743
3695
3699
10000
344
68
57
37
16
12
0
0
0
4
0
0
0
0
0
0
0
0
0
0
0
0
0
0
0
0
0
0
0
0
0
0
0
0
0
0
0
0
0
0
0
0
0
0
0
0
0
0
0
0
10000
0
2474
3583
3669
3667
3647
3655
3727
3725
3671
3679
3735
3711
3639
3685
3723
3635
3647
3663
3683
3723
3735
3679
3695
3711
3661
3699
3663
3695
3723
3695
3711
3743
3727
3703
3751
3743
3679
3761
3735
3741
3741
3707
3683
3711
3687
3697
3759
3703
3755
10000
328
66
48
17
20
20
0
0
0
0
0
0
0
0
0
0
0
0
0
0
0
0
0
0
0
0
0
0
0
0
0
0
0
0
0
0
0
0
0
0
0
0
0
0
0
0
0
0
0
0
10000
0
2535
3575
3671
3683
3671
3703
3679
3675
3727
3697
3663
3781
3663
3703
3759
3719
3647
3675
3727
3699
3687
3703
3707
3719
3699
3723
3703
3727
3739
3719
3699
3751
3711
3679
3695
3761
3703
3735
3733
3687
3703
3679
3719
3685
3711
3743
3695
3727
3719
10000
320
64
32
16
44
0
4
0
4
0
0
0
0
0
0
0
0
0
0
0
0
0
0
0
0
0
0
0
0
0
0
0
0
0
0
0
0
0
0
0
0
0
0
0
0
0
0
0
0
0
10000
0
2544
3515
3729
3655
3711
3811
3703
3691
3687
3727
3703
3695
3663
3711
3697
3735
3723
3653
3647
3637
3774
3671
3711
3655
3679
3631
3711
3763
3743
3707
3731
3663
3711
3695
3697
3723
3711
3663
3699
3711
3827
3661
3647
3693
3695
3679
3709
3669
3711
10000
336
80
64
10
8
0
0
0
0
0
0
0
0
0
0
0
0
0
0
0
0
0
0
0
0
0
0
0
0
0
0
0
0
0
0
0
0
0
0
0
0
0
0
0
0
0
0
0
0
0
10000
0
2523
3551
3655
3653
3695
3687
3687
3703
3679
3671
3707
3734
3671
3775
3731
3707
3697
3711
3695
3719
3695
3735
3711
3699
3727
3743
3647
3767
3687
3671
3707
3703
3735
3719
3695
3679
3703
3687
3665
3679
3711
3729
3743
3719
3710
3679
3719
3734
3729
10000
365
58
60
20
40
12
0
0
0
0
0
0
0
0
0
0
0
0
0
0
0
0
0
0
0
0
0
0
0
0
0
0
0
0
0
0
0
0
0
0
0
0
0
0
0
0
0
0
0
0
10000
0
2515
3579
3619
3633
3699
3687
3667
3647
3671
3691
3679
3743
3677
3679
3727
3711
3727
3711
3663
3709
3739
3703
3733
3679
3695
3701
3767
3679
3767
3735
3687
3675
3719
3741
3711
3719
3671
3711
3695
3665
3727
3795
3695
3749
3759
3742
3735
3671
3729
10000
336
104
52
0
8
16
0
0
0
0
0
0
0
0
0
22
0
0
0
0
0
0
0
0
0
0
0
0
0
0
0
0
0
0
0
0
0
0
0
0
0
0
0
0
0
0
0
0
0
0
10000
0
2519
3563
3647
3711
3695
3675
3711
3711
3691
3697
3655
3679
3739
3703
3655
3711
3727
3659
3725
3665
3679
3639
3711
3711
3707
3653
3735
3639
3687
3711
3667
3643
3686
3703
3695
3727
3719
3697
3703
3729
3727
3727
3647
3687
3675
3671
3687
3663
3679
10000
336
64
0
0
16
12
0
9
0
0
0
0
0
0
0
0
0
0
0
0
0
0
0
0
0
0
0
0
0
0
0
0
0
0
0
0
0
0
0
0
0
0
0
0
0
0
0
0
0
0
10000
0
2527
3567
3687
3639
3670
3663
3679
3639
3679
3671
3743
3711
3703
3703
3743
3691
3671
3675
3735
3663
3683
3659
3711
3733
3743
3679
3711
3699
3739
3703
3711
3703
3703
3743
3711
3711
3723
3655
3683
3711
3743
3691
3735
3655
3727
3699
3699
3663
3697
10000
304
100
16
32
8
2
0
0
0
0
0
0
0
0
0
0
0
0
0
0
0
0
0
0
0
0
0
0
0
0
0
0
0
0
0
0
0
0
0
0
0
0
0
0
0
0
0
0
0
0
10000
0
2467
3571
3665
3711
3711
3699
3687
3663
3647
3807
3694
3693
3751
3687
3691
3677
3711
3655
3679
3701
3679
3695
3671
3731
3679
3647
3655
3683
3687
3679
3647
3659
3723
3697
3647
3703
3699
3711
3663
3655
3723
3751
3739
3663
3735
3671
3707
3667
3695
10000
344
0
48
41
4
16
0
0
0
0
0
0
0
0
0
0
0
0
0
0
0
0
0
0
0
0
0
0
0
0
0
0
0
0
0
0
0
0
0
0
0
0
0
0
0
0
0
0
0
0
10000
0
2511
3566
3659
3679
3647
3687
3667
3663
3679
3659
3723
3691
3675
3663
3679
3675
3683
3695
3711
3723
3703
3687
3711
3655
3711
3695
3693
3694
3669
3711
3631
3727
3718
3639
3677
3691
3675
3659
3699
3727
3723
3697
3719
3719
3703
3679
3671
3647
3679
10000
320
118
32
8
48
0
10
0
0
0
0
0
0
0
0
0
0
0
0
0
0
0
0
0
0
0
0
0
0
0
0
0
0
0
0
0
0
0
0
0
0
0
0
0
0
0
0
0
0
0
10000
0
2507
3543
3687
3679
3685
3675
3698
3675
3659
3667
3695
3675
3719
3791
3675
3695
3679
3667
3727
3727
3679
3703
3727
3719
3686
3757
3667
3739
3711
3703
3679
3707
3679
3667
3699
3693
3683
3655
3703
3665
3703
3667
3687
3666
3723
3719
3655
3759
3679
10000
340
68
45
28
44
0
0
0
0
0
0
0
0
0
0
0
0
0
0
0
0
0
0
0
0
0
0
0
0
0
0
0
0
0
0
0
0
0
0
0
0
0
0
0
0
0
0
0
0
0
10000
0
2535
3575
3675
3679
3671
3698
3691
3727
3711
3709
3703
3727
3679
3687
3727
3663
3707
3711
3699
3699
3699
3711
3711
3711
3739
3775
3683
3743
3743
3707
3723
3711
3679
3683
3639
3719
3671
3675
3743
3711
3735
3727
3667
3695
3699
3711
3747
3723
3675
10000
341
96
32
36
1
26
0
0
0
0
0
0
0
0
0
0
0
0
0
0
0
0
0
0
0
0
0
0
0
0
0
0
0
0
0
0
0
0
0
0
0
0
0
0
0
0
0
0
0
0
10000
0
2527
3567
3699
3663
3655
3683
3667
3691
3735
3665
3691
3679
3647
3667
3691
3711
3711
3711
3759
3639
3743
3711
3699
3703
3583
3743
3727
3723
3691
3703
3711
3739
3747
3735
3719
3697
3687
3727
3687
3687
3665
3739
3735
3695
3727
3687
3743
3751
3711
10000
304
96
80
64
24
16
0
0
0
0
0
0
0
0
0
0
0
0
0
0
0
0
0
0
0
0
0
0
0
0
0
0
0
0
0
0
0
0
0
0
0
0
0
0
0
0
0
0
0
0
10000
0
2542
3543
3711
3711
3719
3709
3691
3695
3699
3663
3679
3707
3771
3695
3707
3703
3723
3719
3671
3743
3687
3665
3739
3711
3731
3711
3766
3655
3635
3695
3759
3707
3760
3703
3691
3743
3743
3669
3703
3703
3711
3711
3727
3679
3695
3675
3723
3759
3711
10000
352
72
75
20
16
4
4
0
0
0
0
0
0
0
0
0
0
0
0
0
0
0
0
0
0
0
0
0
0
0
0
0
0
0
0
0
0
0
0
0
0
0
0
0
0
0
0
0
0
0
10000
0
2527
3575
3655
3691
3695
3687
3647
3675
3711
3707
3711
3663
3695
3685
3743
3695
3727
3747
3703
3711
3711
3701
3711
3703
3663
3727
3695
3679
3771
3703
3703
3677
3679
3731
3723
3723
3703
3703
3711
3701
3675
3695
3691
3727
3719
3707
3723
3695
3749
10000
370
68
26
32
64
8
0
0
0
0
0
0
0
0
0
0
0
0
0
0
0
0
0
0
0
0
0
0
0
0
0
0
0
0
0
0
0
0
0
0
0
0
0
0
0
0
0
0
0
0
10000
0
2531
3537
3665
3655
3695
3671
3711
3679
3719
3647
3719
3679
3695
3695
3619
3711
3765
3699
3711
3663
3693
3703
3727
3707
3687
3699
3707
3647
3701
3695
3687
3711
3711
3711
3711
3731
3697
3731
3683
3743
3726
3695
3699
3711
3703
3719
3695
3679
3739
10000
320
50
34
34
32
20
16
80
0
0
0
0
0
0
0
0
0
0
0
0
0
0
0
0
0
0
0
0
0
0
0
0
0
0
0
0
0
0
0
0
0
0
0
0
0
0
0
0
0
0
10000
0
2523
3583
3718
3697
3711
3647
3647
3695
3695
3699
3711
3711
3687
3701
3647
3707
3667
3707
3695
3699
3671
3687
3687
3679
3731
3647
3679
3659
3643
3667
3663
3727
3691
3685
3693
3755
3703
3707
3671
3709
3687
3695
3687
3735
3707
3711
3825
3703
3735
10000
336
115
14
44
0
0
0
0
0
0
0
0
0
0
0
0
0
8
0
0
0
0
0
0
0
0
0
0
0
0
0
0
0
0
0
0
0
0
0
0
0
0
0
0
0
0
0
0
0
0
10000
0
2524
3539
3691
3671
3655
3691
3655
3664
3699
3655
3663
3679
3631
3665
3725
3695
3675
3711
3711
3695
3675
3711
3675
3703
3709
3709
3693
3707
3655
3679
3711
3671
3711
3667
3727
3679
3691
3695
3711
3719
3675
3699
3735
3655
3735
3703
3525
3687
3703
10000
320
54
56
42
0
0
0
0
0
0
0
0
0
0
0
0
0
0
0
0
0
0
0
0
0
0
0
0
0
0
0
0
0
0
0
0
0
0
0
0
0
0
0
0
0
0
0
0
0
0
10000
0
2497
3565
3619
3679
3727
3675
3663
3679
3615
3711
3647
3727
3679
3691
3691
3807
3719
3687
3699
3662
3695
3691
3703
3671
3671
3663
3711
3719
3685
3697
3719
3655
3669
3687
3711
3687
3711
3687
3679
3719
3663
3719
3663
3711
3707
3751
3719
3727
3663
10000
346
56
18
24
5
16
0
0
0
0
0
0
0
0
0
0
0
0
0
0
0
0
0
0
0
0
0
0
0
0
0
0
0
0
0
0
0
0
0
0
0
0
0
0
0
0
0
0
0
0
10000
0
2539
3567
3661
3643
3659
3647
3655
3679
3687
3667
3663
3675
3647
3711
3699
3711
3695
3679
3678
3719
3729
3711
3635
3707
3635
3703
3691
3699
3679
3663
3655
3691
3663
3667
3647
3695
3679
3699
3669
3687
3695
3661
3675
3709
3647
3701
3679
3707
3695
10000
312
8
32
0
16
12
0
0
0
0
0
0
0
0
0
0
0
0
0
0
0
0
0
0
0
0
0
0
0
0
0
0
0
0
0
0
0
0
0
0
0
0
0
0
0
0
0
0
0
0
10000
0
2461
3539
3655
3632
3663
3677
3679
3671
3667
3655
3639
3683
3711
3631
3663
3699
3655
3659
3639
3691
3679
3671
3631
3687
3655
3643
3691
3697
3703
3667
3687
3663
3667
3691
3635
3687
3695
3679
3695
3687
3679
3667
3694
3767
3659
3631
3711
3693
3687
10000
308
40
48
40
12
0
4
0
0
0
0
0
0
0
0
0
0
0
0
0
0
0
0
0
0
0
0
0
0
0
0
0
0
0
0
0
0
0
0
0
0
0
0
0
0
0
0
0
0
0
10000
0
2495
3523
3695
3643
3695
3635
3707
3703
3695
3695
3661
