806
791
678
657
592
707
609
560
500
476
473
448
376
337
464
440
388
416
296
304
384
276
256
208
320
244
10000
192
480
596
762
764
942
1072
1173
1236
1472
1577
1721
1805
1823
1925
1923
2151
2211
2242
2323
2353
2397
2468
2415
2452
2449
2545
2559
2607
2651
2619
2687
2711
2768
2773
2851
2854
2832
2775
2909
2871
2975
2935
3035
2963
3057
3043
2993
3131
3011
10000
2999
2743
2587
2533
2266
2206
2071
1990
1730
1760
1520
1504
1478
1232
1261
1124
1162
1078
1036
989
816
741
880
816
720
650
644
616
592
552
498
580
560
489
499
560
459
384
428
461
332
308
400
232
326
288
104
192
306
354
10000
240
498
480
565
907
980
1017
1126
1312
1339
1600
1530
1728
1936
1919
1917
2187
2143
2127
2270
2192
2338
2393
2421
2543
2594
2591
2659
2627
2663
2751
2754
2763
2775
2974
2923
2803
2831
2949
2879
2847
2951
2965
2963
2957
3095
3063
3035
2991
3159
10000
2911
2679
2547
2367
2287
2224
2012
1828
1786
1594
1618
1603
1349
1313
1339
1232
1130
1178
962
873
998
800
871
900
815
915
712
698
617
508
613
528
522
454
510
434
430
456
384
368
364
465
325
294
442
230
256
304
266
169
10000
164
240
484
736
723
1004
1046
1304
1446
1525
1642
1680
1837
1931
1990
2044
2085
2074
2320
2207
2287
2371
2385
2511
2465
2611
2559
2549
2674
2694
2773
2761
2835
2854
2849
2930
2726
2893
2827
2981
3039
2885
2935
2999
2931
3023
2941
3151
3113
3111
10000
2868
2705
2603
2397
2198
2131
1893
1806
1778
1607
1613
1473
1497
1411
1349
1121
1134
1045
1072
891
854
858
876
826
816
784
627
618
650
624
542
618
528
436
496
460
521
347
436
384
384
352
324
330
404
418
262
328
324
304
10000
258
369
581
643
794
1012
1056
1168
1296
1418
1517
1675
1719
1787
1969
1997
1984
2071
2143
2229
2340
2463
2420
2403
2559
2611
2619
2559
2751
2781
2786
2756
2895
2770
2765
2926
2938
2895
2943
2963
2919
3003
2931
3039
2899
3023
2895
2975
3123
2929
10000
2934
2703
2527
2503
2363
2138
1951
1777
1774
1737
1639
1444
1408
1330
1146
1218
1146
1075
936
934
897
874
851
865
790
768
732
663
672
628
561
632
560
496
550
390
329
453
352
398
420
272
320
304
272
384
161
224
244
352
10000
320
448
572
758
816
1001
1162
1232
1165
1524
1596
1755
1749
1771
1808
2127
1925
2113
2309
2288
2359
2319
2463
2413
2559
2555
2611
2559
2699
2643
2699
2735
2766
2751
2736
2879
2891
2743
2963
2975
2885
2864
2954
3035
2973
2975
3110
2939
2895
3087
10000
2928
2775
2631
2475
2288
2195
2003
1763
1826
1728
1561
1457
1478
1352
1143
1168
1129
1120
848
942
772
871
841
838
784
676
612
592
592
562
608
492
528
496
457
586
486
408
360
428
392
320
336
258
360
264
256
288
309
330
10000
310
362
648
628
784
877
1022
1180
1408
1457
1623
1739
1744
1755
1950
2001
2021
2127
2235
2207
2138
2367
2506
2287
2480
2607
2607
2679
2640
2743
2630
2778
2687
2813
2838
2754
2887
2853
2883
2869
2987
2971
2979
3007
3047
3023
2903
3047
3071
3007
10000
2943
2831
2473
2317
2203
2085
1980
1997
1765
1745
1665
1591
1411
1356
1336
1264
1136
1088
1073
956
1018
901
832
784
720
784
716
723
642
576
572
620
386
508
404
378
531
400
276
282
264
288
352
369
314
336
296
194
336
176
10000
176
393
583
733
864
964
1056
1221
1301
1424
1499
1652
1714
1883
1981
2037
2071
2243
2214
2301
2330
2366
2415
2511
2475
2683
2559
2555
2627
2639
2759
2655
2758
2787
2891
2747
2791
2731
2918
2892
2798
2958
2907
2871
2971
2943
2909
3071
3119
3021
10000
3027
2711
2510
2335
2219
2079
2018
1853
1814
1719
1441
1524
1355
1302
1233
1270
1130
1036
994
964
1028
845
805
752
686
720
730
530
601
598
536
536
568
464
454
464
488
288
474
360
352
368
416
372
312
256
192
240
204
184
10000
200
420
616
736
832
915
1014
1131
1328
1442
1584
1557
1701
1745
1885
2027
1985
2067
2187
2263
2307
2361
2363
2544
2495
2595
2595
2669
2755
2787
2677
2865
2747
2800
2821
2919
2722
2809
2891
2951
2787
2959
2883
2933
2870
2903
2943
2927
3099
3103
10000
2911
2704
2591
2353
2256
2253
2071
1846
1856
1798
1654
1626
1522
1382
1304
1162
1072
1148
1065
1104
864
937
769
842
822
728
594
576
720
521
562
704
450
480
493
488
368
397
368
275
336
324
292
288
316
320
256
276
216
236
10000
289
405
568
572
802
1058
1096
1251
1416
1505
1483
1671
1841
1968
1965
2061
2135
2104
2207
2167
2273
2390
2421
2435
2507
2529
2559
2631
2672
2609
2711
2743
2699
2742
2871
2902
2783
2915
2847
2879
2896
3015
2949
2992
2995
2971
2967
2915
3099
3025
10000
2895
2659
2471
2338
2303
2150
1983
1919
1749
1714
1678
1573
1417
1456
1304
1285
1109
1057
1019
1018
856
848
736
772
771
747
640
640
576
618
520
560
425
482
432
480
515
400
456
336
396
400
400
336
392
144
272
240
288
272
10000
196
428
536
720
752
861
1026
1253
1205
1362
1686
1664
1702
1829
1951
2005
1993
2127
2209
2293
2322
2451
2399
2327
2506
2595
2611
2691
2651
2721
2775
2719
2831
2797
2879
2749
2863
3063
2847
2829
2943
2843
2983
3007
3035
3071
2975
2935
3013
3191
10000
2931
2799
2512
2382
2266
2075
1974
1849
1742
1776
1570
1504
1488
1266
1280
1268
1174
1048
1066
997
820
816
881
817
779
720
720
665
448
480
520
624
588
404
464
384
492
412
370
256
352
322
354
288
256
312
261
224
304
208
10000
304
442
528
733
880
960
1098
1245
1371
1535
1638
1563
1796
1761
1879
1925
2159
2150
2058
2177
2167
2364
2480
2540
2434
2559
2739
2591
2559
2734
2704
2731
2727
2847
2903
2995
2901
2907
2866
2874
2871
3166
2963
2979
3091
2929
3023
3184
3103
3023
10000
2887
2719
2499
2458
2246
1993
2087
1986
1818
1697
1631
1493
1423
1392
1168
1232
1112
999
1008
1014
967
912
784
857
770
706
768
685
718
688
672
564
564
528
556
432
496
503
352
402
400
376
292
272
226
218
264
272
277
292
10000
256
428
509
594
806
944
1107
1193
1407
1535
1438
1648
1790
1856
1978
1943
2073
2191
2165
2252
2372
2352
2479
2559
2559
2547
2498
2609
2747
2635
2832
2770
2771
2727
2781
2896
2791
2855
2815
2903
3019
2902
3021
2910
2926
2891
2931
3038
3141
3069
10000
2943
2715
2451
2443
2385
2159
1994
1895
1853
1709
1706
1456
1443
1349
1374
1216
1072
1190
1034
958
890
802
795
864
714
674
737
768
664
562
608
678
524
448
437
554
472
304
496
384
400
432
336
328
314
200
166
242
304
272
10000
202
394
594
660
944
962
1111
1240
1283
1524
1567
1685
1872
1812
1907
2000
2123
2141
2221
2279
2268
2351
2369
2512
2387
2559
2662
2530
2589
2559
2662
2803
2718
2783
2874
2907
2902
2811
3039
2931
2903
2929
2963
3133
2965
3027
3119
3043
3071
3059
10000
2879
2799
2539
2338
2325
2186
2010
1894
1776
1587
1593
1525
1467
1294
1272
1160
1168
1040
1029
1040
1040
888
776
784
720
681
646
656
560
480
521
453
592
504
419
474
392
412
368
386
338
364
385
292
370
340
269
304
226
260
10000
136
406
554
817
858
1012
1028
1268
1309
1431
1453
1628
1808
1879
1813
2058
2027
2061
2255
2187
2335
2355
2347
2596
2590
2655
2531
2663
2638
2713
2774
2747
2815
2931
2726
2815
2855
2895
2975
2993
2768
2935
2890
3029
2899
3119
2895
3071
3024
2887
10000
2890
2771
2559
2305
2220
2047
2074
2035
1853
1674
1671
1604
1383
1457
1248
1074
1194
1066
932
940
848
949
945
932
768
778
696
756
650
634
644
524
514
448
568
576
452
464
380
360
496
338
296
384
268
256
229
340
242
192
10000
208
368
592
705
842
896
1030
1302
1328
1440
1605
1735
1808
1851
1911
1987
2089
2047
2145
2179
2291
2319
2365
2383
2446
2431
2587
2417
2587
2646
2825
2767
2797
2795
2775
2703
2879
2839
2935
2915
2914
2981
2909
2915
3019
2943
2995
3143
3155
3135
10000
3024
2672
2643
2370
2213
2135
1968
1999
1810
1633
1429
1452
1447
1280
1252
1112
1109
1037
1194
940
863
794
880
832
768
708
672
704
672
580
596
498
536
592
482
460
529
528
320
392
368
384
359
384
354
258
216
299
187
368
10000
257
346
656
724
704
946
1168
1152
1317
1440
1463
1617
1744
1871
1885
2064
2047
2194
2235
2192
2273
2321
2221
2463
2480
2517
2635
2607
2695
2640
2767
2667
2833
2899
2843
2897
2919
2887
2999
2878
2903
2887
2927
2891
3071
2907
2851
2925
32
2767
2843
2929
2879
2925
2879
2887
2999
2827
2961
2855
2906
3055
2927
3071
3071
3043
10000
2815
2847
2543
2423
2287
2161
2095
1875
1847
1802
1593
1456
1393
1371
1226
1232
1250
974
994
970
888
867
949
792
850
793
800
656
684
626
592
468
492
562
540
482
448
368
434
332
384
410
305
352
336
230
266
368
384
212
10000
240
432
464
768
816
1036
1200
1302
1354
1446
1665
1711
1840
1889
1941
2093
2150
2190
2279
2303
2305
2512
2397
2531
2550
2527
2606
2702
2631
2719
2719
2831
2839
2801
2830
2869
2815
2911
2961
2851
3015
2935
2991
2906
3007
2963
2871
3025
3123
3003
10000
2865
2751
2451
2416
2235
2167
1863
1873
1733
1680
1650
1466
1373
1281
1217
1312
1067
1009
1042
946
915
1026
832
864
720
784
710
696
653
579
656
634
560
569
496
560
385
306
432
433
322
458
346
400
368
304
272
140
242
140
10000
118
384
541
669
838
968
1050
1174
1328
1474
1648
1584
1701
1803
1965
2029
2061
2153
2193
2334
2367
2355
2382
2559
2475
2621
2544
2640
2769
2607
2751
2758
2787
2787
2883
2802
2779
2783
2863
2987
2896
2983
2799
2915
2885
2903
2997
3007
3099
2998
10000
2871
2559
2547
2335
2288
2183
1958
1785
1730
1790
1603
1552
1519
1366
1243
1146
1190
1005
976
1027
973
768
876
803
754
804
717
784
626
592
552
470
490
480
533
537
400
397
331
426
336
304
340
281
323
336
228
336
232
256
10000
288
368
576
700
741
997
1056
1271
1410
1412
1655
1771
1749
1852
1947
1997
2017
2181
2178
2239
2371
2447
2471
2431
2461
2497
2559
2659
2678
2639
2643
2679
2742
2779
2737
2770
2901
2911
2895
2958
3039
2960
2979
3021
2895
3047
3059
3023
3031
2975
10000
2951
2770
2525
2290
2191
2079
2000
1902
1763
1592
1571
1454
1349
1344
1276
1136
1072
1098
965
997
912
900
784
816
857
626
694
642
672
594
530
640
566
536
400
448
466
548
472
360
429
448
336
344
176
256
208
260
232
228
10000
168
368
565
569
877
942
1090
1333
1355
1490
1645
1674
1712
1872
1840
2025
1969
2150
2254
2310
2311
2343
2479
2384
2635
2591
2534
2615
2727
2673
2655
2751
2800
2724
2813
2819
2831
2879
2831
2800
2943
2833
2997
2859
3011
3003
2941
3017
3093
3038
10000
2871
2659
2544
2403
2217
2203
1943
1932
1809
1600
1520
1563
1421
1378
1254
1231
1107
1069
1088
992
917
986
893
868
726
640
836
722
576
506
610
556
524
528
472
488
504
352
400
352
420
400
300
260
248
352
212
312
192
292
10000
209
464
581
629
950
934
1136
1280
1370
1552
1535
1756
1749
1877
1871
1975
2112
2261
2163
2253
2271
2383
2467
2355
2474
2602
2625
2643
2704
2703
2651
2535
2751
2774
2766
2843
2951
2971
2867
2935
2926
2949
2927
3025
3003
2959
3153
2915
3115
3125
10000
2959
2783
2586
2413
2286
2096
1942
1875
1930
1641
1476
1507
1474
1384
1283
1189
1090
988
1081
1046
930
768
828
768
768
800
667
749
720
596
592
630
576
600
488
441
496
410
468
432
377
420
384
300
224
288
352
304
176
240
10000
336
385
560
672
849
904
998
1082
1365
1414
1473
1712
1771
1744
1968
2066
2091
2223
2242
2226
2390
2394
2430
2499
2544
2551
2642
2547
2773
2719
2802
2833
2893
2803
2739
2943
2835
2819
3025
2897
2896
2934
2943
2933
3101
2951
2975
2955
2806
3039
10000
2903
2763
2595
2349
2231
2133
2035
1866
1846
1584
1589
1437
1419
1360
1227
1126
1088
968
1072
992
997
800
938
842
784
640
606
688
560
608
532
496
560
496
400
360
386
320
362
353
297
346
372
308
268
324
308
300
192
293
10000
320
416
520
768
910
984
1072
1328
1424
1497
1586
1735
1684
1795
1870
2085
1980
2076
2182
2309
2383
2327
2367
2422
2546
2411
2591
2687
2615
2640
2743
2723
2767
2735
2837
2639
2783
2934
2927
2903
2919
2863
2915
2999
3049
3055
3063
3125
2965
3089
10000
3071
2679
2479
2320
2235
2128
2063
1841
1808
1610
1557
1411
1470
1355
1383
1286
1149
1088
1113
913
1058
854
745
816
769
667
661
728
464
618
564
569
496
536
448
562
461
412
472
337
372
344
285
306
336
354
209
316
232
194
10000
256
506
484
774
892
992
970
1168
1252
1410
1535
1641
1781
1808
1927
1968
1985
2185
2173
2303
2302
2434
2422
2587
2615
2547
2531
2698
2695
2789
2767
2741
2687
2766
2735
2879
2847
2815
2826
2855
2915
2899
2929
2911
2927
3038
3030
3039
2959
3015
10000
2723
2655
2631
2405
2151
2019
2034
1862
1808
1658
1521
1590
1341
1368
1235
1195
984
1096
1065
1017
855
928
884
876
768
740
642
664
682
691
544
520
498
529
404
489
466
374
432
352
310
404
290
352
246
338
314
377
290
128
10000
197
466
656
872
876
1045
1064
1218
1427
1561
1685
1636
1808
1851
1946
1935
2165
2191
2265
2269
2397
2306
2371
2410
2503
2503
2591
2559
2677
2619
2787
2813
2759
2879
2754
2870
2797
2859
2773
2975
2994
3003
3024
2911
3039
2935
2973
3007
3143
3054
10000
2931
2694
2559
2391
2157
2161
1999
1833
1808
1733
1579
1535
1394
1435
1230
1276
1131
1040
1085
919
938
881
864
814
760
754
628
680
684
594
618
536
624
547
482
400
480
400
464
416
398
323
346
272
312
359
368
244
320
276
10000
266
464
492
794
837
1012
1156
1280
1264
1469
1640
1632
1746
1792
1951
1937
2113
2130
2271
2251
2338
2469
2455
2509
2559
2597
2639
2667
2559
2731
2771
2737
2733
2827
2864
2837
2834
2832
2847
2923
3014
2877
2847
2994
2935
3045
3047
3071
3071
2947
10000
2839
2779
2599
2287
2274
2075
1983
1926
1809
1697
1596
1517
1456
1373
1309
1264
1022
1100
1013
949
869
848
824
768
668
752
768
715
660
480
485
499
528
560
505
472
416
300
408
404
328
432
298
305
265
432
336
212
280
248
10000
240
481
440
596
848
1012
1213
1133
1330
1555
1606
1647
1733
1790
1936
2001
2075
2149
2093
2160
2351
2385
2431
2379
2557
2479
2607
2559
2743
2706
2671
2812
2798
2695
2827
2855
2839
2911
2967
2951
2927
2951
2995
3057
2950
2890
3007
3119
2997
3037
10000
2931
2863
2559
2471
2355
2154
1997
2006
1846
1726
1562
1507
1408
1264
1280
1120
1164
1084
939
948
916
858
960
745
832
624
688
592
641
697
624
560
428
548
531
404
386
402
352
416
328
368
313
288
294
282
242
288
240
186
10000
260
416
598
676
827
1011
1088
1340
1344
1449
1531
1680
1792
1827
1955
2128
2114
2096
2241
2234
2373
2471
2437
2478
2479
2591
2559
2559
2681
2863
2778
2807
2735
2870
2736
2707
2871
2806
2836
2866
2935
3022
2975
3121
2927
3017
2869
3011
3087
2941
10000
2867
2687
2591
2413
2225
2126
2091
1939
1861
1617
1574
1561
1453
1364
1296
1168
1216
929
1050
948
944
810
875
885
754
720
720
624
708
528
557
608
498
480
470
448
408
434
413
368
424
298
392
256
304
320
272
209
260
314
10000
225
505
592
706
917
912
1074
1221
1341
1406
1662
1582
1867
1797
2025
1943
2151
2128
2133
2254
2283
2352
2375
2533
2431
2477
2610
2586
2672
2629
2695
2675
2835
2749
2864
2815
2879
2865
2879
2927
2911
2899
2971
3047
3035
3135
3067
3069
3193
2960
10000
3003
2687
2545
2335
2234
2081
2003
1891
1815
1585
1622
1440
1280
1396
1258
1232
1088
1056
982
1008
906
880
917
810
752
624
634
582
680
664
642
452
536
456
432
400
500
416
466
384
448
384
396
384
272
354
197
297
313
322
10000
256
354
592
649
864
938
1120
1200
1447
1442
1477
1733
1725
1903
1966
2034
2096
2225
2223
2370
2387
2463
2379
2479
2478
2527
2641
2614
2687
2631
2687
2691
2783
2716
2897
2878
2812
2803
2957
2873
2907
2963
2943
2933
2999
2983
3038
2957
3039
3061
10000
2899
2751
2629
2431
2134
2065
2106
1934
1770
1712
1688
1600
1379
1296
1286
1256
1152
970
1056
916
850
944
800
784
728
758
698
640
492
619
534
482
528
482
480
482
522
480
328
436
320
384
456
320
288
216
322
292
240
256
10000
265
368
592
654
846
947
992
1124
1359
1373
1479
1611
1741
1883
2015
2030
2071
2062
2223
2205
2303
2295
2444
2384
2607
2530
2647
2641
2631
2687
2807
2719
2759
2879
2702
2831
2899
2855
2895
2943
2886
2999
2975
3025
2966
2961
3023
2991
3007
3011
10000
2903
2783
2614
2354
2146
2099
1901
1792
1730
1675
1653
1368
1430
1410
1207
1162
1166
1146
1049
1018
896
964
786
726
714
720
752
665
552
632
630
460
499
544
454
338
448
448
401
400
404
410
332
320
208
201
316
288
284
242
10000
164
435
592
660
736
1008
1080
1239
1452
1535
1535
1778
1745
1926
1929
1979
2046
2151
2147
2266
2399
2343
2495
2547
2471
2501
2671
2559
2763
2691
2671
2798
2865
2798
2801
2949
2725
2853
2911
3051
2931
2839
2955
2915
3007
3046
3025
2955
2879
2871
10000
2956
2741
2615
2439
2293
2219
2019
1884
1836
1697
1636
1457
1520
1394
1203
1242
1102
1072
980
955
875
930
776
768
804
656
658
649
621
596
576
544
466
504
432
320
442
496
390
388
472
352
389
300
296
290
322
296
133
260
10000
180
348
592
744
834
1004
1102
1217
1319
1566
1535
1689
1723
1921
1918
2047
1949
2134
2167
2275
2273
2421
2454
2448
2463
2478
2611
2603
2702
2691
2705
2761
2706
2815
2831
2763
2807
2855
2911
2878
2926
3067
2995
3054
2891
2951
2927
3023
3007
3055
10000
2943
2787
2549
2448
2339
2143
1981
1839
1793
1609
1515
1473
1490
1299
1328
1115
1101
1065
996
987
866
912
792
803
796
792
652
672
656
564
604
538
546
538
520
364
352
450
400
536
418
284
356
300
324
336
397
285
260
234
10000
244
400
635
626
775
992
1042
1276
1308
1481
1535
1653
1687
1843
1991
2092
2023
2101
2207
2383
2195
2320
2438
2523
2517
2479
2589
2626
2659
2663
2726
2671
2859
2791
2811
2821
2847
2907
2943
2911
2853
2943
2861
2929
3121
3047
3031
3005
3071
3167
10000
2899
2811
2527
2373
2194
2256
1999
1915
1813
1648
1656
1498
1486
1338
1337
1296
1216
1145
932
971
940
915
778
782
756
778
618
678
560
596
561
565
452
528
452
456
424
500
457
324
378
362
416
224
425
372
336
304
236
288
10000
186
520
612
640
850
960
1051
1264
1328
1456
1554
1642
1846
1730
1929
2019
2112
2171
2179
2212
2239
2435
2337
2587
2467
2527
2615
2559
2731
2811
2823
2811
2875
2759
2758
2815
2911
2863
2867
2942
2928
2951
3063
2957
2955
3025
2981
3023
3227
2971
10000
2962
2795
2551
2373
2351
2149
2033
1914
1776
1758
1630
1535
1490
1450
1240
1212
1089
1081
912
949
912
886
890
818
832
808
708
706
716
566
628
546
528
524
394
378
440
368
368
360
320
364
392
392
331
168
288
300
240
262
10000
170
425
560
704
816
1014
1003
1232
1313
1499
1535
1680
1808
1773
1902
2110
2121
2187
2215
2310
2486
2384
2437
2491
2515
2583
2589
2727
2643
2782
2707
2769
2791
2867
2745
2847
2943
2923
2823
2855
2943
2983
2971
2929
3053
3055
2942
3059
3071
3015
10000
2987
2735
2611
2469
2247
2187
2000
1911
1863
1714
1617
1504
1408
1400
1229
1232
1091
1132
992
977
912
896
736
810
738
721
768
640
588
602
544
554
480
540
460
489
328
334
361
376
384
354
276
392
256
308
304
289
336
236
10000
307
428
553
750
865
972
1122
1195
1291
1520
1584
1743
1747
1875
1903
1969
2026
2132
2262
2327
2385
2395
2416
2461
2481
2608
2559
2559
2607
2767
2691
2739
2771
2795
2839
2867
2919
2811
2895
2901
2846
3051
3033
3005
2954
2898
2961
3093
2943
2941
10000
2879
2803
2608
2310
2311
2009
1967
1954
1731
1727
1567
1584
1414
1296
1318
1197
1117
1059
1085
897
848
850
810
788
704
712
672
592
644
656
560
530
523
538
548
538
324
384
401
304
392
396
322
256
320
224
172
185
240
300
10000
240
460
524
754
787
964
1056
1136
1376
1328
1563
1693
1684
1808
1940
2035
2096
2154
2227
2224
2207
2347
2442
2353
2480
2483
2533
2607
2709
2721
2746
2739
2741
2757
2811
2826
2871
2743
2875
2967
2923
2966
2843
2887
3053
2927
2939
2975
3037
3014
10000
2930
2623
2507
2387
2253
2096
1926
1935
1670
1669
1573
1510
1424
1388
1264
1104
1063
1101
928
912
848
880
918
864
720
690
670
656
640
592
650
524
538
556
396
496
454
401
336
352
368
336
338
236
304
352
268
240
220
224
10000
272
448
448
801
816
928
1113
1173
1442
1458
1590
1753
1792
1808
1841
1919
2059
2119
2128
2187
2242
2352
2341
2399
2651
2518
2637
2645
2519
2684
2710
2839
2863
2827
2877
2844
2751
2891
2803
2971
2919
2995
2915
2911
3157
2991
3089
3151
3071
3118
10000
2963
2736
2533
2326
2245
2180
2032
1847
1782
1647
1574
1535
1294
1346
1349
1164
1052
1080
987
948
922
912
848
815
698
822
640
733
602
626
644
490
524
474
460
448
566
452
432
400
328
340
304
308
176
281
256
246
153
224
10000
128
464
492
796
849
1012
1059
1260
1369
1474
1531
1780
1750
1769
1872
2097
2096
2143
2204
2314
2367
2327
2485
2415
2550
2606
2601
2704
2695
2819
2723
2731
2751
2726
2759
2791
2861
2855
2861
2891
3057
2961
2989
2943
2951
3063
2975
3071
3071
3095
10000
2885
2803
2470
2421
2303
2149
1966
2026
1707
1664
1648
1554
1491
1441
1195
1168
1130
1120
1056
859
913
854
828
784
733
704
760
597
641
673
496
604
612
440
496
437
421
362
528
368
371
297
368
448
277
236
370
312
258
288
10000
240
432
580
688
850
896
1062
1174
1433
1421
1616
1663
1744
1820
1924
1955
1993
2139
2289
2240
2461
2409
2447
2343
2363
2559
2643
2559
2707
2641
2739
2739
2742
2775
2831
2899
2887
2865
2959
2883
2887
3039
3023
2823
2895
2937
3007
2935
2951
3139
10000
2935
2863
2475
2447
2175
2103
1931
1903
1806
1647
1535
1598
1456
1331
1200
1286
1059
1076
972
948
977
864
914
816
704
798
652
668
594
544
656
488
556
486
352
488
404
416
384
432
373
328
296
268
368
256
290
209
298
240
10000
208
384
496
624
833
1030
1022
1168
1318
1469
1582
1680
1711
1815
2027
2097
2082
2147
2238
2299
2304
2462
2559
2491
2447
2501
2653
2602
2663
2736
2726
2811
2767
2749
2778
2843
2871
2931
2859
2863
2815
2943
2959
3013
2971
3003
2875
3067
3087
3027
10000
3019
2739
2595
2433
2227
2178
1918
1782
1825
1694
1617
1506
1394
1374
1172
1201
1187
1043
968
976
976
952
834
780
690
704
768
720
596
554
608
554
496
560
633
558
400
522
393
420
400
384
292
304
341
304
309
290
234
272
10000
288
443
528
732
920
1074
1127
1236
1350
1328
1614
1594
1708
1790
1917
2013
2032
2165
2171
2239
2295
2363
2462
2523
2467
2559
2591
2671
2687
2611
2782
2766
2783
2855
2791
2867
2883
2787
3018
2897
3006
2943
2955
3039
3043
2911
2977
3071
3015
3063
10000
2955
2723
2511
2371
2301
2202
1899
1943
1789
1671
1602
1485
1363
1313
1264
1216
1126
1126
976
1008
877
881
854
768
720
753
704
642
570
668
556
520
534
461
537
420
474
424
416
496
336
402
272
272
346
288
260
240
304
214
10000
228
388
528
630
976
1000
1078
1216
1328
1436
1590
1717
1847
1795
1946
2034
2083
2176
2247
2289
2349
2383
2399
2480
2479
2549
2531
2559
2609
2723
2751
2767
2759
2695
2831
2935
2967
2949
2835
2909
2959
3007
2975
2909
2994
2979
2995
3007
3030
3103
10000
2863
2837
2559
2383
2193
2239
2027
1808
1712
1746
1610
1529
1392
1395
1288
1174
1163
1146
972
1084
934
902
816
784
720
844
684
650
620
536
592
584
528
501
448
506
425
296
368
338
384
304
326
344
336
272
368
288
304
300
10000
320
424
548
646
738
933
1076
1170
1280
1465
1461
1622
1588
1740
1838
1990
2070
2107
2082
2174
2263
2329
2431
2389
2527
2551
2599
2687
2691
2723
2787
2779
2641
2723
2917
2877
2879
2839
2939
3022
3057
3015
2929
2959
2975
3051
3099
3121
3049
2967
10000
2999
2687
2687
2367
2319
2178
2022
1798
1784
1710
1535
1509
1328
1325
1189
1242
1115
1102
947
1008
868
825
929
784
660
734
663
681
612
676
628
528
557
595
448
480
449
424
452
448
432
305
436
392
200
266
298
354
224
230
10000
224
536
467
689
932
1016
1057
1212
1405
1378
1555
1651
1729
1819
1859
2002
2061
2288
2208
2250
2449
2354
2378
2615
2559
2483
2631
2611
2751
2675
2679
2727
2771
2791
2835
2865
2815
2983
2797
2911
2863
2939
2929
2877
2975
2891
2919
2989
3111
3063
10000
2951
2802
2559
2397
2229
2233
1940
1918
1767
1711
1514
1530
1427
1422
1289
1191
1233
1059
928
980
1021
881
871
826
768
770
762
618
640
628
486
544
582
496
530
400
459
347
432
421
374
448
336
416
272
338
280
339
328
256
10000
220
410
560
688
858
1001
1019
1280
1456
1534
1492
1667
1803
1813
1942
2031
2116
2237
2179
2295
2323
2307
2390
2449
2391
2532
2480
2640
2679
2767
2687
2767
2815
2854
2843
2814
2783
2928
2911
2927
2959
2991
2997
2903
2963
2895
2975
3013
2925
3119
10000
2827
2726
2557
2402
2311
2089
2001
1870
1709
1643
1553
1495
1392
1295
1244
1180
1075
1125
1085
986
973
848
784
721
896
768
768
656
712
566
624
592
547
601
396
544
384
448
384
385
353
384
344
288
272
272
304
244
324
272
10000
146
314
642
696
860
951
1094
1264
1283
1394
1614
1698
1802
1883
1956
1932
2114
2143
2224
2223
2367
2512
2374
2441
2535
2591
2559
2559
2641
2677
2647
2775
2695
2751
2806
2763
2821
2863
2863
2935
2854
2887
2967
2995
2951
3119
2975
2971
3055
3185
10000
2837
2683
2506
2527
2275
2172
2079
2014
1781
1686
1674
1499
1433
1205
1322
1294
1062
1027
864
1006
960
825
848
832
768
678
784
662
647
580
701
592
563
500
530
466
416
384
449
291
384
376
360
374
313
378
384
350
336
256
10000
304
440
592
579
848
1009
1105
1185
1408
1424
1575
1728
1719
1837
1973
1962
1998
2127
2191
2293
2347
2320
2431
2429
2551
2673
2691
2623
2707
2640
2623
2687
2811
2815
2800
2837
2891
2854
2847
2999
2963
2959
2959
2863
2902
3154
2995
3057
2959
3111
10000
2807
2736
2523
2415
2249
2092
2023
1942
1878
1584
1563
1535
1316
1382
1180
1187
1102
1138
1008
916
932
854
884
892
759
779
649
624
597
536
592
564
534
528
544
464
394
164
432
400
304
427
320
298
268
306
304
268
264
216
10000
256
368
534
678
802
970
1004
1133
1390
1403
1431
1670
1758
1837
1962
1998
2114
2119
2333
2177
2285
2315
2327
2367
2559
2527
2602
2717
2595
2663
2679
2831
2799
2765
2847
2815
2783
2927
2931
2873
2879
2961
2943
2935
2987
2911
2992
3111
3015
3071
10000
2955
2705
2511
2363
2245
2333
2003
1967
1837
1627
1610
1498
1331
1397
1283
1264
1136
1154
1081
976
942
832
870
835
720
682
598
681
568
640
640
545
544
464
474
448
440
376
388
433
368
458
448
392
356
272
282
185
176
272
10000
304
428
488
640
848
944
1076
1248
1271
1456
1504
1600
1758
1791
1953
2038
2023
2090
2112
2243
2303
2501
2367
2385
2523
2431
2539
2554
2641
2763
2859
2751
2767
2735
2705
2886
2859
2957
2939
2935
2839
2943
2938
2991
3047
3023
2961
2963
3007
3059
10000
2933
2805
2603
2455
2355
2007
2045
1938
1856
1737
1629
1569
1360
1335
1316
1215
1156
1062
1004
905
1003
828
893
794
800
768
624
722
569
630
560
548
450
426
529
400
357
346
448
454
256
314
400
272
304
280
224
264
256
233
10000
132
320
498
711
848
982
1065
1178
1344
1462
1584
1584
1785
1818
1900
2017
2210
2111
2253
2283
2221
2378
2394
2375
2559
2559
2598
2608
2725
2751
2671
2788
2786
2791
2811
2838
2899
2837
2819
2903
2931
2894
2979
3035
2891
2929
2943
2965
3103
2994
10000
2991
2723
2509
2371
2259
2135
1987
1775
1819
1697
1654
1488
1481
1330
1197
1292
1162
1068
968
856
940
770
872
852
740
752
725
776
569
576
673
492
526
601
428
432
464
568
426
483
368
384
326
347
384
288
289
272
278
290
10000
280
384
538
726
709
992
1035
1185
1354
1459
1522
1767
1773
1839
1938
1937
1987
2257
2269
2219
2351
2414
2352
2465
2416
2487
2647
2559
2679
2641
2559
2757
2795
2832
2823
3071
2875
2911
2923
2902
3035
2993
3001
2943
3031
3002
3055
2962
3071
3027
10000
2935
2671
2631
2411
2319
2155
2035
1857
1781
1552
1582
1431
1360
1412
1309
1136
1196
1093
951
1034
874
916
795
816
720
772
709
722
656
590
624
624
550
598
504
378
428
464
492
404
324
298
336
393
293
256
280
236
304
230
10000
160
440
536
699
812
982
1061
1268
1382
1374
1562
1634
1836
1868
1994
2067
2055
2195
2267
2324
2297
2451
2423
2482
2471
2585
2607
2645
2763
2635
2599
2709
2643
2847
2829
2815
2839
2687
2821
2907
2979
2955
2979
3059
2967
2910
3055
2943
3165
3111
10000
2927
2767
2541
2335
2329
2127
2002
1889
1792
1728
1631
1459
1415
1296
1339
1200
1072
1068
943
1109
892
1008
941
768
752
704
729
656
641
618
520
624
576
468
572
464
424
348
435
391
320
284
384
320
260
368
338
354
236
274
10000
301
464
570
772
737
892
1084
1304
1312
1482
1516
1600
1728
1840
1874
1907
2115
2097
2150
2307
2287
2426
2379
2407
2549
2512
2627
2663
2623
2743
2611
2691
2852
2743
2831
2855
2890
2899
2935
2939
2879
3003
2959
2990
3010
2929
3055
3173
3071
2995
10000
2959
2715
2534
2431
2365
2161
1947
1834
1749
1724
1680
1405
1392
1383
1393
1186
1258
1060
1008
985
980
890
857
720
752
796
688
736
582
673
534
602
488
624
576
560
347
408
344
346
305
436
288
292
304
338
320
260
229
256
10000
176
360
610
718
720
872
1104
1207
1360
1426
1486
1723
1793
1836
1953
2097
2079
2162
2251
2263
2374
2263
2443
2519
2513
2559
2515
2614
2650
2754
2655
2711
2811
2768
2807
2847
2895
2891
2943
2845
3003
2960
3007
2981
3024
2931
3135
3071
3133
3025
10000
2961
2779
2587
2486
2279
2235
1967
1877
1739
1706
1530
1573
1456
1396
1264
1175
1276
1090
960
1029
930
888
852
881
680
722
745
656
576
646
517
540
497
546
501
465
480
425
436
432
453
419
368
304
320
427
322
228
320
392
10000
176
480
548
672
838
1008
1122
1241
1360
1457
1574
1628
1727
1925
1904
1938
2033
2177
2110
2347
2384
2324
2415
2357
2512
2512
2735
2594
2589
2630
2751
2699
2815
2783
2783
2871
2853
2939
2913
2864
2891
2967
3039
2981
3051
2965
2965
2919
3019
3071
10000
2915
2736
2637
2327
2293
2131
1965
1914
1853
1706
1713
1535
1472
1219
1300
1169
1094
1168
898
976
951
878
890
736
755
743
640
652
566
743
625
618
624
437
576
538
442
472
485
428
336
324
308
288
304
245
202
336
364
304
10000
192
262
500
797
864
908
1040
1209
1327
1397
1557
1633
1731
1835
2002
2079
2033
2143
2221
2235
2303
2429
2486
2471
2431
2559
2559
2545
2695
2727
2555
2783
2805
2843
2843
2859
2971
2935
2891
3015
2879
2795
2923
2871
3071
3007
2911
3109
3067
2897
10000
2959
2811
2663
2426
2256
2197
2023
1939
1756
1798
1616
1452
1444
1410
1230
1184
1120
1072
992
870
973
816
880
769
714
716
742
642
628
624
560
532
539
624
516
442
482
404
360
406
378
264
314
288
233
360
280
388
240
144
10000
272
321
528
688
944
956
996
1222
1352
1494
1558
1687
1722
1776
1935
1984
2103
2193
2239
2355
2406
2279
2485
2462
2421
2555
2474
2652
2625
2689
2671
2847
2835
2845
2795
2839
2907
2866
2943
3025
2887
2967
3047
2919
3051
3011
3031
3037
3031
3051
10000
2961
2671
2615
2323
2199
2077
1867
1866
1814
1597
1578
1520
1390
1397
1264
1312
1082
1171
1165
940
912
745
796
822
734
748
736
706
620
691
592
596
549
501
416
392
457
416
376
384
352
352
234
336
290
256
224
336
288
312
10000
212
402
616
658
800
864
1126
1153
1233
1463
1502
1633
1680
1904
1904
2007
2134
2129
2373
2215
2211
2415
2387
2471
2629
2594
2655
2631
2711
2671
2673
2651
2771
2714
2751
2870
2773
2783
2917
2951
2899
3003
2943
3059
3031
2997
3071
3103
3099
3069
10000
2955
2759
2591
2386
2358
2163
2043
1923
1755
1761
1591
1488
1348
1366
1325
1169
1166
1152
1002
924
984
848
832
880
696
724
697
645
658
582
588
634
456
408
448
384
390
356
400
344
384
352
320
241
410
304
338
272
270
256
10000
192
368
523
665
858
968
1108
1274
1278
1454
1589
1750
1776
1828
1837
2011
2055
2155
2241
2333
2327
2385
2383
2452
2482
2634
2631
2661
2667
2722
2675
2835
2799
2759
2797
2871
3011
2879
2917
3014
2823
3023
3007
2943
2887
2991
2879
3111
3109
3088
10000
2867
2672
2523
2263
2233
2163
1967
1947
1798
1703
1616
1510
1392
1360
1307
1147
1212
1200
1104
1034
965
832
809
826
706
720
656
592
592
587
596
550
482
457
506
403
384
420
392
332
448
266
370
260
330
328
306
260
216
256
10000
256
322
556
610
789
886
1047
1234
1347
1488
1625
1671
1664
1903
1889
2003
2134
2138
2251
2263
2365
2299
2403
2485
2483
2655
2731
2647
2692
2719
2711
2700
2719
2911
2802
2843
2862
2767
2943
2991
2929
2867
2961
3007
2975
2983
2923
3093
3013
3063
10000
2927
2687
2479
2320
2310
2171
2079
1871
1868
1722
1711
1458
1446
1334
1246
1175
1136
1078
1040
957
976
763
826
784
774
678
665
625
662
558
628
566
500
464
436
475
482
448
420
361
312
448
358
361
274
304
297
236
332
172
10000
264
402
496
742
861
978
1097
1290
1345
1360
1535
1584
1840
1856
1918
2033
2077
2239
2267
2215
2363
2359
2447
2431
2519
2559
2559
2559
2719
2645
2787
2773
2834
2707
2811
2771
2907
2827
2923
2807
3055
2927
2971
2935
3039
3069
2983
2990
3025
2983
10000
3023
2751
2615
2323
2299
2085
1970
1951
1728
1731
1620
1507
1438
1329
1317
1248
1122
1168
1018
960
885
871
928
781
784
768
720
722
610
602
646
640
528
544
416
384
370
424
354
368
392
272
320
260
230
256
292
262
336
226
10000
200
464
537
652
859
962
1077
1241
1296
1492
1567
1641
1814
1843
2015
1983
2032
2074
2193
2185
2301
2299
2466
2443
2511
2487
2544
2671
2603
2673
2663
2725
2800
2798
2723
2811
2955
2828
2911
2903
2925
2887
2979
3055
2975
3055
3026
3067
3103
2983
10000
3123
2755
2637
2515
2363
2115
1984
1875
1804
1685
1637
1557
1401
1342
1369
1245
1220
1097
1068
1008
884
944
846
883
802
756
739
762
624
480
585
441
598
464
480
416
464
389
297
412
384
344
412
356
328
304
234
256
242
234
10000
160
320
596
652
768
942
1126
1282
1390
1458
1618
1712
1771
1831
1999
2005
2065
2192
2273
2225
2227
2352
2446
2467
2463
2639
2672
2591
2679
2607
2767
2827
2839
2867
2719
2871
2828
2987
2943
2965
2819
3037
2966
2997
3067
2993
3119
3006
3111
2959
10000
2957
2833
2458
2255
2259
2077
2135
1855
1677
1680
1533
1563
1355
1411
1202
1161
1143
1060
1045
914
966
962
912
802
736
808
754
584
720
624
618
595
485
528
528
464
368
400
416
472
356
342
321
316
320
260
361
228
168
219
10000
212
409
530
688
832
1042
1104
1140
1445
1490
1521
1643
1776
1840
2062
2015
2067
2123
2167
2291
2391
2455
2455
2451
2478
2449
2685
2686
2673
2599
2731
2777
2691
2837
2794
2827
2839
2815
2915
2907
2909
3027
2919
3005
2907
2999
2994
2931
3143
3091
10000
2915
2782
2737
2487
2269
2189
2010
1779
1723
1725
1637
1477
1428
1356
1169
1248
1082
1045
1037
913
912
794
924
825
856
740
714
618
565
572
568
554
481
528
460
459
384
376
408
304
288
328
288
392
400
288
288
256
296
224
10000
229
424
560
678
914
982
1032
1277
1378
1462
1600
1619
1750
1798
1875
1929
2154
2192
2161
2207
2331
2361
2401
2475
2506
2583
2555
2701
2610
2711
2735
2737
2765
2791
2907
2887
2736
2846
2815
2955
2830
2943
2911
2971
2983
2956
2933
2999
3039
3059
10000
2850
2623
2479
2443
2214
2094
1994
1895
1747
1737
1505
1604
1418
1294
1248
1181
1099
1110
1041
991
1004
869
883
891
656
768
608
674
553
588
584
610
530
592
532
528
440
469
342
336
258
344
278
320
278
288
298
224
272
274
10000
292
352
462
677
871
946
1008
1290
1383
1408
1562
1664
1744
1774
1968
2045
2035
2147
2243
2179
2407
2355
2507
2482
2499
2589
2519
2587
2662
2655
2743
2835
2755
2781
2846
2863
2801
2911
2873
2961
2859
2879
2879
2919
2861
2919
3011
3050
2959
3037
10000
3055
2771
2645
2399
2268
2211
1998
1937
1719
1706
1620
1517
1342
1285
1329
1244
1067
1017
1028
1036
1046
945
866
784
760
812
596
674
650
466
672
484
584
490
392
528
440
442
396
409
356
464
388
388
326
104
348
256
368
266
10000
185
224
620
614
853
1064
998
1328
1358
1473
1588
1688
1744
1820
1968
1882
2054
2085
2197
2353
2183
2319
2374
2458
2511
2559
2535
2657
2686
2559
2727
2799
2647
2961
2832
2775
2811
2831
2855
2923
2950
2928
3023
3047
2975
3069
2991
2975
2879
3115
10000
3027
2663
2557
2341
2199
2169
1983
1839
1706
1682
1674
1488
1441
1340
1341
1205
1146
1043
1040
892
848
872
896
868
764
645
681
742
640
688
578
560
526
500
496
528
437
372
432
361
266
410
296
288
357
313
192
282
208
166
10000
208
440
480
682
832
1017
1105
1200
1325
1461
1535
1687
1694
1856
1871
1973
2095
2062
2183
2261
2346
2419
2471
2416
2601
2544
2646
2551
2640
2677
2789
2823
2775
2767
2799
2883
2895
2803
2859
2915
2787
2966
2951
2983
2971
3047
3047
3090
3003
3127
10000
2911
2733
2511
2341
2346
2071
1973
1897
1883
1777
1653
1456
1302
1330
1264
1324
1166
1008
972
900
988
992
768
824
819
738
724
656
617
620
564
546
458
480
468
330
502
448
428
314
394
400
416
396
352
384
272
257
209
236
10000
256
454
464
729
827
960
1053
1209
1290
1476
1594
1667
1714
1761
1895
2063
2059
2111
2179
2275
2320
2381
2487
2479
2495
2513
2663
2637
2683
2667
2751
2755
2843
2907
2843
2853
2811
2851
2919
2887
2906
2911
2949
3007
2935
3025
2993
2974
3038
3019
10000
2931
2685
2591
2469
2363
2078
1905
1862
1776
1696
1520
1467
1392
1334
1284
1240
1206
1134
1072
1030
896
842
740
786
826
768
754
714
596
662
662
490
416
480
505
386
436
462
373
430
362
364
324
416
329
282
268
341
232
316
10000
232
410
544
752
869
930
1137
1269
1372
1535
1569
1786
1841
1898
1919
2057
2075
2139
2209
2287
2311
2338
2480
2418
2533
2583
2509
2733
2643
2669
2699
2763
2807
2807
2863
2747
2783
2967
2967
2867
2935
3027
2994
2991
2979
3071
3098
3045
3015
2943
10000
2871
2799
2673
2416
2235
2066
1998
1926
1756
1610
1571
1571
1413
1364
1226
1200
1124
1093
1005
848
909
937
768
816
692
680
656
676
520
624
618
596
548
571
488
418
460
546
356
485
402
281
360
412
352
304
267
268
277
192
10000
176
444
540
688
760
942
1085
1221
1285
1482
1457
1650
1649
1790
1951
2042
2085
2103
2258
2321
2306
2459
2443
2526
2391
2703
2541
2635
2685
2735
2781
2759
2847
2855
2807
2795
2893
2875
2957
2929
2897
2943
2867
2907
3031
3071
2923
2991
3120
3139
10000
2843
2736
2551
2347
2189
2110
2047
1878
1701
1725
1738
1506
1436
1334
1286
1145
1229
1136
1057
944
947
928
888
820
810
816
772
680
678
712
544
688
480
400
496
443
336
320
456
418
381
376
388
352
256
266
276
272
256
266
10000
144
348
592
674
848
984
1088
1200
1297
1520
1605
1666
1763
1963
1968
2000
2095
2149
2314
2289
2319
2205
2423
2387
2505
2537
2479
2610
2515
2699
2615
2658
2779
2666
2821
2846
2823
2815
2763
3023
2929
2871
2989
2971
3056
3091
2999
3088
3127
3071
10000
2903
2719
2527
2359
2303
2205
1986
1872
1728
1712
1535
1511
1453
1362
1253
1101
1161
1147
972
944
883
832
760
798
769
816
633
656
720
561
490
644
560
501
368
520
501
454
384
372
320
277
304
392
322
304
322
297
233
240
10000
264
416
476
646
742
1004
1214
1316
1270
1456
1552
1659
1750
1809
1981
1994
2107
2151
2256
2311
2341
2314
2351
2498
2519
2534
2667
2531
2659
2701
2615
2701
2790
2801
2883
2891
2815
2833
2863
2947
2887
2935
3007
3023
2963
2967
3063
3011
3103
3023
10000
2862
2699
2547
2425
2322
2003
2112
1937
1872
1585
1590
1591
1408
1289
1374
1248
1189
1005
1006
910
976
860
854
854
800
832
742
688
648
618
640
466
508
562
510
532
390
453
422
432
324
336
264
377
144
232
256
312
266
282
10000
220
362
434
690
896
1004
1070
1275
1328
1462
1494
1682
1801
1854
1953
2032
2095
2162
2242
2191
2325
2369
2479
2447
2519
2542
2593
2647
2651
2609
2691
2743
2755
2771
2739
2807
2771
2921
2941
2966
2958
2983
2987
2895
3005
3055
2901
3183
2979
3057
10000
2879
2789
2739
2443
2303
2255
1936
1887
1877
1584
1564
1521
1488
1360
1266
1216
1078
1127
1077
901
954
844
752
780
669
630
624
775
710
656
596
644
426
534
500
432
466
433
402
448
448
337
394
294
401
272
256
256
272
288
10000
292
466
561
728
793
944
1072
1216
1354
1442
1481
1617
1870
1820
1970
1975
2000
2199
2195
2175
2337
2341
2407
2527
2523
2623
2619
2547
2625
2737
2782
2735
2736
2751
2787
2847
2815
2855
2939
2893
2933
2967
3039
3031
2907
2935
3011
3091
3035
3057
10000
2911
2715
2490
2463
2178
2015
2001
1926
1918
1687
1472
1457
1306
1337
1286
1136
1156
1232
998
852
885
979
925
822
806
756
656
688
668
628
552
537
556
539
520
396
480
385
372
432
426
384
297
352
306
230
260
244
368
240
10000
192
384
597
704
882
978
1190
1140
1304
1472
1565
1735
1758
1936
1966
1981
2064
2150
2212
2237
2352
2379
2414
2539
2523
2523
2608
2623
2615
2627
2643
2743
2903
2803
2736
2831
2918
2883
2942
2867
2975
3015
2960
3067
2975
3007
3023
2960
3175
3119
10000
2935
2695
2635
2434
2302
2145
1949
1826
1845
1733
1490
1521
1353
1277
1280
1256
928
1129
957
992
1003
930
821
788
829
744
553
694
660
592
592
526
564
490
416
448
470
474
420
416
384
408
432
462
346
306
312
320
272
276
10000
226
422
628
672
874
912
1033
1193
1425
1502
1502
1589
1807
1855
1949
2083
2106
2082
2123
2298
2320
2448
2430
2449
2541
2559
2589
2677
2647
2795
2679
2883
2896
2839
2815
2827
2901
2864
2963
2882
2981
3071
2947
2895
2899
2951
3067
3027
3031
2991
10000
2805
2645
2511
2343
2224
2071
1987
1920
1865
1664
1523
1510
1438
1324
1353
1099
1212
1108
1090
1004
946
903
812
769
768
648
736
657
640
536
576
525
532
522
412
372
504
432
390
360
297
320
400
346
281
306
186
288
265
256
10000
208
436
640
699
848
960
1058
1205
1335
1522
1557
1667
1715
1897
1936
2064
2005
2224
2352
2319
2331
2415
2463
2431
2559
2515
2490
2663
2523
2654
2750
2771
2799
2747
2875
2823
2929
2983
2951
2935
2949
3026
2895
3071
2999
3015
2990
2991
3071
3039
10000
2878
2767
2551
2361
2321
2118
1951
1941
1830
1675
1652
1535
1481
1330
1381
1286
1139
1077
976
846
905
793
906
848
840
672
726
592
712
612
640
510
546
544
480
468
474
506
432
440
412
304
384
398
332
277
336
248
296
308
10000
304
384
480
602
900
960
1032
1205
1355
1475
1535
1597
1794
1886
1776
1993
2032
2141
2261
2317
2455
2275
2454
2430
2559
2491
2640
2591
2687
2639
2736
2751
2847
2919
2802
2851
2896
2815
2999
2967
3007
2935
2927
3027
3039
3007
3031
3047
3055
2879
10000
2933
2679
2559
2427
2160
2093
1857
1869
1757
1792
1584
1573
1449
1413
1342
1200
1125
1069
1049
966
898
886
830
793
746
821
760
661
720
630
568
597
565
528
384
401
368
426
468
358
376
320
320
272
320
390
257
224
275
176
10000
244
472
640
714
834
994
1003
1100
1265
1466
1602
1591
1823
1880
1899
2208
2214
2175
2293
2322
2413
2471
2327
2491
2397
2535
2547
2559
2677
2637
2660
2558
2829
2821
2899
2805
2903
2787
2915
2911
2923
2919
2947
2991
3023
2965
2863
3089
3135
3015
10000
2935
2717
2495
2449
2281
2131
2074
1983
1861
1598
1583
1467
1350
1250
1271
1170
1118
1088
1040
981
953
912
848
752
757
720
633
658
676
624
576
592
548
624
560
540
480
432
406
462
409
364
387
341
372
320
297
256
278
234
10000
240
312
592
646
840
925
1095
1146
1344
1310
1490
1533
1680
1925
1985
2031
2011
2241
2157
2229
2359
2367
2455
2353
2539
2544
2635
2511
2657
2598
2731
2725
2671
2742
2903
2975
2951
2783
2847
2993
2887
2895
2915
2959
2975
2983
3095
2943
2983
3037
10000
2927
2695
2631
2331
2271
2021
2085
1856
1795
1703
1567
1523
1434
1344
1312
1319
1178
1008
960
1090
880
820
784
896
838
764
771
704
592
617
592
576
553
480
474
440
384
452
376
432
394
344
346
304
242
433
240
220
248
341
10000
208
416
608
695
960
989
1136
1184
1273
1403
1603
1651
1821
1904
1892
2031
2064
2213
2306
2379
2327
2429
2483
2559
2505
2518
2559
2645
2607
2559
2620
2733
2787
2655
2767
2815
2859
2823
2857
2997
2967
2915
2864
2907
2897
3090
2939
3071
3134
3003
10000
2899
2806
2518
2431
2271
2127
2067
1998
1735
1725
1650
1422
1392
1391
1203
1194
1096
982
952
972
912
1000
913
656
726
739
728
720
618
605
564
520
576
627
538
456
448
472
432
407
384
272
340
384
272
209
354
260
200
304
10000
256
384
624
745
816
913
1136
1097
1347
1491
1600
1627
1797
1798
1948
1989
2075
2139
2146
2291
2320
2385
2417
2491
2458
2541
2639
2558
2629
2687
2815
2739
2763
2791
2815
2928
2815
2775
2957
2897
2907
2991
2987
2957
2986
3045
2995
3055
3043
3043
10000
2987
2694
2551
2347
2263
2079
2038
1869
1801
1616
1476
1512
1438
1392
1266
1185
1140
1102
1082
909
872
859
802
736
769
738
784
718
748
570
562
544
534
486
473
491
484
448
384
377
434
358
400
288
298
256
246
293
256
288
10000
176
452
518
727
762
960
1008
1226
1290
1553
1520
1664
1754
1853
1965
1922
2055
2165
2256
2259
2311
2421
2365
2527
2544
2511
2559
2533
2671
2623
2743
2666
2723
2815
2737
2781
2765
2967
2831
2895
2879
2979
2939
2943
2989
3031
3043
3031
3141
3071
10000
2958
2750
2593
2433
2241
2055
1983
1977
1754
1767
1606
1515
1522
1417
1273
1199
1162
1133
1013
864
840
876
849
805
806
690
614
680
716
544
632
558
568
584
576
448
480
442
464
352
424
320
336
440
272
242
228
268
256
226
10000
160
398
532
770
707
885
1136
1210
1370
1478
1586
1662
1717
1874
1903
2032
2110
2142
2256
2209
2373
2418
2403
2407
2559
2482
2559
2675
2599
2643
2687
2779
2783
2806
2726
2850
2869
2837
2843
2815
2867
3051
2903
2975
3029
3093
3035
3089
2999
3121
10000
2911
2672
2639
2423
2303
2158
1948
1809
1741
1664
1686
1478
1449
1369
1296
1264
1152
1126
1072
980
924
893
798
752
752
756
752
656
609
540
678
560
680
576
484
352
432
456
368
378
320
470
404
312
312
288
296
245
248
365
10000
320
385
533
731
912
908
1102
1238
1360
1474
1498
1634
1840
1870
1962
1919
2113
2154
2218
2197
2207
2361
2537
2385
2415
2499
2599
2638
2551
2639
2639
2686
2733
2735
2815
2815
2807
2801
2855
2847
2923
2950
2943
3031
3038
3003
3130
2991
3003
3071
10000
2885
2799
2608
2399
2298
2083
2022
1919
1723
1709
1600
1609
1529
1356
1169
1143
1216
1150
972
976
834
923
836
812
822
779
688
640
706
585
576
676
592
498
448
561
384
400
424
352
450
384
368
352
337
320
236
240
334
262
10000
192
388
544
713
885
890
1008
1219
1296
1483
1575
1735
1717
1750
1851
2031
2102
2042
2116
2353
2329
2319
2395
2447
2507
2527
2619
2625
2715
2769
2770
2803
2754
2715
2853
2815
2845
2927
2927
2883
2927
2827
2979
2903
2963
3021
3047
3003
3007
3047
10000
2897
2643
2623
2421
2198
2222
2002
1909
1811
1649
1687
1593
1387
1381
1264
1296
1264
1149
1029
928
928
836
816
842
672
658
757
694
720
683
616
553
597
448
528
484
492
442
336
457
393
336
272
161
309
352
294
232
340
206
10000
185
432
620
730
752
947
1100
1177
1381
1524
1535
1712
1744
1872
1956
2007
2079
2173
2189
2283
2149
2294
2527
2384
2447
2478
2589
2674
2671
2687
2639
2751
2743
2770
2878
2815
2832
2759
2911
2951
2991
2879
3103
2999
3199
2926
2983
3059
2965
2959
10000
2965
2799
2512
2355
2289
2071
1999
1855
1776
1673
1582
1524
1490
1305
1224
1152
1129
1064
950
970
955
908
840
834
808
792
789
647
661
576
568
576
560
508
544
454
528
478
538
428
468
305
388
384
306
240
290
320
264
198
10000
257
520
672
692
846
832
1112
1194
1353
1444
1522
1715
1766
1806
2009
1970
2095
2231
2143
2279
2399
2323
2443
2493
2559
2545
2587
2623
2659
2709
2759
2779
2851
2795
2797
2755
2802
2861
2806
2979
2895
3027
2879
2934
2805
2975
3001
2955
3015
3131
10000
2951
2789
2499
2405
2274
2207
2064
1925
1745
1684
1558
1552
1408
1346
1286
1222
1168
1123
896
928
951
869
864
842
781
784
784
696
720
688
576
518
507
576
658
488
488
432
312
392
297
345
282
321
362
452
196
234
256
176
10000
173
460
520
673
884
1011
978
1264
1370
1470
1507
1706
1719
1829
1989
2021
2017
2215
2282
2175
2278
2327
2467
2559
2544
2495
2559
2687
2751
2559
2718
2751
2663
2718
2815
2719
2769
2915
2855
2891
2847
2983
2911
2951
3027
3029
3019
3135
3031
3013
10000
2983
2723
2559
2407
2263
2172
2029
1823
1791
1699
1535
1498
1349
1243
1246
1266
1104
1061
1064
906
934
971
816
880
779
736
649
664
772
576
484
620
580
560
428
486
400
490
400
336
394
296
370
264
346
310
305
260
324
256
10000
235
296
617
695
712
993
1148
1268
1267
1453
1501
1616
1778
1883
1847
2017
2160
2175
2221
2202
2277
2327
2335
2482
2614
2593
2615
2559
2675
2833
2631
2727
2771
2931
2799
2773
2879
2923
2864
3053
2895
2915
3037
2927
3039
2986
2974
3063
2993
3071
10000
2929
2587
2551
2355
2252
2225
1927
1907
1631
1721
1613
1557
1443
1321
1273
1277
1185
1133
976
985
957
880
960
834
758
778
696
748
660
724
664
621
400
534
548
464
403
462
288
320
372
396
272
314
272
256
260
196
192
264
10000
256
338
624
704
912
969
1056
1138
1265
1465
1474
1566
1806
1834
1851
2063
2118
2115
2231
2253
2409
2382
2429
2559
2559
2559
2559
2589
2547
2723
2657
2767
2743
2767
2791
2800
2802
2863
2879
2927
2907
2981
3007
2873
2955
3035
2917
3207
3035
3149
10000
2859
2719
2635
2452
2190
2182
2032
1807
1791
1712
1523
1401
1408
1252
1290
1230
1170
1077
1130
1012
904
854
774
736
770
717
640
705
653
561
642
416
592
496
462
451
416
384
496
386
396
384
360
256
301
242
320
274
280
226
10000
256
448
534
608
797
969
1174
1179
1344
1458
1554
1713
1766
1851
1953
1871
2069
2235
2178
2267
2223
2334
2374
2454
2479
2543
2533
2631
2663
2615
2706
2743
2791
2833
2798
2865
2833
2875
2943
2943
2927
3047
2962
2987
2939
2951
3003
3103
3039
3071
10000
2839
2727
2558
2399
2341
1975
2115
1806
1853
1743
1506
1574
1385
1355
1211
1201
1205
996
1104
950
1023
828
821
864
704
688
706
710
621
576
592
539
617
564
568
466
440
488
360
416
336
369
356
240
320
320
353
229
245
232
10000
304
362
492
656
848
901
1072
1146
1323
1392
1575
1683
1755
1680
1954
2047
2127
2128
2245
2243
2289
2243
2326
2495
2667
2687
2658
2587
2715
2655
2747
2683
2713
2755
2779
2832
2803
2925
2871
2901
2987
2995
2989
2975
2981
3103
3007
2927
2882
3031
10000
2835
2699
2480
2443
2288
2131
2085
1870
1777
1745
1509
1535
1413
1301
1309
1088
1074
1064
961
988
870
928
961
880
768
812
720
705
688
688
661
597
550
560
468
452
484
378
400
410
325
384
332
320
312
308
432
348
288
264
10000
224
384
544
672
840
992
944
1154
1355
1405
1562
1667
1726
1824
1845
1998
2024
2125
2226
2311
2334
2448
2469
2491
2605
2607
2639
2655
2676
2685
2727
2799
2800
2830
2887
2800
2895
2863
2887
2987
2895
2929
2951
2975
3026
3087
3039
3051
3031
2993
10000
2989
2763
2640
2349
2259
2066
1984
1883
1664
1657
1751
1518
1463
1352
1296
1326
1184
1076
1092
1072
913
897
877
737
848
733
667
626
643
628
594
586
552
530
464
442
384
354
358
384
360
364
424
346
272
368
274
304
324
209
10000
235
438
552
716
864
982
1064
1152
1360
1466
1599
1712
1698
1871
1967
2013
2090
2218
2275
2211
2282
2343
2493
2512
2378
2559
2523
2611
2608
2599
2711
2749
2755
2800
2815
2863
2790
2811
2825
2863
2919
2830
2935
3003
2911
3059
3011
3071
3039
3023
10000
2928
2815
2627
2503
2203
2167
1963
1847
1746
1597
1584
1566
