827
730
794
760
652
676
577
576
540
478
534
468
520
437
492
416
352
352
362
408
377
362
240
320
240
276
272
225
256
196
169
258
277
264
10000
80
864
1354
1654
1840
1991
2059
2082
2090
2174
2254
2287
2335
2416
2374
2503
2385
2559
2503
2535
2523
2605
2665
2671
2667
2775
2695
2687
2791
2672
2833
2863
2767
2783
2839
2855
2887
2917
2917
3019
2905
2887
2875
2846
2875
2955
3071
2989
2911
3071
10000
1505
1936
1675
1375
1243
1292
1197
1131
1040
904
1008
864
880
746
784
768
688
690
610
610
576
544
593
660
506
464
400
509
552
540
452
389
388
332
402
384
395
416
273
356
288
298
422
284
200
299
291
200
96
368
10000
112
1131
1385
1653
1805
1954
1919
2090
2093
2325
2265
2335
2463
2463
2398
2443
2453
2495
2389
2559
2551
2547
2641
2672
2658
2711
2751
2789
2775
2815
2815
2739
2823
2939
2855
2839
2846
2983
2959
2959
2899
2855
2917
2928
3061
2919
2953
2911
2935
3019
10000
1665
1827
1697
1404
1333
1344
1159
1061
1072
973
931
848
896
829
802
674
736
874
726
660
718
576
492
552
656
450
496
500
490
472
468
408
400
400
468
392
304
296
308
377
272
320
328
280
234
226
276
290
368
256
10000
100
1148
1535
1703
1786
2079
2069
2207
2151
2159
2201
2363
2331
2379
2529
2559
2465
2543
2625
2610
2705
2667
2693
2726
2730
2751
2733
2773
2767
2866
2807
2839
2843
2947
2929
2898
2923
2835
3015
2887
2927
3047
2879
3118
3031
2879
3063
3031
3100
3007
10000
1556
1942
1685
1334
1333
1213
1236
1280
1113
1051
973
896
938
842
928
816
832
661
717
732
640
624
656
642
576
604
517
613
534
548
509
485
601
388
386
401
426
352
384
256
362
364
426
288
256
384
344
270
280
300
10000
80
1037
1390
1637
1773
2022
1984
2071
2155
2283
2337
2293
2383
2411
2410
2442
2489
2595
2707
2609
2615
2667
2877
2731
2815
2878
2839
2790
2837
2919
2891
2933
2815
2879
3007
2895
2911
3031
2943
2933
3117
2987
3035
2963
3051
3071
2971
3025
3023
3127
10000
1515
1934
1783
1556
1344
1244
1185
1049
1164
1113
1062
992
937
953
855
764
846
769
728
678
747
726
576
784
588
624
595
598
528
490
384
522
400
422
528
421
460
460
421
400
338
464
448
384
324
304
326
384
347
330
10000
246
1163
1535
1753
1915
1968
2102
2093
2271
2268
2301
2448
2339
2559
2387
2463
2607
2559
2686
2619
2610
2663
2811
2767
2695
2725
2717
2559
2299
2378
2514
2534
2498
2655
2667
2611
2669
2751
2767
2766
2791
2943
2815
2939
2895
2887
2979
3021
3045
2902
10000
1711
2005
1755
1601
1506
1468
1277
1321
1121
1157
1152
1040
1062
1056
892
889
892
786
834
754
744
741
688
712
728
676
602
640
566
460
520
570
507
640
673
818
792
804
720
768
798
691
525
486
468
428
296
384
320
320
10000
112
1104
1490
1697
1859
1931
2081
2047
1934
1842
1939
2146
2146
2173
2299
2383
2352
2443
2319
2263
2430
2366
2337
2433
2490
2507
2453
2559
2599
2619
2671
2595
2755
2722
2831
2783
2771
2799
2833
2781
2927
3037
3026
2885
3047
3175
3071
3197
3133
3175
10000
1493
2210
2015
1841
1632
1417
1366
1223
1152
1094
1098
1157
1146
1202
1264
1216
1262
1159
956
917
668
576
709
549
592
606
570
469
388
464
452
392
420
392
304
362
280
400
428
246
372
531
432
400
312
373
304
274
256
282
10000
200
1063
1568
1737
1925
1936
2087
2064
2149
2273
2263
2342
2391
2423
1946
1827
2091
2436
2149
2083
2175
2231
2230
2308
2389
2498
2475
2672
2743
2719
2774
2867
2917
2699
2663
2641
2787
2779
2798
2851
2815
2931
2871
2879
2867
2909
3041
3013
2971
2975
10000
2855
2663
2503
2367
2187
2143
1959
1821
1707
1661
1499
1377
1296
1312
1314
1123
1121
1004
896
942
920
881
816
832
720
650
745
568
624
536
557
496
528
548
452
417
464
418
348
384
330
278
320
244
332
256
298
248
248
169
10000
76
805
880
1152
1533
1678
1840
1955
1791
1856
1891
2046
2096
2035
2303
2321
2363
2414
2471
2529
2559
2655
2605
2686
2787
2706
2735
2704
2832
2883
2827
2823
2801
2815
2877
2897
2967
3025
2883
3015
2928
2851
2926
2971
2943
2927
3103
3031
2999
3003
10000
1584
1955
1619
1408
1445
1328
1217
1218
1091
937
1049
966
973
866
848
864
828
937
720
641
672
652
536
612
624
564
552
530
468
500
436
449
480
320
480
449
433
346
384
384
289
300
368
352
362
208
264
292
272
228
10000
146
1108
1627
1667
1935
1885
1957
2058
2167
2182
2361
2256
2454
2434
2545
2497
2507
2627
2609
2555
2650
2640
2687
2765
2735
2943
2800
2832
2783
2787
2811
2919
2887
2885
2883
2975
2951
2975
2999
2961
2975
3035
2993
2943
3103
3015
2994
2979
3057
3107
10000
1535
1878
1713
1515
1344
1344
1261
1182
1106
1104
998
933
916
890
898
834
700
810
744
665
726
688
684
700
649
478
628
544
539
472
537
464
539
448
448
464
453
468
528
306
304
400
386
393
304
321
277
390
304
178
10000
133
997
1428
1700
1879
1904
2081
2119
2176
2224
2239
2277
2327
2513
2363
2518
2489
2539
2546
2659
2662
2630
2757
2701
2717
2869
2739
2839
2737
2795
2903
2898
2943
2909
2919
2911
2865
2919
2929
2987
2942
2939
3039
3071
2899
2942
3039
2983
2911
3123
10000
1535
1831
1575
1532
1461
1208
1275
1219
1194
1120
934
916
844
889
858
784
856
822
787
646
560
612
682
595
549
521
592
450
603
472
425
460
430
409
419
336
372
374
296
299
368
292
290
320
344
241
282
208
240
200
10000
149
1075
1463
1715
1861
1959
2030
2133
2217
2231
2219
2387
2367
2462
2431
2513
2603
2559
2599
2512
2559
2751
2671
2687
2651
2768
2823
2737
2963
2815
2939
2767
2929
2943
2929
2914
2963
2903
2999
2947
2975
2919
2993
2994
2919
3051
2999
3071
2931
3061
10000
1562
1927
1642
1493
1331
1300
1307
1252
982
1048
1006
1018
897
851
892
825
728
752
709
673
590
656
660
570
593
500
560
556
520
496
496
585
520
340
480
389
474
408
416
442
368
312
274
352
400
394
272
292
320
312
10000
171
1078
1519
1615
1887
1989
2039
2101
2121
2230
2256
2367
2384
2446
2463
2485
2623
2559
2640
2698
2685
2704
2736
2781
2835
2695
2833
2795
2891
2823
2928
2943
2871
2943
2994
2879
2911
2899
3095
2991
3007
2961
2881
3095
3023
3127
3047
3115
3023
3043
10000
1575
1946
1728
1535
1410
1280
1286
1084
1069
964
997
954
886
928
888
810
781
692
724
676
723
656
682
604
640
577
565
468
464
576
408
504
420
484
428
340
389
386
328
384
304
384
436
378
304
256
281
248
266
268
10000
112
1124
1469
1761
1854
1840
2143
2139
2245
2225
2245
2453
2321
2355
2511
2480
2522
2559
2658
2659
2774
2703
2641
2801
2806
2815
2657
2805
2832
2806
2831
2847
2930
2911
2893
2918
2931
3055
3037
2899
3007
3023
3091
2943
3039
3071
3003
3005
3043
3253
10000
1676
1914
1624
1461
1362
1319
1276
1200
1120
1092
998
992
1047
925
901
795
848
788
737
752
784
649
737
613
646
611
624
576
508
600
464
434
440
442
490
461
448
496
400
416
341
384
411
320
345
401
298
384
304
308
10000
129
1082
1566
1803
1936
1979
2083
2130
2243
2256
2287
2325
2439
2451
2402
2495
2523
2531
2495
2641
2635
2745
2749
2685
2731
2861
2832
2813
2898
2813
2957
2903
2907
2919
3011
2931
2861
2907
2939
2951
2943
2975
2991
2919
2929
3026
2971
2963
2975
3101
10000
1574
1979
1709
1491
1412
1216
1312
1184
1159
1030
1005
1017
882
870
881
778
736
788
662
693
730
641
538
596
643
651
537
532
553
448
484
396
522
400
384
408
324
272
368
392
296
341
428
292
368
269
325
373
289
196
10000
218
1220
1535
1786
1850
1963
2017
2107
2096
2279
2288
2314
2326
2334
2481
2455
2499
2544
2623
2707
2623
2623
2702
2675
2773
2747
2670
2839
2707
2864
2747
2839
2827
2767
2902
2799
2925
2887
2893
2907
3007
2903
2979
2955
2935
2992
2959
3121
3095
3067
10000
1535
1851
1600
1506
1391
1269
1283
1170
1146
1041
871
992
901
896
801
859
818
768
726
768
720
668
568
586
617
464
484
562
452
496
553
438
368
330
400
416
320
356
384
400
346
306
344
368
256
320
336
269
224
260
10000
192
1083
1527
1774
1833
2007
1923
2077
2179
2219
2306
2397
2245
2413
2503
2608
2559
2559
2591
2643
2607
2690
2713
2667
2727
2903
2813
2839
2813
2801
2898
2833
2871
2928
2922
2863
2959
2991
2907
2931
2975
3055
2989
2999
2987
3031
3071
3039
3007
3022
10000
1594
1915
1699
1494
1394
1264
1259
1200
1125
1073
1066
924
794
907
928
925
816
796
704
784
692
600
576
656
656
640
587
520
570
560
481
500
496
457
450
397
451
354
322
320
320
272
426
336
326
320
281
224
293
238
10000
160
1080
1535
1648
1829
1929
2109
2291
2205
2239
2215
2431
2395
2482
2483
2462
2513
2554
2523
2675
2635
2705
2727
2682
2711
2771
2739
2787
2864
2894
2957
2979
2831
2749
2779
2958
2983
2919
2975
2991
3047
3015
3003
3123
3123
3027
3167
3024
3015
3035
10000
1587
1847
1703
1515
1422
1280
1241
1195
1110
1012
1040
1005
937
874
773
834
760
906
720
664
688
692
633
592
641
560
560
548
548
528
560
528
504
441
412
482
389
536
384
400
400
344
308
384
208
368
354
256
336
300
10000
144
1117
1593
1745
1826
2015
2077
2115
2207
2247
2335
2410
2331
2402
2549
2480
2515
2586
2683
2615
2679
2646
2653
2711
2823
2757
2867
2855
2893
2864
2847
2878
2974
2893
2951
2927
2922
2927
2943
2981
2971
2979
3013
3055
3107
2995
2989
3019
3091
2999
10000
1618
1830
1623
1518
1352
1296
1195
1131
1088
1040
1012
960
848
912
794
848
776
846
764
707
718
592
652
656
620
576
530
480
517
544
528
461
484
424
452
400
400
378
368
328
298
352
328
232
384
336
312
392
304
302
10000
148
1200
1535
1731
1914
2007
1958
2179
2142
2289
2295
2319
2294
2463
2463
2531
2478
2603
2559
2619
2643
2783
2687
2707
2667
2815
2733
2799
2771
2747
2795
2835
2845
3026
2927
2943
2927
2899
2943
2971
2939
3025
2903
3031
3005
3059
3071
3066
3111
3056
10000
1505
1932
1676
1584
1408
1357
1250
1141
1200
1122
930
1040
924
832
824
768
694
800
704
720
586
710
648
608
560
462
565
504
484
456
520
528
470
492
432
406
456
468
425
376
389
332
316
300
320
240
324
256
304
323
10000
144
1051
1477
1738
1822
1965
2070
2017
2083
2239
2266
2290
2386
2425
2447
2448
2503
2518
2533
2559
2625
2627
2719
2640
2715
2695
2903
2935
2783
2832
2853
2879
2922
2935
2899
2800
2871
2895
2909
2928
2974
3007
2863
2995
3007
2989
3071
2975
2993
3071
10000
1579
1926
1665
1507
1438
1353
1293
1258
1130
1096
1097
1072
905
950
848
889
816
856
808
721
652
758
608
608
621
644
558
624
554
520
500
546
459
384
440
416
433
332
342
400
354
348
306
352
240
296
304
274
384
306
10000
214
1102
1456
1745
1787
2003
2096
2091
2160
2297
2279
2251
2347
2458
2451
2448
2477
2477
2559
2619
2643
2653
2704
2631
2771
2751
2749
2815
2789
2862
2995
2887
2843
2861
2935
2895
2943
2887
2909
2991
3047
2901
2934
2951
3039
3059
3006
2975
3011
2989
10000
1606
1912
1722
1535
1372
1339
1275
1194
1218
1032
1009
1002
792
868
858
808
720
820
731
756
602
696
718
496
546
576
508
484
475
496
538
518
384
452
363
409
412
378
336
344
407
384
304
308
292
266
288
240
291
218
10000
226
1122
1505
1665
1831
1902
1943
2029
2171
2206
2208
2183
2290
2375
2485
2495
2425
2515
2539
2559
2667
2606
2736
2655
2737
2769
2815
2717
2691
2833
2833
2879
2827
2815
2799
2783
3006
2911
2914
2975
2919
2935
2919
2949
2942
2923
3107
2967
3031
2886
10000
1584
1979
1613
1565
1473
1255
1226
1191
1074
1158
1065
924
988
883
960
768
866
748
748
774
664
620
699
492
626
576
546
538
465
528
502
483
450
416
450
372
330
416
352
304
324
400
236
328
265
325
274
256
280
272
10000
272
1104
1305
1712
1916
1923
1926
2147
2183
2295
2327
2307
2301
2427
2512
2544
2503
2559
2591
2691
2597
2667
2640
2649
2700
2731
2695
2839
2819
2859
2858
2795
2847
2903
2957
2865
2951
2894
2911
3023
2943
3023
3047
3013
3071
3015
3055
3115
3039
3131
10000
1655
1943
1719
1584
1406
1331
1225
1196
1131
1162
944
944
965
923
788
848
768
812
785
661
816
628
630
720
672
646
592
584
528
592
624
592
496
533
425
461
420
400
469
384
428
304
360
402
308
266
368
356
308
376
10000
256
1148
1518
1664
1803
1855
2113
2061
2159
2205
2321
2257
2449
2555
2533
2448
2591
2634
2671
2679
2865
2679
2779
2723
2687
2861
2827
2854
2699
2807
2919
2975
2893
2859
2911
2941
2995
2909
3039
2951
3019
3047
2907
3089
2993
2993
3043
3095
3147
3071
10000
1535
2000
1761
1614
1456
1432
1275
1180
1104
1040
1088
998
997
1013
944
848
826
784
777
736
730
747
761
720
656
588
698
656
565
536
568
558
444
418
480
384
486
480
438
408
352
344
385
361
384
396
336
327
342
344
10000
178
1136
1522
1767
1825
1969
2078
2091
2192
2228
2323
2367
2451
2463
2491
2443
2526
2559
2691
2640
2719
2735
2709
2711
2786
2821
2775
2838
2875
2855
2887
3013
2929
2963
2902
2992
2967
3035
3055
3167
3071
3099
3071
3071
3091
3127
3175
3091
3071
3153
10000
1725
1918
1742
1654
1493
1374
1419
1244
1256
1228
961
1132
1046
946
916
896
836
800
748
782
652
768
700
709
614
604
560
602
544
528
508
496
624
480
584
504
448
421
402
386
428
369
400
384
432
456
400
288
312
342
10000
140
1065
1437
1740
1886
2000
2100
2099
2192
2242
2381
2359
2297
2393
2475
2559
2486
2499
2595
2669
2635
2719
2715
2770
2781
2723
2861
2822
2831
2859
2875
2831
2963
2973
2943
2943
2931
2863
2925
2967
2983
2983
3007
3029
2931
3055
3007
3063
3007
3095
10000
1584
1873
1553
1612
1438
1330
1200
1118
1136
1088
1021
1009
900
942
920
876
782
736
709
746
662
676
683
679
609
562
576
576
533
468
400
464
450
402
400
389
432
314
336
272
376
304
345
272
368
313
218
300
256
256
10000
172
1092
1393
1617
1778
1846
1901
2046
2071
2117
2224
2330
2321
2302
2339
2365
2423
2634
2475
2499
2542
2559
2647
2641
2635
2673
2682
2719
2791
2778
2704
2725
2767
2783
2799
2763
2781
2835
2899
2803
2835
2863
2929
2923
2883
2993
2895
2943
2861
2855
10000
1567
1875
1506
1460
1296
979
1177
1157
1052
955
944
873
816
768
726
640
745
720
530
688
536
540
464
432
480
370
432
326
408
320
341
386
368
288
292
288
328
245
164
244
154
196
210
260
172
198
192
216
171
104
10000
0
704
1230
1394
1583
1680
1822
1808
1937
1991
2083
2102
2128
2091
2325
2320
2287
2282
2437
2505
2374
2505
2399
2481
2545
2612
2597
2639
2662
2559
2663
2653
2710
2719
2801
2747
2835
2811
2911
2795
2839
2775
2829
2765
2879
2895
2887
2918
2837
2877
10000
1535
1677
1520
1343
1380
1239
1125
1040
947
1019
848
891
816
858
786
749
729
692
674
626
641
665
496
554
576
406
436
384
440
424
366
386
336
312
240
277
256
208
144
236
186
228
130
148
208
192
228
144
120
160
10000
72
864
1250
1488
1649
1742
1808
1918
2047
2158
2215
2109
2256
2335
2343
2335
2449
2451
2447
2486
2447
2559
2559
2736
2611
2559
2716
2559
2659
2635
2746
2719
2751
2743
2811
2690
2753
2731
2855
2815
2703
2823
2755
2863
2911
2939
2926
2863
2919
2975
10000
1574
1723
1728
1513
1330
1109
1238
1101
1106
965
964
932
865
760
699
752
688
782
616
621
626
590
572
502
496
402
341
448
368
400
281
328
352
256
272
320
292
331
289
288
178
274
248
168
236
132
164
208
97
192
10000
43
896
1241
1520
1616
1742
1830
1851
1937
1995
2155
2150
2181
2257
2395
2321
2387
2367
2419
2468
2487
2603
2512
2678
2605
2643
2587
2683
2658
2650
2674
2723
2715
2763
2739
2767
2746
2815
2783
2859
2887
2898
2839
2927
2833
2847
2831
2851
2799
2803
10000
1518
1706
1583
1386
1304
1104
1130
1008
942
1065
876
853
816
752
784
720
624
646
560
666
596
560
544
510
427
482
368
392
400
368
368
218
298
304
292
232
234
193
320
200
178
72
200
240
80
130
152
144
81
80
10000
74
794
1225
1441
1585
1635
1841
1918
1957
2000
2074
2163
2226
2265
2295
2280
2357
2391
2449
2447
2481
2443
2469
2555
2447
2531
2559
2640
2675
2635
2739
2607
2705
2640
2634
2737
2695
2791
2800
2701
2767
2859
2751
2735
2853
2789
2910
2843
2831
2879
10000
1565
1707
1518
1330
1137
1168
1046
892
898
858
749
781
732
660
688
640
572
579
546
459
627
464
522
448
386
344
364
360
304
282
290
192
224
196
164
176
201
218
176
192
64
194
192
96
128
48
96
96
48
42
10000
50
845
1109
1438
1600
1616
1813
1877
1821
1975
2029
2047
2093
2129
2197
2256
2243
2335
2320
2397
2387
2427
2503
2449
2494
2480
2544
2603
2623
2527
2559
2587
2587
2661
2715
2622
2726
2695
2671
2703
2695
2768
2736
2859
2741
2799
2822
2855
2843
2847
10000
1327
1648
1504
1402
1264
1051
1027
924
967
912
771
710
664
640
640
632
585
708
528
501
452
608
450
461
368
384
404
292
372
378
256
292
272
192
208
168
96
231
84
76
128
72
112
16
144
49
0
100
88
48
10000
0
604
1075
1435
1488
1584
1758
1790
1920
2095
1957
2164
2017
2142
2187
2190
2271
2355
2307
2285
2417
2411
2483
2478
2457
2487
2451
2631
2591
2609
2623
2608
2757
2591
2639
2687
2763
2693
2707
2655
2759
2863
2751
2901
2832
2867
2879
2899
2854
2877
10000
1556
1782
1509
1386
1248
1210
1073
994
956
944
860
786
864
770
711
662
566
612
624
598
472
528
490
432
392
400
304
448
371
394
224
280
308
204
228
256
154
192
201
172
240
246
130
267
104
128
128
83
112
48
10000
32
877
1286
1392
1533
1723
1749
1843
1974
1945
2110
2161
2179
2288
2228
2359
2390
2443
2384
2407
2495
2495
2487
2555
2590
2715
2643
2599
2623
2678
2743
2741
2783
2773
2727
2743
2861
2865
2807
2771
2957
2735
2855
2917
2926
2835
2951
3063
2929
2939
10000
1441
1868
1586
1410
1296
1232
1072
1075
950
972
882
866
902
716
810
800
716
651
704
592
554
570
368
565
589
480
435
496
406
348
420
347
384
352
324
338
280
292
272
226
304
305
240
198
80
152
241
180
234
164
10000
54
796
1234
1490
1667
1719
1877
1903
1975
2119
2159
2090
2163
2258
2307
2320
2435
2437
2455
2503
2549
2589
2607
2627
2593
2663
2671
2695
2631
2639
2629
2782
2717
2763
2783
2783
2799
2837
2846
2815
2833
2854
2891
2879
2859
3005
3005
2815
2879
2851
10000
1561
1840
1614
1368
1381
1251
1201
1132
1040
990
912
918
818
800
814
768
757
736
688
560
668
614
484
497
552
533
481
497
464
384
496
352
421
361
292
274
297
248
340
176
234
224
173
160
240
193
218
236
118
184
10000
112
922
1291
1514
1728
1797
1925
2089
2074
2159
2095
2143
2257
2247
2345
2347
2326
2450
2468
2489
2462
2455
2669
2470
2701
2703
2671
2687
2751
2768
2659
2791
2710
2823
2750
2831
2827
2813
2800
2831
2861
2878
2833
2898
2918
2959
2931
2911
3107
2957
10000
1629
1837
1559
1556
1361
1270
1110
1072
1044
907
912
929
874
776
836
740
696
802
690
624
540
544
474
416
482
544
492
448
320
473
490
436
272
400
266
384
272
276
269
176
240
228
192
224
240
192
240
180
304
178
10000
74
944
1264
1502
1645
1855
1871
1919
1965
2070
2063
2207
2230
2204
2391
2431
2354
2430
2447
2533
2513
2495
2559
2723
2635
2679
2605
2711
2687
2707
2659
2783
2703
2759
2769
2783
2855
2877
2867
2903
2829
2863
2783
2859
2939
2899
2864
2867
2951
2861
10000
1598
1863
1504
1378
1423
1209
1132
1100
1009
946
921
973
946
644
936
682
688
632
624
624
586
572
588
496
464
452
404
384
339
496
433
368
368
212
368
304
246
336
162
256
256
208
172
80
200
64
92
128
98
38
10000
2
794
1166
1454
1603
1673
1847
1955
1965
2167
2000
2203
2182
2222
2298
2267
2321
2416
2447
2382
2371
2386
2445
2613
2587
2559
2711
2675
2667
2694
2702
2695
2821
2671
2719
2831
2751
2833
2739
2801
2851
2857
2795
2867
2893
2877
2859
2843
2855
3007
10000
1487
1808
1473
1458
1229
1193
1040
992
954
848
877
794
834
691
768
664
620
656
585
571
521
320
386
384
432
364
384
377
324
256
265
264
244
234
308
112
296
136
170
177
260
164
129
0
98
137
16
128
50
66
10000
0
724
1098
1415
1572
1673
1875
1840
1968
2019
2005
2069
2199
2198
2243
2250
2190
2256
2384
2348
2311
2459
2475
2461
2515
2467
2519
2595
2503
2559
2607
2540
2624
2703
2686
2751
2707
2667
2687
2759
2663
2782
2674
2719
2711
2811
2717
2685
2759
2815
10000
1443
1648
1406
1331
1133
1040
880
854
902
752
654
816
673
552
562
578
510
440
464
432
355
373
384
376
224
229
330
288
288
245
208
224
184
154
178
153
192
114
80
76
144
16
121
64
64
84
25
0
0
64
10000
102
793
1212
1415
1516
1623
1745
1841
1891
1895
2045
2189
2177
2150
2321
2263
2221
2375
2353
2419
2380
2415
2403
2463
2477
2507
2559
2559
2523
2603
2618
2659
2643
2711
2663
2755
2763
2726
2815
2799
2899
2759
2847
2854
2868
2855
2845
2895
2963
2863
10000
1506
1779
1535
1475
1286
1198
1088
968
947
910
908
896
848
736
737
700
612
634
560
608
608
563
452
608
440
378
394
388
264
368
368
265
304
428
314
296
278
296
146
282
154
132
168
220
196
112
225
172
185
170
10000
80
889
1293
1535
1649
1839
1847
1985
2047
2093
2058
2132
2190
2338
2288
2338
2303
2414
2534
2555
2441
2507
2544
2559
2607
2641
2695
2559
2746
2721
2769
2779
2855
2703
2879
2795
2861
2801
2907
2736
2851
2898
2885
2879
2861
2971
2843
2960
2870
2867
10000
1567
1844
1535
1424
1247
1257
1083
1107
1006
882
992
940
883
840
656
756
736
693
602
694
592
448
520
516
473
464
496
400
481
409
420
354
425
325
362
340
208
304
192
269
205
160
224
136
128
224
146
128
117
172
10000
140
840
1285
1462
1605
1664
1861
1871
1952
2101
2218
2072
2175
2263
2363
2367
2421
2459
2355
2535
2539
2512
2672
2691
2591
2595
2663
2671
2675
2701
2677
2751
2559
2714
2891
2801
2701
2783
2803
2859
2963
2878
2762
2845
2941
2943
2935
2877
2815
2961
10000
1635
1791
1566
1382
1306
1249
1104
1110
961
1001
880
809
935
822
768
796
660
688
537
640
570
612
459
544
458
514
458
486
421
464
368
368
288
244
256
268
256
248
208
200
240
177
314
160
112
160
164
257
160
242
10000
142
896
1235
1535
1776
1882
1881
1983
2000
2014
2225
2223
2238
2293
2255
2358
2511
2399
2551
2526
2446
2469
2609
2595
2607
2633
2711
2603
2647
2678
2774
2790
2775
2787
2768
2893
2779
2815
2887
2929
2919
2864
2851
2935
2871
2981
2879
2839
2929
3007
10000
1517
1870
1631
1289
1331
1200
1202
1041
1037
948
974
913
933
832
816
679
798
677
690
592
590
653
565
544
464
560
528
533
464
394
400
476
352
324
336
330
320
280
272
348
235
273
240
154
192
224
186
136
192
176
10000
80
848
1260
1501
1664
1825
1919
1907
2007
2100
2157
2254
2333
2154
2315
2303
2415
2450
2403
2511
2558
2531
2617
2559
2670
2639
2655
2666
2699
2695
2800
2767
2717
2825
2767
2762
2799
2911
2736
2833
2934
2949
2929
2928
2941
2979
2915
2989
2933
3007
10000
1604
1947
1599
1460
1379
1231
1168
1132
1162
1052
977
884
940
788
758
866
712
624
614
624
526
612
534
496
544
384
432
516
432
364
256
368
297
377
244
338
276
313
182
240
320
196
272
225
217
228
224
224
192
104
10000
144
1017
1402
1584
1713
1855
1872
1983
2039
2086
2036
2242
2138
2395
2341
2416
2418
2462
2477
2413
2590
2559
2448
2559
2625
2687
2608
2703
2655
2805
2727
2775
2822
2886
2815
2775
2875
2879
2831
2805
2981
2847
2827
2837
2947
2903
2915
2987
2943
2938
10000
1511
1851
1625
1472
1367
1184
1243
1115
964
869
896
899
867
832
880
820
692
724
627
656
602
656
564
556
532
544
386
480
440
412
365
384
400
304
320
368
328
256
282
240
258
192
272
234
166
224
192
200
224
186
10000
22
800
1310
1463
1639
1808
1860
1962
2026
2157
2191
2183
2315
2313
2343
2446
2418
2465
2448
2385
2559
2603
2629
2655
2603
2551
2679
2675
2755
2831
2677
2875
2896
2683
2795
2802
2949
2883
2865
2893
2894
2979
2823
2981
2971
2966
2896
2935
2993
3067
10000
1555
1922
1648
1556
1416
1204
1212
1221
1174
901
908
1048
860
880
814
740
691
656
724
792
704
672
673
468
544
597
460
510
436
368
432
432
411
400
400
306
322
356
320
312
264
272
200
240
179
272
228
256
264
268
10000
48
896
1326
1453
1820
1828
1877
2026
1970
2123
2201
2318
2243
2447
2459
2350
2469
2515
2479
2529
2709
2627
2608
2633
2623
2807
2717
2783
2723
2768
2672
2763
2899
2853
2861
2903
2927
2927
2863
2995
2951
2990
2959
3005
3035
3043
2891
2955
2947
2962
10000
1654
1963
1654
1584
1344
1301
1200
1200
1089
995
944
1008
948
868
816
770
778
736
757
730
705
640
661
677
656
576
628
500
448
402
448
432
400
368
486
408
364
400
349
293
370
294
288
288
265
244
218
275
256
224
10000
176
976
1514
1535
1783
1899
1825
1968
2111
2151
2302
2287
2318
2445
2357
2357
2490
2482
2587
2483
2599
2559
2527
2741
2687
2747
2694
2725
2807
2855
2815
2751
2839
2847
2874
2883
2909
2887
2923
2879
2958
2891
2863
2926
2928
2860
2943
2915
3015
2961
10000
1495
1938
1708
1556
1396
1206
1187
1170
1047
1125
952
961
900
908
816
896
800
772
704
714
761
689
704
566
642
462
588
466
508
450
494
499
400
458
360
384
412
332
432
338
272
280
233
284
161
320
164
272
304
192
10000
106
1065
1372
1568
1742
1808
1984
2032
2068
2159
2253
2219
2271
2394
2413
2448
2533
2503
2591
2610
2526
2559
2595
2663
2704
2747
2787
2814
2749
2757
2875
2865
2831
2871
2863
2909
2961
2943
2895
2991
2935
2924
2935
2947
2983
3027
2967
2967
3067
2963
10000
1472
1775
1571
1459
1361
1317
1225
1096
1073
1005
896
912
992
859
772
789
726
689
694
658
562
578
614
592
560
492
608
464
459
634
420
416
496
467
348
480
410
297
400
400
336
260
320
320
205
224
304
280
238
172
10000
154
1008
1424
1620
1788
1917
1904
2043
2094
2103
2166
2256
2325
2419
2407
2426
2467
2470
2519
2590
2625
2687
2699
2639
2719
2657
2683
2775
2803
2839
2783
2757
2723
2763
2859
2813
2855
2847
2787
2975
2927
2886
3007
3027
2947
2911
2967
2929
3024
2991
10000
1555
1835
1710
1606
1456
1282
1280
1246
1056
1040
1005
1008
825
904
826
705
832
704
698
640
596
621
418
560
564
544
484
452
468
368
454
400
320
368
322
368
390
374
309
232
272
202
256
256
277
164
294
276
156
289
10000
90
929
1280
1504
1712
1761
1922
1939
2059
2101
2099
2112
2365
2320
2325
2387
2397
2389
2497
2390
2423
2591
2551
2559
2726
2555
2559
2619
2691
2759
2736
2759
2803
2759
2801
2847
2811
2871
2823
2827
2787
2861
2739
2855
2833
2815
2779
2838
2867
2911
10000
1535
1778
1567
1328
1200
1152
1132
914
942
784
802
652
631
610
656
608
544
364
408
360
274
384
304
272
290
256
98
240
210
132
236
164
197
114
108
24
0
0
67
0
0
0
0
0
0
0
0
0
0
0
10000
0
432
848
1076
1152
1264
1444
1509
1465
1438
1450
1574
1651
1597
1642
1676
1682
1894
1811
1936
1934
1808
2037
2127
2109
2058
2135
2180
2287
2271
2239
2275
2354
2383
2345
2353
2465
2511
2445
2559
2591
2641
2695
2743
2791
2803
2865
2767
2879
2974
10000
1503
2017
1645
1462
1449
1310
1329
1358
1239
1254
1154
988
1088
933
918
997
832
928
812
726
877
747
708
640
674
656
697
484
576
588
426
510
488
386
448
436
320
296
248
276
258
244
256
294
258
312
213
208
260
192
10000
132
1068
1434
1753
1835
1969
2032
2131
2327
2235
2335
2307
2427
2463
2511
2687
2653
2677
2679
2647
2735
2815
2770
2823
2783
2939
2847
2847
2903
2947
3035
2887
3025
3023
2971
2962
2950
2979
3103
3030
3047
3031
3026
3107
3053
2999
3058
3103
3123
3035
10000
1611
1861
1754
1501
1424
1296
1207
1178
1130
989
988
848
858
889
845
802
842
674
662
674
724
640
631
642
569
660
530
556
544
476
469
448
396
368
432
370
400
264
320
384
322
322
357
352
256
304
288
232
261
298
10000
144
1103
1565
1741
1889
1951
2004
2071
2234
2270
2271
2358
2416
2463
2553
2523
2590
2559
2675
2703
2672
2803
2707
2751
2843
2799
2855
2949
2971
2982
2963
3021
2927
3029
2955
3003
2975
3185
3057
3063
3061
3091
3039
3231
3197
3219
3243
3279
3151
3263
10000
1703
2174
1808
1729
1616
1488
1501
1328
1268
1301
1241
1132
1145
1072
1143
1136
1008
954
944
880
893
880
924
906
790
873
864
818
722
784
740
600
704
682
626
692
572
549
676
528
590
528
604
528
594
540
528
601
496
590
10000
261
1301
1676
1891
2131
2257
2375
2350
2462
2535
2437
2523
2559
2711
2599
2781
2751
2833
2866
2771
2895
2855
2910
2907
2951
2987
2999
3015
2995
3035
3105
3031
3059
3111
3121
3071
3069
3055
3243
3179
3109
3115
3338
3263
3279
3211
3287
3175
3259
3359
10000
1795
2153
2061
1776
1668
1555
1424
1330
1306
1205
1274
1193
1145
1014
1105
1040
928
903
976
826
768
725
864
805
746
784
704
768
768
688
590
656
619
580
592
601
437
669
598
656
474
584
486
400
432
460
486
448
472
481
10000
240
1258
1602
1790
1942
2062
2115
2287
2258
2321
2383
2551
2559
2507
2597
2559
2779
2640
2767
2879
2811
2737
2835
2805
2775
2887
2943
2911
2947
2967
2967
2901
2959
2897
2951
3059
3143
3115
3099
3063
3027
2991
3125
2991
3167
3046
3087
3151
3089
3099
10000
1726
2093
1754
1572
1500
1456
1385
1232
1248
1115
1133
1104
949
950
867
1008
816
834
896
774
794
688
654
664
681
610
582
536
561
562
459
464
455
501
480
370
438
408
421
388
426
352
456
329
368
356
256
320
240
264
10000
96
952
1314
1642
1793
2000
1982
2083
2225
2285
2338
2367
2342
2490
2623
2511
2589
2671
2673
2544
2651
2765
2743
2703
2763
2815
2798
2895
2863
2847
2933
2915
2975
3063
3047
3039
2927
2975
3005
3003
3003
3143
3131
3057
3043
3038
3091
3135
3087
3229
10000
1682
2015
1751
1635
1464
1322
1306
1136
1120
1102
1041
1103
880
882
812
845
836
678
698
760
666
629
618
608
500
572
604
586
528
528
400
484
432
352
416
408
369
352
336
320
344
378
269
240
365
336
320
272
320
178
10000
152
1072
1450
1726
1783
1914
2065
1983
2091
2234
2301
2255
2288
2359
2451
2544
2497
2525
2527
2671
2707
2725
2797
2751
2783
2805
2795
2879
2839
2839
2903
2925
2999
2975
2999
2989
2919
2935
3015
2934
3019
2983
3025
3095
2999
3035
3071
2983
3005
3047
10000
1638
1947
1739
1552
1524
1337
1296
1099
1136
1137
1075
998
904
916
940
800
750
832
800
744
664
672
576
560
579
656
720
532
552
518
474
424
480
500
336
416
473
416
320
336
432
368
342
232
308
312
256
321
304
180
10000
202
1037
1437
1679
1787
1968
2071
2133
2186
2220
2301
2352
2416
2463
2483
2495
2463
2617
2607
2603
2743
2789
2735
2674
2685
2815
2847
2827
2815
2847
2832
2839
2800
2943
2929
2959
2979
3111
2893
3011
3069
3005
2927
3095
3047
3103
3024
3199
3055
3190
10000
1691
2095
1662
1491
1417
1387
1266
1216
1104
1104
1016
941
984
918
896
816
768
752
680
656
656
596
589
536
617
608
496
464
393
442
472
464
384
402
293
306
330
312
289
265
208
308
240
136
144
132
76
160
117
48
10000
0
608
1050
1296
1529
1700
1712
1699
1857
1875
1975
2093
2090
2241
2295
2253
2321
2327
2333
2419
2445
2433
2445
2475
2539
2594
2719
2491
2643
2711
2655
2745
2702
2751
2815
2822
2823
2791
2815
2871
2935
2843
2999
2919
2911
3071
2967
3047
2974
3015
10000
1613
1935
1671
1516
1466
1260
1174
1209
1097
1076
1065
1008
822
933
844
856
800
752
825
705
614
645
720
672
550
602
582
592
550
556
592
624
488
452
547
482
424
504
400
370
400
389
464
416
304
392
324
320
352
322
10000
53
980
1396
1731
1867
1947
1999
2147
2209
2285
2227
2359
2443
2451
2555
2548
2703
2429
2643
2687
2687
2663
2671
2751
2783
2897
2867
2911
2791
2879
2963
2962
2923
2887
2891
3019
2943
2987
3007
3063
2987
3007
2987
3102
3154
3030
3155
3071
3141
3051
10000
1614
2064
1808
1668
1403
1392
1179
1280
1105
1164
1062
956
980
816
736
816
740
682
749
728
688
686
783
608
582
540
508
597
496
568
433
544
421
384
372
516
296
396
404
372
338
432
304
328
269
256
293
220
358
376
10000
152
1008
1505
1681
1838
2143
2100
2121
2155
2229
2258
2343
2391
2559
2559
2559
2555
2635
2597
2639
2687
2671
2659
2683
2787
2775
2813
2807
2751
2877
2807
2871
2909
2847
2917
2919
2815
2875
2943
2913
2993
2979
3019
2886
3027
2919
2961
2991
2911
2999
10000
1658
1802
1635
1479
1458
1276
1194
1117
1136
1093
902
920
870
892
776
819
707
728
633
653
550
600
536
656
594
590
484
490
416
448
402
441
440
426
496
272
354
224
434
282
376
314
216
236
336
164
248
240
192
210
10000
64
1004
1392
1555
1793
1875
2035
2000
2037
2255
2256
2379
2311
2417
2515
2462
2557
2587
2749
2631
2623
2687
2743
2815
2803
2767
2765
2913
2827
2863
2839
2911
2915
3031
2975
2823
2875
2911
3059
2963
3019
3007
3093
2961
3199
2979
3063
2951
3087
3115
10000
1631
1996
1877
1554
1455
1360
1332
1264
1178
1125
1097
1078
946
880
874
872
864
752
746
689
689
656
636
562
620
560
496
496
582
618
400
496
453
400
405
312
464
354
336
384
345
336
320
292
256
394
320
236
234
264
10000
132
1125
1513
1708
1872
1940
1951
1999
2128
2278
2299
2351
2357
2384
2475
2512
2512
2559
2615
2559
2671
2647
2687
2851
2711
2835
2775
2815
2869
2828
2875
2910
2983
2975
2939
2975
3015
2961
3095
3051
2895
3087
3021
3127
3023
3027
3051
3093
2993
2927
10000
1663
1922
1653
1553
1562
1430
1295
1247
1250
1164
1128
944
976
978
846
812
754
768
784
802
709
722
688
624
508
612
490
561
618
560
464
496
452
469
496
480
389
448
374
356
280
272
346
234
338
304
314
406
264
320
10000
208
1164
1387
1644
1843
1966
1983
2121
2231
2177
2367
2399
2509
2515
2607
2610
2508
2603
2707
2687
2643
2715
2723
2930
2915
2887
2774
2899
2831
2875
3011
2865
2927
2864
3039
3011
3007
3110
2975
3071
3031
3139
3158
3051
3231
3099
3135
3119
3143
3063
10000
1535
1943
1840
1535
1535
1421
1421
1262
1176
1230
997
1052
996
1050
914
912
849
848
752
856
768
760
598
656
726
640
666
657
538
560
556
536
521
565
496
442
404
397
400
368
285
352
340
304
369
288
410
290
344
281
10000
82
1102
1379
1712
1865
2003
2005
2047
2253
2207
2319
2352
2323
2539
2399
2619
2503
2559
2662
2683
2651
2657
2737
2670
2791
2835
2930
2911
2931
2887
2814
2928
2971
3005
2947
2975
2999
2847
3055
2990
3111
3183
2983
3003
2975
3071
3247
3153
3153
3063
10000
1694
1918
1778
1521
1435
1344
1280
1182
1173
1179
1084
1054
928
939
836
892
827
816
752
704
688
738
664
660
626
544
560
576
570
528
400
432
428
464
490
304
394
516
340
306
290
384
361
203
304
266
218
264
256
295
10000
145
1012
1453
1737
1790
1881
1979
2070
2231
2260
2322
2355
2371
2479
2426
2594
2495
2607
2615
2559
2559
2689
2739
2775
2827
2825
2807
2838
2863
2833
2783
2823
2853
2935
2895
2950
2911
2863
2963
2899
2911
3047
3035
3005
3039
3055
3127
3091
3103
3039
10000
1679
1984
1691
1530
1450
1362
1264
1153
1200
1088
1072
1040
873
848
882
790
784
793
752
704
630
656
676
592
624
565
509
485
483
448
539
442
361
436
339
341
416
402
400
274
368
336
288
256
240
203
304
241
288
208
10000
128
1116
1483
1683
1744
1936
1883
2143
2145
2275
2227
2239
2363
2359
2425
2469
2512
2463
2551
2615
2591
2663
2674
2771
2717
2647
2751
2787
2759
2896
2855
2897
3003
2895
2915
2939
2839
2955
3031
2923
3111
2943
3007
2915
3099
2930
2943
3007
3045
2957
10000
1626
1822
1713
1490
1374
1424
1218
1213
1152
1004
997
976
992
960
816
818
864
704
699
753
688
560
572
496
592
488
464
526
476
576
440
416
404
384
464
440
372
320
336
320
400
304
276
324
345
245
342
256
288
336
10000
96
960
1329
1508
1778
1809
2000
2111
2083
2041
2331
2192
2373
2365
2479
2403
2483
2546
2583
2559
2605
2758
2643
2775
2755
2719
2767
2835
2803
2770
2787
2759
2895
2981
2981
2939
2869
2950
2903
2879
2907
2959
3056
3119
2950
3071
2994
3039
3035
3023
10000
1526
1935
1687
1535
1446
1266
1253
1254
1193
1088
832
934
896
824
859
770
752
856
784
661
612
644
576
648
556
496
474
544
554
420
468
480
444
369
384
314
374
376
404
356
388
152
277
336
320
230
220
194
266
144
10000
100
1070
1454
1661
1782
1902
1918
2064
2105
2065
2288
2242
2343
2495
2507
2431
2433
2623
2599
2559
2655
2799
2663
2713
2769
2727
2799
2768
2853
2907
2883
2987
2943
2931
2863
2895
2937
2931
2855
2975
2959
3011
3087
2990
2993
2979
3135
3071
3003
3069
10000
1648
1943
1612
1589
1524
1467
1264
1200
1044
1040
935
1009
837
976
886
936
772
685
656
649
618
660
656
643
460
626
508
488
486
544
544
540
489
313
386
393
384
345
384
328
224
304
288
256
256
208
292
176
292
184
10000
106
1088
1466
1649
1855
1885
1979
2043
2171
2133
2336
2303
2330
2403
2483
2495
2603
2601
2611
2611
2701
2599
2663
2827
2751
2733
2805
2886
2833
2801
2799
2915
2935
2943
2962
2791
2855
2891
2990
2943
2974
2907
3091
2971
2961
2947
3095
3039
3039
3025
10000
1601
1905
1714
1535
1417
1301
1328
1226
1174
1042
1076
1082
962
825
776
704
762
772
666
604
619
597
624
600
656
457
480
352
464
440
490
384
432
372
374
364
376
340
328
240
321
320
240
330
216
205
314
240
237
304
10000
84
988
1334
1557
1777
1899
1894
2093
2160
2117
2315
2271
2319
2270
2411
2522
2537
2610
2502
2662
2589
2609
2727
2719
2782
2687
2867
2768
2743
2769
2883
2747
2839
2907
2925
2843
2928
2838
2877
2987
3007
2935
2997
2883
3038
3010
3019
3015
3099
3023
10000
1627
2032
1622
1623
1459
1361
1330
1113
1210
1106
953
946
940
890
866
752
945
808
784
704
603
625
661
544
666
552
526
524
517
531
448
408
384
467
432
336
408
420
297
346
224
293
266
344
193
241
324
289
288
344
10000
134
979
1280
1535
1815
1934
2023
1994
2111
2200
2170
2271
2207
2335
2250
2475
2487
2525
2607
2623
2687
2642
2687
2767
2800
2779
2821
2919
2791
2913
2831
2959
2951
2947
2971
2943
2954
2983
2943
2879
3059
3027
3071
3047
3120
3071
3007
3171
3023
2981
10000
1616
1854
1792
1611
1439
1296
1321
1157
1072
1030
969
1037
956
875
768
822
800
773
752
666
668
694
648
550
548
620
576
528
458
448
428
356
470
372
362
426
418
256
336
396
330
274
196
423
282
245
326
214
161
340
10000
248
1060
1509
1708
1835
1950
1934
2074
1966
2256
2109
2429
2355
2416
2487
2559
2499
2543
2635
2622
2591
2686
2733
2746
2759
2723
2857
2827
2815
2925
2810
2877
2879
2939
2935
2903
2929
2962
3039
3039
3017
3004
3047
2963
2999
3155
3003
3055
3123
3139
10000
1701
1976
1749
1585
1485
1376
1309
1122
1168
1118
904
985
907
960
917
776
768
706
680
744
664
640
657
642
595
595
577
374
510
500
352
484
378
368
368
340
368
176
393
304
320
365
336
288
192
176
378
344
210
256
10000
90
916
1333
1483
1805
1758
1923
2134
2067
2290
2289
2247
2353
2448
2371
2410
2461
2535
2535
2615
2608
2637
2725
2559
2626
2677
2763
2855
2837
2783
2909
2758
2827
2993
2867
2882
2955
2965
2859
2991
2995
3063
3057
3035
3051
2975
3023
3103
3043
3115
10000
1584
2047
1715
1576
1495
1410
1308
1242
1088
1100
1008
960
904
848
796
752
842
686
612
758
738
652
596
580
563
576
569
528
524
396
432
420
384
332
363
336
408
304
80
352
314
400
256
272
268
305
240
240
220
248
10000
152
1027
1308
1606
1847
1843
1910
2085
2122
2229
2214
2273
2288
2279
2455
2499
2591
2445
2547
2523
2530
2607
2627
2627
2751
2690
2795
2751
2766
2891
2813
2879
2847
2877
2799
2963
2991
2939
2927
2983
3059
2991
3051
2911
2955
2915
3063
3071
3088
2999
10000
1623
1914
1717
1558
1444
1437
1293
1114
1052
1090
1056
928
902
823
816
832
872
694
640
736
690
640
666
624
610
544
432
592
528
448
432
468
404
460
386
425
304
362
274
320
336
240
290
336
272
198
269
368
198
192
10000
134
1057
1410
1600
1799
1889
1942
2111
2174
2227
2283
2243
2307
2438
2407
2543
2480
2595
2595
2763
2641
2647
2699
2659
2666
2799
2851
2754
2821
2847
2887
2865
2901
2899
2832
2911
2979
2975
2899
2895
3007
3061
2993
2959
3115
3035
3007
3055
3111
3103
10000
1638
2106
1664
1600
1611
1341
1295
1178
1193
1101
1046
1019
1008
944
856
752
785
698
632
660
560
699
580
592
640
632
540
468
494
376
424
368
348
424
404
352
320
376
336
368
368
400
368
316
276
304
306
256
320
92
10000
68
944
1378
1595
1678
1895
1845
2015
2064
2190
2193
2309
2373
2367
2391
2484
2647
2623
2538
2603
2627
2703
2690
2751
2637
2821
2861
2911
2813
2879
2879
2879
2853
2867
2991
2954
2943
2975
3019
2959
2843
3127
2967
3119
3024
3027
3007
2988
3005
2966
10000
1589
1906
1599
1573
1520
1360
1317
1248
1118
1056
1038
1028
908
896
840
802
800
704
632
523
682
757
608
564
540
592
496
490
496
400
460
386
372
244
461
336
412
352
464
290
260
456
316
344
244
273
312
212
224
240
10000
66
937
1329
1520
1782
1843
1874
2036
2027
2142
2239
2254
2347
2423
2479
2462
2514
2667
2627
2559
2641
2719
2651
2779
2815
2801
2767
2929
2836
2779
2747
2875
2831
2799
2947
2911
2885
2933
2991
3071
2965
2941
2949
3031
3143
3023
3109
3067
3185
3055
10000
1701
2007
1741
1565
1436
1360
1326
1178
1120
1197
1008
1056
1040
886
880
824
892
714
697
756
712
636
648
656
662
693
497
526
602
464
432
618
448
448
396
492
448
336
288
363
376
264
268
354
304
420
314
268
280
248
10000
198
1116
1456
1709
1946
2043
1995
2159
2173
2227
2347
2323
2319
2345
2451
2527
2595
2607
2594
2639
2698
2687
2810
2863
2782
2827
2831
2863
2895
2911
2927
2879
3025
2975
2990
2966
3007
2967
2981
3131
3143
3063
2995
3135
3023
3071
3117
3211
3089
3030
10000
1610
2031
1759
1703
1579
1297
1357
1210
1200
1227
1097
993
1074
909
853
945
848
722
792
672
732
768
672
742
657
576
620
624
560
548
608
496
554
474
562
449
416
336
356
394
416
346
304
346
324
370
396
272
395
290
10000
153
1136
1570
1645
1855
1968
1911
2133
2285
2289
2315
2448
2371
2507
2647
2607
2649
2559
2735
2703
2731
2798
2815
2723
2783
2903
2951
2831
2911
2887
2966
2991
2979
3127
2975
3007
3030
3071
3003
2991
3058
3153
3135
3119
3119
3189
3091
3103
3127
3183
10000
1791
2085
1809
1677
1523
1402
1430
1184
1177
1180
1164
1072
999
912
851
835
848
848
881
668
750
644
684
601
668
656
661
544
544
422
432
508
492
432
428
416
424
418
346
408
448
264
354
290
432
240
176
258
266
336
10000
164
1236
1476
1744
1759
2045
1878
2191
2202
2294
2286
2447
2347
2373
2490
2494
2595
2513
2663
2559
2684
2655
2731
2719
2659
2751
2858
2846
2863
2831
2919
2863
2927
2943
3063
2815
2992
2967
3029
3067
2895
3131
3143
3031
3011
3123
3047
2999
3007
3069
10000
1711
2031
1602
1627
1408
1329
1350
1312
1072
1122
1028
852
902
1022
817
790
710
824
743
728
624
708
648
624
568
600
562
510
432
528
432
448
496
346
432
400
387
292
496
336
336
280
312
320
370
272
292
290
272
256
10000
116
982
1362
1636
1744
1967
2000
2019
2030
2229
2337
2247
2437
2348
2523
2485
2555
2603
2559
2647
2685
2679
2631
2673
2831
2739
2694
2839
2791
2759
2895
2831
2927
2975
2999
2929
2981
2863
3007
2951
3003
3071
3091
2975
3051
2957
3055
3025
3071
3003
10000
1681
1951
1807
1659
1441
1424
1328
1204
1200
1061
1044
948
861
925
905
852
768
764
688
816
660
708
648
581
588
438
548
452
560
466
464
392
437
412
400
432
330
352
384
276
320
256
242
328
240
276
240
283
266
329
10000
144
955
1328
1659
1756
2000
1974
2077
2159
2224
2317
2288
2347
2471
2416
2415
2606
2514
2555
2531
2507
2625
2768
2667
2875
2853
2751
2847
2865
3025
2941
2927
3007
2867
3067
2843
2975
3021
3103
3025
2879
3061
3103
3007
3031
3055
3158
3127
3135
3087
10000
1650
1993
1831
1581
1464
1292
1408
1206
1172
1013
1088
1047
976
945
837
898
875
720
688
656
608
691
667
608
717
620
644
582
521
536
457
404
416
505
528
416
346
426
410
273
329
296
400
368
322
400
290
296
236
296
10000
152
1072
1325
1611
1858
1852
2130
2096
2195
2128
2265
2262
2327
2434
2391
2394
2419
2589
2583
2559
2687
2683
2738
2747
2759
2787
2687
2832
2787
2755
2865
2991
2855
3067
2895
2935
2963
2989
3055
2975
2960
2978
3013
3045
2951
3015
2991
2943
3019
3023
10000
1663
1948
1808
1579
1500
1328
1248
1169
1168
1010
1022
1040
837
883
896
749
820
870
700
688
604
634
640
656
608
593
548
484
538
596
444
384
422
426
393
346
336
368
302
426
336
321
281
352
304
352
196
329
244
240
10000
162
1074
1565
1678
1838
1977
1898
2079
2112
2231
2271
2361
2485
2479
2513
2398
2527
2647
2607
2687
2654
2678
2778
2672
2722
2775
2751
2863
2899
2879
2859
2887
2993
2930
2855
2959
2951
2959
2907
3054
3062
3031
3115
2998
3071
2975
2983
3167
3135
3014
10000
1613
1963
1722
1598
1481
1341
1326
1255
1033
1008
1092
995
978
774
884
884
693
754
705
688
798
648
597
617
616
592
528
464
464
544
524
468
480
469
384
466
352
466
272
292
396
338
376
282
304
346
212
320
224
320
10000
110
953
1359
1638
1789
1875
1989
2002
2171
2175
2263
2337
2348
2398
2391
2389
2439
2503
2559
2603
2631
2671
2722
2815
2797
2791
2762
2791
2919
2830
2832
2879
2831
2871
2987
2879
2967
3027
3023
2987
3051
3019
3051
3035
3051
3013
3059
3110
3127
3147
10000
1635
2045
1744
1600
1535
1337
1088
1228
1114
980
1040
1088
997
960
872
971
768
768
660
742
716
692
560
588
688
564
477
560
548
480
468
394
320
368
342
384
341
344
320
433
281
352
352
256
267
272
337
304
256
290
10000
208
1098
1373
1699
1697
1847
2087
2103
2161
2247
2337
2263
2325
2419
2397
2459
2517
2503
2527
2755
2661
2685
2687
2768
2693
2859
2778
2805
2815
2811
2879
2869
2859
2927
2911
2890
3023
3003
2933
2975
3047
3103
2999
3063
3126
3043
3095
3095
3047
3141
10000
1555
2011
1754
1511
1456
1328
1268
1239
1232
1034
1036
1040
885
897
944
821
709
913
772
696
744
615
706
544
726
685
616
508
596
564
448
468
448
480
336
304
336
384
356
296
297
313
356
229
326
160
186
264
236
166
10000
237
1042
1516
1753
1814
1899
2075
1995
2150
2239
2191
2283
2335
2367
2615
2423
2512
2512
2685
2559
2683
2766
2739
2727
2735
2827
2851
2855
2805
2768
2883
2800
2919
2859
2879
2959
2967
3011
3024
3103
3071
2999
3003
3061
3087
3027
3067
3035
3139
3067
10000
1797
1999
1744
1627
1370
1409
1270
1164
1160
1002
1089
904
912
945
859
834
704
740
721
718
768
560
570
688
578
590
508
560
471
532
426
320
410
469
525
424
393
458
353
369
354
384
336
312
284
336
224
192
232
192
10000
156
1115
1466
1718
1783
1897
2014
1984
2209
2143
2285
2410
2333
2415
2433
2423
2509
2672
2543
2623
2751
2687
2778
2623
2832
2775
2837
2864
2813
2782
2847
2887
2930
3059
2975
2995
2898
3121
2975
3011
3007
2987
3003
2943
3127
3055
3237
3090
3023
3095
10000
1615
1927
1610
1655
1450
1366
1307
1232
1169
1122
1088
1008
868
912
789
848
768
742
720
670
672
640
568
464
494
534
562
584
400
520
448
496
464
274
432
368
336
368
336
314
394
304
352
421
232
305
192
258
256
256
10000
140
1129
1442
1652
1797
1921
1980
2107
2081
2224
2166
2351
2395
2411
2395
2525
2449
2608
2641
2671
2693
2534
2695
2699
2769
2706
2686
2767
2805
2813
2781
2903
2759
2895
2851
2895
2823
2983
2855
3011
3039
2854
2939
3099
2970
2955
2995
2971
3063
3155
10000
1618
1911
1612
1472
1236
1171
1116
1072
1082
948
896
900
854
848
748
752
684
592
588
388
360
488
300
340
341
240
232
341
240
294
296
176
336
234
224
206
192
172
210
176
128
145
96
138
52
164
41
32
80
40
10000
34
1290
1877
2307
2559
2750
2867
2958
3038
3175
3067
3263
3175
3343
3203
3475
3441
3363
3639
3447
3571
3455
3327
3379
3391
3583
3493
3471
3473
3537
3534
3377
3583
3647
3583
3346
3281
3463
3483
3563
3505
3519
3543
3451
3447
3537
3410
3655
3639
3727
10000
1610
1442
1106
856
793
556
480
298
432
244
220
184
74
176
128
226
64
70
80
0
96
112
0
32
0
0
0
133
0
0
0
0
0
0
4
0
0
0
0
0
0
0
0
0
0
0
0
0
0
0
10000
12
1088
1996
2419
2559
2801
2851
3377
3029
3303
3263
3327
3263
3219
3447
3487
3359
3375
3214
3295
3271
3333
3255
3399
3399
3471
3439
3423
3365
3327
3291
3583
3359
3355
3403
3283
3367
3543
3327
3439
3414
3375
3303
3507
3511
3287
3503
3455
3431
3439
10000
1584
1737
1259
998
842
644
629
566
331
346
354
277
192
208
64
192
102
80
48
64
104
136
72
0
0
56
80
112
48
145
6
64
44
64
116
74
136
17
89
20
0
0
74
0
181
0
112
22
0
96
10000
0
852
1463
1899
2183
2362
2518
2659
2751
2777
2803
2911
2991
2927
3039
3090
2934
3054
3091
3247
3111
3231
3217
3373
3269
3263
3175
3387
3221
3423
3357
3422
3307
3327
3519
3455
3419
3407
3399
3341
3319
3258
3375
3409
3407
3419
3095
3475
3217
3354
10000
1695
1815
1493
1248
1032
952
944
774
784
680
675
534
528
565
520
468
362
392
336
416
404
320
356
160
256
352
128
160
234
192
164
282
192
164
104
56
104
161
132
64
84
96
68
96
26
54
96
50
112
150
10000
10
1010
1527
1782
2122
2163
2390
2487
2495
2559
2661
2719
2815
2747
2839
2801
3007
3015
3023
3035
3003
2989
3027
3221
3135
3219
3095
3119
3187
3299
3319
3347
3199
3263
3261
3263
3227
3383
3343
3223
3227
3383
3315
3299
3259
3375
3339
3283
3342
3471
10000
1617
2045
1666
1568
1242
1161
1035
896
856
871
824
640
709
640
536
576
524
537
458
578
384
448
372
400
330
516
354
396
224
416
272
226
308
368
208
352
246
290
256
282
304
324
257
256
289
240
272
288
224
96
10000
146
1200
1827
1934
2171
2322
2366
2495
2510
2546
2615
2651
2710
2823
2705
2893
2855
2801
2935
2795
2910
2959
2975
2895
3071
2847
2962
2955
2983
3071
3039
3025
3015
3123
3111
3135
3179
3143
3108
3311
3239
3163
3199
3247
3159
3095
3157
3315
3319
3143
10000
1535
1811
1633
1411
1437
1219
1310
1104
1117
1036
917
1008
849
796
698
778
698
756
844
726
624
708
678
643
626
538
596
453
480
472
418
464
456
368
440
472
372
436
354
384
393
384
432
339
276
358
260
224
260
368
10000
236
1256
1587
1856
2099
2125
2225
2331
2352
2479
2403
2519
2448
2512
2687
2622
2614
2663
2747
2793
2803
2991
2844
2851
2833
2799
2867
2843
3015
2935
3007
2967
2894
2970
3039
3159
3111
3103
3167
3119
3147
3139
3163
3031
3215
3191
3185
3239
3247
3223
10000
1669
2007
1700
1683
1506
1355
1318
1264
1211
1128
1027
1088
1074
970
900
912
861
848
753
796
730
656
752
786
656
587
640
628
580
576
612
538
534
498
558
484
536
544
480
550
400
472
432
444
388
432
454
464
421
233
10000
186
1200
1623
1827
2015
1986
2150
2239
2405
2331
2469
2547
2543
2517
2655
2619
2678
2731
2711
2727
2736
2811
2837
2811
2929
2869
2974
3023
2971
3239
3055
3199
3102
3120
3199
3069
2999
3095
3238
3227
3247
3199
3203
3199
3147
3223
3234
3207
3371
3403
10000
1850
2158
2031
1776
1730
1662
1601
1478
1451
1370
1360
1309
1280
1198
1253
1076
1088
964
1028
917
