2450
2479
2451
2446
2631
2481
2555
2593
2591
2703
2699
2669
2673
2663
2693
2743
2706
2927
2779
2863
2862
2798
2833
2877
2787
2887
2943
2943
2866
2935
2923
2853
2927
10000
1607
1929
1713
1602
1495
1314
1295
1257
1120
1042
1102
848
932
873
806
833
816
732
726
694
656
588
577
417
509
420
400
369
400
422
388
240
306
364
324
328
338
152
176
208
264
169
88
180
196
172
128
146
160
96
10000
112
896
1152
1310
1530
1699
1758
1814
1847
1985
2000
1995
2012
2235
2197
2192
2382
2359
2339
2415
2367
2467
2587
2477
2618
2517
2643
2672
2735
2621
2695
2727
2741
2761
2733
2763
2830
2771
2869
2795
2863
2846
2895
2879
2847
2949
2867
2815
2995
2907
10000
1680
1904
1751
1652
1488
1333
1345
1277
1172
1133
1009
960
978
832
855
832
848
720
684
689
584
594
569
528
604
608
634
540
509
420
432
490
473
364
368
304
356
346
236
338
208
240
292
304
208
227
160
186
176
228
10000
128
1003
1276
1503
1714
1744
1873
1819
1984
1975
2033
2113
2102
2209
2291
2419
2335
2480
2480
2416
2495
2527
2599
2519
2679
2683
2687
2686
2805
2733
2839
2608
2681
2819
2807
2838
2815
2902
2898
3031
2867
2939
3003
2949
2837
2993
2991
3099
2951
2903
10000
1580
1887
1790
1661
1535
1443
1389
1282
1218
1200
1040
992
1058
980
942
864
877
933
796
676
648
714
650
640
608
544
518
616
528
584
624
524
440
410
502
480
468
386
304
296
321
354
304
232
285
212
256
202
288
212
10000
169
1001
1341
1490
1515
1793
1923
1999
2027
2155
2134
2131
2175
2271
2385
2311
2399
2493
2475
2559
2531
2555
2695
2642
2723
2623
2759
2815
2705
2747
2815
2781
2886
2863
2871
2871
2919
2941
3003
3071
2887
3003
2927
3029
2859
2957
3088
2983
3047
2939
10000
1567
2047
1729
1673
1535
1477
1335
1328
1134
1115
1129
997
883
1004
914
912
846
881
784
749
802
688
700
737
646
625
660
672
537
464
601
474
552
482
368
412
368
401
390
458
394
320
374
336
284
196
301
314
282
216
10000
128
1028
1306
1621
1702
1875
1904
1836
1977
2037
2192
2135
2197
2179
2361
2352
2401
2531
2462
2420
2559
2542
2447
2609
2623
2763
2687
2682
2699
2621
2831
2832
2879
2847
2957
2831
2783
2949
2846
2833
3035
2949
2989
3071
2863
2929
3021
3027
3059
2994
10000
1644
2047
1683
1712
1581
1376
1473
1333
1238
1168
1062
1029
897
956
972
864
784
838
816
752
624
613
632
656
656
618
540
626
467
562
480
496
420
576
328
394
505
344
418
330
329
314
309
263
368
372
298
228
408
294
10000
96
868
1239
1360
1472
1503
1666
1820
1962
1937
1998
2096
2128
2233
2189
2329
2495
2447
2416
2549
2459
2599
2513
2637
2509
2555
2615
2544
2672
2613
2597
2559
2734
2707
2627
2833
2861
2865
2813
2926
2919
2883
2919
2911
2939
2895
3007
3031
2987
3011
10000
2865
2790
2500
2474
2327
2242
2077
1975
1857
1701
1707
1519
1513
1573
1402
1246
1216
1230
1146
1040
1050
978
978
961
912
795
801
768
777
705
722
692
704
592
672
590
592
560
571
576
644
519
505
428
437
458
416
474
473
384
10000
368
664
832
950
1046
1193
1331
1502
1658
1735
1882
1975
1949
2021
2170
2234
2435
2447
2595
2547
2538
2597
2687
2719
2711
2907
2975
2907
2899
3011
3151
3117
3183
3151
3091
3187
3215
3179
3307
3283
3391
3313
3295
3327
3507
3325
3565
3509
3327
3439
10000
3311
3015
2865
2735
2559
2559
2391
2267
2191
2019
1930
1839
1798
1646
1584
1427
1600
1495
1430
1296
1365
1155
1221
1232
1126
1021
1090
1008
979
1017
928
880
865
908
874
878
742
816
746
718
898
704
640
662
665
705
690
624
648
640
10000
560
651
960
982
1152
1270
1445
1622
1735
1726
1930
1983
2097
2143
2334
2369
2445
2531
2559
2679
2701
2634
2778
2819
2955
2825
2899
2854
3071
3007
2991
3007
3047
3174
3199
3263
3093
3159
3251
3251
3351
3363
3283
3471
3295
3251
3239
3311
3429
3367
10000
1802
2215
2159
1860
1771
1782
1615
1511
1511
1425
1369
1350
1173
1152
1142
1072
1134
994
1008
901
976
858
842
797
769
640
682
722
760
666
688
640
624
660
473
468
534
496
454
418
420
460
396
584
360
364
418
368
330
316
10000
240
956
1356
1552
1745
1740
1877
2032
2064
2074
2149
2207
2288
2305
2348
2364
2406
2460
2459
2483
2449
2551
2711
2611
2615
2673
2763
2768
2679
2631
2746
2715
2815
2794
2877
2862
2910
2783
2943
2893
2861
2887
2981
2927
2933
2991
3110
2983
2909
2933
10000
1604
2070
1783
1626
1497
1402
1372
1284
1172
1168
1061
980
918
870
761
784
813
745
816
808
658
648
492
624
690
603
516
482
491
500
394
342
443
400
435
384
314
392
256
224
336
384
369
320
241
260
257
260
280
352
10000
208
576
602
800
900
1337
1521
1483
1479
1478
1558
1599
1712
1887
1930
2085
2161
2095
2303
2319
2363
2466
2375
2475
2453
2513
2678
2608
2735
2723
2682
2643
2791
2754
2927
2823
2823
2891
2871
2887
2805
3031
2959
2959
2886
2910
2951
2975
3047
2987
10000
2903
2769
2630
2316
2238
2143
1991
1968
1791
1664
1607
1535
1467
1265
1250
1136
1120
1136
1052
929
953
880
835
866
791
768
684
668
594
612
576
560
522
422
341
440
452
486
378
416
476
320
297
384
296
288
272
324
217
212
10000
304
389
485
720
929
946
1034
1236
1363
1513
1520
1689
1798
1833
1935
2059
2131
2128
2335
2229
2363
2351
2369
2503
2499
2547
2621
2671
2719
2829
2828
2719
2791
2799
2789
2895
2991
2935
2965
2931
2879
3023
3007
3023
3023
3057
3115
3023
3125
3031
10000
2987
2783
2637
2422
2192
2067
2007
1899
1696
1711
1619
1503
1452
1424
1338
1180
1136
1053
1048
1002
865
882
851
778
843
696
688
652
709
656
596
578
560
560
483
458
569
496
309
400
362
258
362
322
276
272
304
304
292
264
10000
296
473
480
714
832
898
1104
1261
1299
1388
1456
1645
1830
1886
1889
1935
2077
2244
2211
2311
2349
2358
2471
2435
2461
2523
2544
2559
2555
2735
2743
2687
2807
2787
2783
2823
2960
2919
2867
2895
2871
2943
2967
2959
3122
2959
2975
3119
3039
2927
10000
2855
2705
2622
2435
2288
2147
2045
1894
1793
1762
1617
1462
1448
1401
1000
928
866
832
816
633
729
624
560
621
640
624
682
557
464
528
400
469
352
368
384
413
496
396
384
452
330
280
378
256
296
256
354
256
218
144
10000
160
1045
1273
1526
1575
1707
1786
1981
1930
1996
2119
2160
2255
2207
2341
2380
2455
2559
2483
2544
2479
2637
2495
2739
2725
2767
2711
2800
2747
2783
2815
2855
2909
2869
2951
2883
2863
2865
2993
3019
3021
2955
2975
2974
3007
3019
3183
2967
3030
2978
10000
1691
1985
1840
1637
1426
1410
1366
1353
1303
1239
1114
1050
1060
966
861
733
878
804
748
700
782
716
640
727
624
674
640
508
604
436
506
544
492
464
388
544
362
344
330
384
393
308
352
304
272
377
265
210
240
320
10000
41
928
1201
1456
1535
1614
1875
1885
2071
1922
2143
2235
2267
2243
2346
2302
2463
2399
2419
2491
2543
2603
2559
2645
2769
2754
2819
2743
2767
2751
2731
2887
2847
2855
2750
2847
2807
2955
2967
3103
2855
2911
2943
2939
2851
3023
3007
2939
2987
3015
10000
1636
2119
1814
1653
1604
1392
1438
1419
1278
1238
1162
1065
1106
994
896
902
912
816
800
839
786
698
652
621
598
576
532
602
560
528
505
480
460
464
357
509
304
424
326
392
320
236
272
352
268
281
208
244
168
256
10000
178
1048
1302
1668
1637
1712
1893
1995
1975
1973
2131
2190
2335
2345
2189
2463
2370
2438
2431
2487
2527
2559
2543
2623
2711
2735
2631
2788
2775
2715
2859
2743
2743
2787
2947
2917
2896
2905
2879
2991
3111
2903
3007
2991
3057
2981
2992
2929
3019
3071
10000
1606
2031
1840
1664
1566
1425
1506
1254
1300
1088
1045
1088
976
1012
897
704
978
749
738
793
732
642
611
697
576
576
556
652
576
536
428
437
432
369
460
392
437
368
321
292
436
258
272
220
277
272
170
245
242
192
10000
176
970
1255
1568
1466
1744
1845
1863
1997
2067
2096
2167
2192
2192
2311
2371
2367
2467
2415
2463
2545
2527
2555
2539
2639
2687
2749
2759
2741
2807
2832
2751
2823
2799
2971
2879
2939
2939
2943
2967
2991
2867
2967
2954
2943
2939
3109
2961
3057
3120
10000
1703
2071
1749
1719
1522
1527
1427
1364
1296
1170
1134
1158
1008
1008
866
942
832
908
726
802
688
688
720
624
661
539
560
581
517
476
496
480
442
432
428
480
400
448
352
354
340
352
432
354
240
298
292
197
261
272
10000
152
995
1231
1457
1716
1786
1776
1822
2045
2039
2115
2329
2246
2305
2275
2367
2399
2384
2512
2527
2475
2609
2471
2655
2641
2783
2877
2707
2703
2847
2843
2835
2896
2923
2887
2827
2847
2863
2927
2795
3059
3039
3211
2991
3103
3071
2995
2983
3039
3069
10000
1627
2031
1838
1764
1533
1472
1412
1323
1209
1243
1213
1128
984
916
992
896
896
906
850
784
849
776
720
660
672
624
486
645
528
536
553
612
458
528
492
528
442
464
496
400
384
358
422
448
266
384
324
240
349
304
10000
226
944
1391
1451
1628
1762
1836
1995
2107
2136
2097
2268
2199
2290
2399
2463
2538
2475
2559
2559
2583
2647
2722
2704
2662
2743
2883
2807
2839
2877
2867
2983
2975
2959
2878
2927
3007
2927
3183
3071
3003
3019
3120
3127
3109
3155
3023
3135
3159
3285
10000
1709
2115
1938
1738
1648
1680
1462
1488
1355
1276
1171
1230
1189
1126
1072
964
994
1034
920
824
854
848
896
832
768
756
748
854
787
624
656
617
669
552
528
640
608
464
448
444
409
482
452
434
456
436
448
374
440
502
10000
224
1198
1408
1619
1827
1777
1993
2122
2195
2266
2246
2219
2381
2495
2495
2583
2533
2589
2640
2739
2800
2691
2815
2769
2767
2883
2871
2839
2859
2767
2865
2883
2975
2987
2967
2981
3055
3031
3107
3227
3027
3023
3071
3103
3091
3023
3271
2975
3207
3061
10000
1741
2157
1872
1743
1659
1520
1462
1354
1404
1328
1152
1114
1100
985
1037
914
1040
880
838
780
752
810
820
640
752
610
668
518
690
526
529
576
517
546
467
534
525
432
320
406
408
345
342
500
454
424
320
377
256
346
10000
160
988
1391
1452
1775
1821
1840
2015
2066
2095
2216
2263
2302
2343
2352
2330
2395
2483
2535
2729
2559
2665
2735
2599
2695
2619
2806
2727
2737
2758
2768
2858
2859
2939
2837
2949
2845
2823
3019
2831
3063
3069
2823
2935
3027
2899
2983
2943
2998
3071
10000
1558
1984
1810
1725
1652
1525
1344
1387
1255
1120
1144
960
1033
998
912
848
800
802
828
768
729
672
578
632
688
640
640
482
508
489
537
480
464
418
448
361
480
421
436
424
291
306
364
324
330
232
291
240
279
336
10000
226
1008
1243
1577
1623
1742
1801
1879
1983
2115
2107
2151
2251
2250
2278
2367
2247
2335
2391
2482
2559
2559
2675
2587
2523
2679
2559
2719
2653
2775
2831
2719
2823
2717
2853
2835
2742
3015
2747
2927
2879
2931
2850
3037
2875
2967
2943
3015
2971
3007
10000
1467
2030
1758
1564
1462
1344
1266
1231
1188
1048
1040
986
965
814
786
832
768
768
656
699
649
553
529
576
652
544
516
450
416
448
392
300
368
404
360
304
304
208
356
234
232
212
272
336
200
144
192
140
108
154
10000
12
740
1048
1232
1469
1515
1714
1723
1855
1827
1904
2059
2112
2046
2170
2193
2247
2274
2338
2310
2416
2407
2515
2435
2514
2535
2603
2591
2495
2591
2652
2541
2639
2662
2763
2757
2723
2801
2797
2739
2823
2721
2785
2827
2822
2845
2885
2768
2775
2958
10000
1555
1996
1617
1488
1445
1394
1344
1236
1232
1056
1017
864
1044
848
906
832
704
704
812
612
752
620
578
470
528
448
384
521
401
364
448
368
329
333
336
348
208
340
244
199
304
202
208
212
169
161
220
234
156
57
10000
128
880
1224
1424
1590
1643
1863
1735
1833
2014
2117
2119
2122
2231
2213
2355
2341
2320
2353
2448
2591
2446
2623
2622
2535
2615
2647
2655
2599
2670
2719
2755
2771
2739
2747
2687
2875
2771
2838
2869
2767
2927
2879
2943
2879
2909
2995
2862
2999
3019
10000
1648
1954
1744
1663
1488
1383
1315
1368
1227
1200
1149
976
1030
840
914
866
776
832
720
698
656
585
668
698
489
577
488
368
536
432
426
502
466
438
388
336
268
362
360
316
338
180
145
272
260
182
276
272
184
192
10000
65
728
1130
1505
1493
1665
1723
1833
1948
2013
2003
2138
2165
2203
2244
2351
2355
2407
2401
2448
2513
2671
2631
2615
2611
2686
2639
2751
2769
2831
2789
2663
2883
2805
2834
2866
2829
2911
2839
2923
2991
2973
2981
2929
2923
2879
3047
3007
2907
3111
10000
1651
2063
1729
1653
1535
1296
1349
1221
1152
1166
1136
1048
957
906
900
900
937
812
737
753
753
698
584
618
569
676
656
596
481
480
464
412
448
392
452
352
324
310
369
320
290
424
242
256
272
352
372
192
272
229
10000
208
978
1216
1509
1712
1811
1862
1950
2010
2086
2197
2114
2287
2270
2331
2285
2332
2533
2555
2511
2629
2715
2703
2691
2655
2706
2767
2822
2799
2831
2815
2773
2891
2797
2847
2831
2866
2989
3089
2895
2959
2927
3007
3087
2961
3039
2951
2943
3031
3039
10000
1677
1991
1921
1685
1535
1456
1481
1329
1325
1110
1120
1123
948
1056
944
892
768
821
852
716
752
708
720
660
636
548
539
581
640
492
464
584
460
540
432
440
410
358
348
352
272
304
290
384
289
366
226
276
288
328
10000
200
1094
1392
1563
1605
1669
1723
1939
1979
2153
2222
2223
2327
2254
2272
2509
2431
2341
2459
2483
2603
2607
2607
2698
2687
2711
2686
2639
2779
2799
2943
2791
2835
2951
2967
2975
2911
2959
2877
2896
3022
2923
2915
2975
2991
2895
2947
2967
3054
3071
10000
1644
2072
1797
1681
1502
1506
1359
1428
1248
1138
1130
1074
1034
1013
852
896
832
721
774
720
762
625
576
725
648
596
640
576
640
490
505
402
450
480
540
384
320
400
320
432
256
297
362
368
306
240
336
256
308
305
10000
162
1054
1344
1520
1700
1773
1803
1979
1988
2059
2031
2140
2291
2333
2355
2390
2419
2511
2535
2543
2559
2661
2511
2683
2727
2751
2725
2739
2779
2883
2783
2875
2885
2815
2827
2883
2839
2930
2879
2966
2931
2941
2995
2934
3035
3031
3011
3071
3030
3155
10000
1584
2022
1922
1645
1535
1558
1310
1170
1312
1281
1088
1082
994
1062
842
1014
917
788
778
777
768
740
785
552
652
629
617
569
580
520
536
464
464
400
393
480
372
460
400
400
384
366
353
298
289
304
176
312
208
300
10000
192
918
1282
1430
1583
1725
1867
1794
1975
2149
2175
2297
2202
2288
2303
2307
2478
2447
2503
2541
2559
2603
2640
2699
2591
2627
2671
2801
2803
2831
2901
2815
2858
2867
2879
2839
2962
2927
2879
2914
3014
2946
2922
2847
2943
3031
3151
2991
3057
3111
10000
1633
2101
1877
1664
1589
1433
1408
1293
1191
1176
1069
1008
1041
898
993
976
836
730
880
816
816
796
712
549
619
626
530
592
594
504
624
472
560
369
405
348
458
384
384
241
360
376
344
401
292
201
320
304
181
160
10000
152
958
1241
1467
1675
1680
1861
1975
2000
2071
2099
2223
2142
2228
2341
2422
2431
2493
2449
2515
2541
2583
2655
2643
2645
2623
2663
2743
2803
2736
2887
2843
2847
2815
2815
2864
2832
2820
3027
2834
2911
2931
2999
3019
3014
3051
2991
2975
2975
3057
10000
1593
2111
1772
1710
1602
1413
1467
1314
1182
1152
1232
1088
1027
960
947
896
752
776
836
754
768
726
664
681
608
692
596
585
518
528
467
528
521
384
451
424
424
297
384
336
369
355
426
370
226
240
320
296
260
227
10000
196
951
1300
1553
1535
1776
1808
1951
1981
2126
2165
2270
2255
2241
2331
2331
2320
2449
2499
2439
2479
2555
2614
2631
2623
2791
2672
2803
2721
2783
2833
2818
2938
2859
2915
2959
2896
2897
3071
2981
2865
2879
2915
2979
3039
3007
2983
3235
2911
3121
10000
1658
1957
1802
1724
1502
1430
1437
1232
1231
1210
1107
1200
912
1094
910
1067
925
862
738
838
854
810
806
762
697
562
612
612
540
528
416
570
469
401
432
400
312
336
324
340
384
308
288
292
256
288
256
260
320
224
10000
98
900
1161
1462
1627
1755
1822
1870
2023
2030
2066
2085
2202
2338
2343
2343
2487
2431
2519
2559
2608
2502
2703
2527
2707
2671
2645
2702
2691
2751
2887
2835
2811
2802
2883
2955
2910
2783
2987
3031
2911
2859
2927
2995
2967
3007
2962
3039
2967
2961
10000
1679
2003
1868
1657
1662
1408
1464
1305
1206
1082
1152
1008
1066
1001
925
896
795
812
779
758
698
618
666
641
656
624
611
550
546
492
480
448
518
520
416
448
460
464
340
369
421
362
274
289
313
370
240
276
208
234
10000
80
933
1217
1450
1562
1741
1686
2003
1942
2042
2155
2035
2279
2250
2303
2366
2381
2434
2508
2485
2543
2591
2602
2674
2698
2715
2737
2699
2703
2775
2831
2823
2863
2973
2927
2815
2919
2907
2890
2901
3005
2950
2917
2911
3030
3059
2907
2979
3068
3134
10000
1631
2031
1807
1655
1507
1459
1379
1344
1291
1248
1158
1137
939
952
940
937
784
794
752
848
801
816
784
672
704
560
582
464
568
560
596
525
544
528
429
448
384
272
455
401
291
384
384
220
284
198
400
229
325
280
10000
146
1049
1373
1628
1643
1759
1823
1935
2033
2154
2213
2129
2282
2342
2326
2396
2541
2559
2416
2495
2559
2517
2587
2782
2694
2625
2623
2676
2707
2807
2730
2869
2831
2789
2987
2871
2957
2870
2929
2911
2875
2991
2891
3011
3015
3121
3071
2991
3007
2963
10000
1648
2093
1804
1671
1492
1477
1297
1270
1232
1158
1076
1075
1159
880
928
928
906
878
722
714
710
656
660
772
692
600
624
652
618
448
450
524
454
520
406
557
436
348
320
302
384
378
384
240
292
324
340
320
322
301
10000
288
1008
1360
1535
1586
1763
1798
1968
2115
2127
2160
2149
2224
2202
2383
2395
2446
2535
2627
2522
2603
2551
2587
2671
2643
2743
2725
2767
2703
2775
2911
2879
2907
2906
2939
2879
3071
2902
2887
2919
2973
2909
3015
2911
2959
3059
3093
2875
2928
3095
10000
1650
2003
1803
1673
1687
1485
1523
1313
1253
1241
1168
1072
1152
965
941
988
880
858
810
800
848
770
714
640
661
656
633
624
564
470
561
532
580
433
450
428
520
416
470
328
333
360
262
244
296
308
352
233
370
368
10000
205
996
1242
1535
1665
1790
1781
1902
2039
2167
2043
2375
2341
2333
2319
2415
2387
2403
2431
2518
2539
2346
2715
2671
2635
2671
2755
2789
2795
2843
2927
2855
2831
2669
2879
2901
2962
2925
2987
2907
3103
2891
2961
3047
2865
3023
2959
2975
3047
3013
10000
1623
2171
1762
1689
1664
1354
1424
1383
1232
1213
1063
1090
1018
765
984
941
850
768
785
800
720
691
715
656
704
612
685
581
552
597
571
544
547
569
506
492
434
449
394
440
388
412
256
330
348
330
282
338
336
338
10000
200
952
1288
1458
1654
1680
1859
1901
2061
2095
2206
2283
2271
2315
2397
2411
2461
2480
2559
2559
2559
2559
2609
2602
2643
2727
2755
2877
2746
2731
2863
2847
2815
2819
2839
2831
3015
2928
2943
2903
2917
2951
2879
2941
3039
3071
3003
3055
3095
3026
10000
1730
2096
1840
1699
1648
1616
1430
1250
1312
1101
1116
1090
1056
1012
934
941
865
864
778
816
756
816
748
656
592
646
624
517
528
509
624
476
522
480
304
529
488
384
332
340
307
352
330
266
320
339
390
312
224
300
10000
193
993
1414
1535
1668
1814
1981
1883
2022
1991
2176
2181
2215
2309
2352
2429
2599
2449
2515
2487
2557
2687
2559
2677
2733
2779
2741
2811
2807
2671
2769
2885
2839
2911
2839
2967
2883
2927
3005
2909
3151
2989
3167
2955
3023
2949
3151
3093
3111
3135
10000
1622
2079
1802
1777
1677
1521
1331
1338
1222
1290
1168
1066
1090
950
912
963
800
896
800
780
760
729
734
754
647
604
620
546
664
592
541
640
576
540
585
482
464
428
448
365
422
368
385
330
322
352
425
320
400
312
10000
161
1034
1309
1530
1789
1805
1904
2017
2047
2029
2135
2249
2231
2311
2388
2271
2402
2467
2461
2597
2704
2555
2734
2715
2799
2757
2799
2815
2843
2771
2790
2915
2951
2907
2991
2935
2939
2963
2949
2943
3093
2943
3003
2991
2989
2962
3154
3123
3067
3167
10000
1583
1979
1872
1803
1680
1521
1535
1313
1260
1280
1111
1152
1072
970
1072
890
897
814
864
925
782
754
698
684
656
718
576
568
572
496
528
544
472
400
520
474
434
442
416
320
336
320
264
288
409
372
372
336
416
304
10000
164
1040
1329
1662
1709
1776
1918
2037
2067
2134
2226
2288
2307
2288
2320
2351
2371
2511
2613
2639
2585
2739
2559
2699
2645
2599
2803
2823
2839
2789
2943
2879
2834
2859
2953
2961
2915
2999
3053
2961
3025
2983
3155
3071
3119
3151
2990
3031
3199
3067
10000
1665
2031
1858
1805
1595
1495
1534
1340
1366
1296
1122
1064
1092
1040
944
949
880
954
841
704
734
816
752
690
674
648
582
641
576
534
498
580
580
610
514
484
456
457
448
320
370
338
405
406
352
360
291
336
320
298
10000
242
1066
1380
1648
1622
1835
1845
1947
2058
2000
2161
2169
2266
2223
2368
2463
2315
2502
2523
2559
2670
2675
2731
2709
2703
2705
2687
2783
2759
2943
2839
2768
2877
2903
2795
2975
2941
2883
2899
2935
2973
2887
2989
3055
2987
2963
2993
3067
3063
3007
10000
1669
2062
1811
1717
1569
1573
1446
1218
1280
1066
1241
1101
1005
914
912
756
917
880
811
714
672
649
634
576
640
629
608
544
496
478
464
582
429
440
336
432
360
320
458
396
368
321
362
336
304
326
217
224
336
256
10000
144
1005
1253
1417
1793
1725
1852
1927
2023
2058
2158
2123
2111
2265
2225
2321
2485
2382
2491
2487
2591
2519
2583
2675
2732
2655
2649
2799
2787
2707
2735
2791
2837
2871
2895
2865
2933
2933
2919
2935
2907
2983
2903
2955
2979
2907
2991
2993
2991
2958
10000
1530
2067
1765
1781
1479
1520
1328
1328
1187
1184
1083
977
980
976
914
923
896
800
826
704
720
690
717
568
718
625
514
560
596
436
492
480
496
496
480
416
469
416
376
309
320
296
256
320
324
288
268
288
240
242
10000
168
931
1200
1468
1535
1635
1839
1836
2085
2023
2223
2018
2171
2224
2315
2384
2411
2457
2515
2591
2559
2631
2519
2605
2672
2771
2655
2733
2709
2835
2831
2743
2815
2770
2918
2899
2847
2863
2959
2942
2929
2879
3024
2959
2923
3055
2923
3043
3071
2991
10000
1661
2018
1994
1628
1535
1568
1399
1310
1337
1264
1152
1117
1137
1032
880
962
784
802
770
720
709
720
624
597
700
640
592
498
584
577
610
544
416
412
288
331
336
310
436
405
288
437
294
336
290
304
396
368
272
208
10000
224
1005
1375
1648
1791
1871
1917
2000
2117
2044
2225
2193
2307
2303
2431
2497
2545
2475
2556
2523
2495
2631
2699
2687
2767
2822
2759
2757
2853
2867
2791
2635
2927
2878
2827
2999
2896
2927
2971
3058
2975
3023
3055
3019
3090
3071
3038
3167
3089
3099
10000
1754
2177
1854
1754
1682
1598
1377
1387
1190
1235
1168
1148
1078
1031
912
928
832
934
800
800
792
800
710
714
744
656
656
635
688
688
588
530
564
550
596
528
528
624
416
450
521
502
465
392
442
400
304
389
296
298
10000
100
1162
1408
1649
1699
1965
1890
1893
2025
2039
2284
2327
2353
2415
2413
2430
2439
2559
2559
2611
2643
2627
2704
2679
2895
2834
2799
2919
2961
2899
2883
3039
3019
2959
2891
3011
2979
2907
2991
3135
3059
3143
3019
3111
3195
3059
3099
3067
2971
3095
10000
1677
2111
1953
1655
1687
1605
1570
1369
1395
1236
1200
1166
1206
1048
1065
998
1002
937
879
869
833
752
842
793
866
706
746
696
652
632
752
650
546
544
626
480
488
457
410
410
312
426
352
340
336
384
442
360
264
384
10000
240
1141
1474
1679
1616
1911
2018
1973
2085
2167
2295
2215
2314
2333
2464
2543
2545
2631
2480
2635
2677
2685
2768
2807
2709
2775
2791
2911
2847
2927
2905
2943
2855
2930
2954
2973
3010
2967
3055
3029
3135
3043
3120
3103
2967
3147
3102
3110
3343
3127
10000
1808
2079
1880
1744
1669
1648
1415
1430
1277
1136
1181
1104
1082
928
1034
1074
857
893
874
808
752
778
640
756
650
578
672
673
644
656
560
560
536
568
424
504
444
488
459
496
434
388
320
344
436
298
384
356
328
376
10000
136
1050
1368
1472
1677
1778
1866
2055
2031
2063
2128
2311
2423
2399
2288
2379
2559
2457
2559
2533
2651
2595
2699
2681
2718
2679
2747
2781
2735
2768
2815
2867
2775
2907
2835
2907
2898
2993
2973
2974
2949
2987
2991
2919
2959
3015
2959
2974
3005
3089
10000
1653
2131
1771
1693
1647
1511
1431
1270
1276
1174
1200
1137
944
944
916
924
873
891
848
716
880
688
704
688
674
640
476
546
506
557
488
560
390
436
501
458
518
368
400
408
236
272
430
256
333
280
314
304
333
272
10000
92
962
1198
1398
1587
1648
1840
1851
1984
2057
2098
2223
2167
2307
2256
2331
2349
2419
2518
2493
2463
2545
2503
2544
2551
2635
2654
2615
2775
2797
2695
2691
2839
2751
2865
2807
2931
2800
2869
2867
2942
2907
2935
2975
2909
2959
3011
2910
2991
2927
10000
1559
1985
1829
1604
1498
1378
1312
1221
1196
1090
1021
888
941
891
858
816
816
800
778
720
682
588
588
532
480
568
472
384
418
312
388
337
340
345
348
370
320
216
262
176
304
236
256
170
144
187
192
136
96
192
10000
48
773
1097
1309
1468
1581
1563
1778
1774
1971
1969
1997
2070
2105
2256
2222
2231
2309
2352
2354
2466
2455
2543
2541
2587
2606
2559
2521
2591
2607
2670
2731
2687
2685
2791
2783
2861
2663
2741
2747
2865
2779
2755
2899
2891
2927
2909
2923
2831
2959
10000
1665
1951
1735
1626
1425
1387
1290
1252
1168
1078
1056
996
1028
858
891
854
802
736
716
688
688
528
661
568
576
560
551
432
560
518
384
344
392
371
408
330
336
288
304
361
244
281
272
192
146
241
192
216
144
268
10000
65
912
1158
1382
1632
1699
1909
1866
1840
1919
2123
2209
2177
2291
2273
2347
2303
2367
2310
2467
2493
2591
2492
2527
2551
2639
2559
2737
2704
2687
2751
2719
2711
2791
2725
2823
2871
2815
2935
2971
2883
2959
2971
2960
2935
3059
3007
2871
2895
3002
10000
1579
1951
1853
1580
1483
1462
1406
1397
1216
1206
1137
1096
960
957
944
896
796
725
688
657
656
610
749
634
612
523
596
524
474
538
416
457
484
428
528
354
346
364
454
336
364
436
304
230
209
208
144
240
272
216
10000
112
1040
1216
1423
1668
1776
1857
1762
1862
2064
2063
2113
2198
2271
2287
2335
2449
2342
2445
2471
2559
2503
2595
2643
2685
2618
2733
2719
2773
2731
2902
2807
2939
2800
2871
2891
2863
2830
2879
2911
2847
2899
2903
2967
2951
2869
2867
3015
3057
3071
10000
1563
1936
1840
1616
1556
1392
1395
1350
1328
1261
1218
1168
1021
986
960
880
750
840
836
763
664
681
693
684
635
650
560
537
462
473
584
320
396
344
458
424
448
320
416
368
368
320
236
256
244
196
332
256
384
290
10000
128
1011
1205
1438
1692
1861
1868
1858
2002
2164
2176
2165
2205
2241
2362
2270
2334
2583
2550
2490
2591
2485
2586
2695
2695
2673
2703
2843
2735
2707
2686
2779
2797
2800
2827
3003
2834
2811
2927
2959
3056
2939
2899
2911
2871
2989
3107
2957
3087
3013
10000
1643
1934
1924
1695
1630
1582
1405
1246
1174
1213
1224
1104
968
928
990
836
814
906
790
842
846
704
755
720
618
576
624
718
560
528
461
467
484
458
496
436
406
424
372
432
376
428
340
272
196
242
256
224
320
256
10000
128
971
1298
1443
1689
1751
1872
1847
1979
2130
2192
2175
2261
2221
2323
2383
2507
2494
2383
2555
2503
2544
2615
2667
2611
2736
2711
2799
2807
2775
2911
2758
2864
2859
2853
2863
2847
2971
3059
2895
2994
2906
2910
2963
2979
2911
3071
3014
2943
2971
10000
1610
2060
1744
1681
1535
1520
1420
1367
1229
1154
1194
1052
1073
928
928
954
906
840
750
754
686
640
692
592
672
720
660
628
592
377
384
556
500
424
466
424
394
386
436
348
328
344
418
368
346
316
283
260
200
290
10000
152
982
1354
1505
1621
1826
1921
1869
1974
2015
2211
2219
2346
2527
2384
2311
2517
2442
2473
2687
2487
2605
2654
2595
2651
2623
2713
2839
2831
2747
2707
2791
2893
2839
2981
2975
2902
2861
2921
3067
2997
3046
2847
3015
3027
2943
2962
2979
3127
3159
10000
1600
2075
1895
1766
1568
1450
1483
1389
1198
1014
1174
972
1011
997
877
944
939
854
741
768
698
724
672
642
592
560
641
609
505
592
336
452
522
460
490
476
464
336
500
459
384
400
400
314
346
288
430
320
300
220
10000
208
944
1307
1556
1476
1739
1830
1899
1961
2013
2160
2128
2298
2335
2295
2259
2345
2541
2469
2559
2639
2517
2745
2647
2641
2651
2735
2795
2815
2799
2815
2839
2846
2871
2871
2931
2955
2923
2829
2893
2951
2911
2927
3007
3039
2923
3151
3035
2951
3045
10000
1647
2102
1873
1738
1667
1595
1392
1328
1250
1168
1135
1008
993
1013
869
965
874
938
873
742
784
780
620
617
688
626
609
592
454
582
520
441
420
528
477
378
384
432
504
338
424
228
376
416
272
274
256
262
288
240
10000
180
1008
1302
1595
1725
1706
1920
1873
1957
2015
2219
2199
2222
2283
2443
2371
2471
2517
2543
2479
2544
2621
2623
2623
2704
2677
2719
2727
2790
2687
2839
2851
2859
2883
2923
2961
2927
2967
2963
2991
2966
3039
2989
2943
2887
2983
3147
3015
2933
3011
10000
1639
2009
1754
1680
1575
1489
1447
1318
1212
1226
1142
1136
1008
976
970
1034
816
832
721
681
740
720
750
658
658
582
592
576
684
544
432
460
474
532
528
456
428
400
472
416
432
451
466
272
356
278
294
296
312
342
10000
156
1121
1258
1518
1599
1803
1813
1966
2029
2091
2103
2241
2263
2267
2239
2433
2426
2478
2618
2471
2608
2591
2525
2707
2735
2827
2756
2875
2819
2896
2723
2865
2770
3023
2801
2887
2861
2843
2947
2954
2895
2999
2959
3061
2921
2993
2927
3007
3087
2995
10000
1635
2043
1941
1722
1581
1488
1477
1392
1401
1256
1133
1130
1008
1088
912
948
917
826
789
784
768
744
608
621
640
681
584
528
576
561
482
508
498
521
432
427
480
484
304
339
426
340
364
362
292
210
306
216
316
176
10000
140
956
1281
1486
1712
1733
1744
2037
1987
2071
2160
2241
2223
2338
2351
2415
2448
2515
2611
2467
2483
2623
2717
2707
2659
2674
2699
2643
2790
2465
2705
2672
2795
2891
2875
2807
2535
2655
2615
2707
2630
2775
2773
2769
2917
2949
2899
2911
2895
3013
10000
2803
2651
2401
2499
2187
2032
1866
1827
1765
1647
1498
1428
1393
1252
1344
1115
1094
960
960
957
958
854
758
772
756
694
698
684
548
611
544
560
528
528
416
320
432
354
374
456
384
402
242
336
402
283
336
304
209
288
10000
210
272
501
604
820
912
1070
1233
1280
1423
1588
1635
1677
1869
1895
2039
2087
2094
2170
2191
2288
2229
2459
2458
2435
2507
2591
2638
2751
2703
2735
2687
2711
2663
2815
2835
2899
2783
2783
2749
2967
2911
2947
2883
2949
2951
2967
2971
2995
3071
10000
2927
2647
2559
2395
2291
2032
1939
1827
1711
1662
1602
1565
1403
1443
1173
1254
1091
1057
1098
885
996
871
875
864
692
732
681
589
672
608
492
493
561
388
438
484
384
459
321
400
304
280
304
354
346
260
240
240
132
144
10000
229
368
546
700
820
952
995
1188
1414
1417
1502
1622
1799
1876
1835
2019
1995
2128
2256
2251
2395
2274
2313
2441
2382
2507
2591
2597
2671
2758
2650
2693
2774
2807
2897
2791
2897
2901
2909
2815
2983
2911
2987
2899
2928
2959
3023
3023
3039
3157
10000
2903
2694
2471
2375
2285
2126
2062
1769
1705
1692
1552
1597
1385
1280
1243
1156
1066
963
1060
1001
882
876
680
912
740
736
609
616
718
612
601
544
529
460
432
448
428
440
416
266
400
308
260
258
336
328
241
328
224
268
10000
108
472
642
850
922
1056
1212
1381
1535
1698
1584
1605
1718
1791
1828
1989
2063
2278
2256
2303
2495
2435
2538
2495
2406
2375
2447
2559
2495
2607
2651
2687
2645
2790
2695
2621
2765
2807
2867
2961
2943
2830
2931
2883
2859
2806
2935
2983
2975
2991
10000
2815
2895
2445
2416
2273
2123
1938
1936
1712
1616
1587
1455
1296
1389
1328
1152
1083
1152
968
880
896
854
947
780
795
784
784
588
697
562
548
530
578
466
372
192
280
320
208
304
272
240
272
296
216
192
209
336
326
384
10000
268
442
579
696
892
948
1102
1261
1332
1535
1564
1714
1811
1857
2097
2181
2059
2189
2178
2259
2359
2239
2429
2509
2483
2559
2545
2599
2559
2623
2647
2699
2743
2815
2806
2773
2903
2719
2839
2799
2979
2859
2959
2909
2923
3002
2927
3089
3059
3035
10000
2951
2626
2431
2314
2155
2099
1904
1728
1819
1650
1569
1472
1342
1289
1285
1232
1109
1040
1060
968
884
963
953
819
633
720
816
720
688
640
684
609
578
568
456
422
554
390
448
416
314
340
362
256
262
314
256
288
274
144
10000
162
392
628
708
780
918
1094
1157
1232
1509
1600
1623
1732
1815
1954
1967
1939
2165
2192
2250
2365
2407
2487
2459
2501
2547
2527
2669
2638
2672
2778
2738
2750
2896
2871
2901
2779
2897
2899
2937
2807
2897
3035
2999
2999
3023
2933
2937
2906
3071
10000
2911
2737
2551
2314
2275
2199
2015
1902
1792
1716
1562
1615
1459
1328
1276
1232
1085
1123
960
1018
926
922
816
789
756
748
640
608
697
672
578
561
528
452
374
412
480
432
384
332
392
358
298
264
308
176
257
272
272
137
10000
272
368
468
676
800
899
1088
1153
1370
1503
1631
1595
1678
1816
1911
1999
2111
2090
2207
2243
2357
2367
2447
2394
2495
2559
2435
2589
2735
2651
2707
2770
2687
2751
2795
2759
2807
2821
2902
2967
2843
2887
2926
3031
3055
2910
2991
3071
2966
3003
10000
2966
2719
2543
2385
2242
2083
1986
1855
1822
1648
1654
1507
1365
1332
1301
1213
1194
1082
1004
886
976
844
844
777
778
736
642
720
604
566
624
458
515
553
432
469
432
386
368
393
364
304
368
289
297
400
334
272
284
304
10000
208
402
619
592
900
960
997
1260
1211
1486
1518
1567
1684
1878
1902
2047
1919
2157
2247
2282
2287
2435
2395
2479
2559
2482
2594
2623
2647
2815
2613
2663
2703
2894
2798
2789
2830
2839
2864
2917
2805
2919
2885
2943
2895
2823
3007
2890
3091
3039
10000
2823
2741
2643
2475
2350
2113
2025
1927
1790
1677
1711
1535
1451
1520
1287
1256
1200
1104
1042
861
964
960
897
828
828
724
708
608
629
612
508
419
496
489
480
440
432
400
400
432
432
384
358
234
352
288
192
208
218
289
10000
240
384
428
640
896
1040
1232
1264
1341
1488
1665
1765
1784
1918
1891
2043
2163
2106
2253
2318
2411
2427
2383
2463
2523
2507
2603
2601
2507
2671
2731
2735
2803
2823
2815
2815
2815
2939
2967
2963
2979
2897
2975
3027
2979
2975
2983
2975
2999
3119
10000
2915
2737
2559
2384
2320
2093
1968
1902
1673
1677
1494
1415
1415
1305
1200
1216
1114
1099
1009
962
817
851
842
784
784
680
762
659
657
660
610
528
528
544
464
588
494
370
418
466
416
408
370
336
320
240
232
244
272
386
10000
140
341
434
660
930
955
892
1112
1288
1592
1425
1670
1740
1808
1846
2038
2077
2066
2149
2226
2350
2385
2435
2383
2487
2558
2597
2640
2687
2707
2705
2726
2711
2765
2927
2847
2779
2927
2843
2826
3013
2963
3007
2883
2943
3035
3019
2959
3039
2955
10000
2959
2703
2638
2479
2288
2114
2076
1907
1763
1733
1561
1520
1426
1281
1298
1104
1184
1136
934
916
924
869
838
880
824
810
706
642
594
665
624
528
469
472
481
486
416
470
365
384
416
362
320
304
282
256
306
240
304
322
10000
232
387
624
728
850
880
1099
1216
1346
1522
1473
1615
1711
1872
1889
1923
2025
2127
2240
2289
2253
2397
2389
2427
2371
2583
2558
2629
2613
2551
2695
2699
2743
2783
2738
2807
2787
2831
2891
2823
2775
3002
2999
2943
2929
3029
3067
2999
3026
3071
10000
2834
2687
2611
2291
2271
2147
1970
1872
1713
1535
1507
1467
1408
1342
1216
1174
1153
1109
1078
928
1002
816
802
759
706
691
624
592
624
627
708
549
582
528
548
474
458
432
448
358
355
256
324
302
309
304
282
258
214
230
10000
208
374
501
614
823
960
1113
1169
1321
1447
1498
1615
1838
1857
1851
1963
2099
2138
2127
2246
2320
2437
2353
2467
2438
2494
2635
2650
2655
2662
2559
2755
2722
2815
2739
2739
2789
2875
2887
2847
2891
2942
2883
2919
2923
3051
2863
2975
3015
2971
10000
2879
2747
2535
2431
2241
2110
1999
1903
1795
1627
1681
1435
1413
1344
1222
1264
1111
1058
1034
810
890
864
880
816
794
752
660
728
595
562
584
564
489
480
448
412
456
400
352
388
300
333
282
224
297
338
338
272
310
288
10000
228
404
576
794
758
1001
1115
1224
1346
1501
1577
1629
1759
1825
2010
2069
2147
2135
2215
2297
2327
2466
2371
2487
2405
2543
2493
2512
2611
2703
2697
2703
2695
2795
2829
2839
2815
2879
2831
2861
2927
2949
2919
2883
2911
3063
3059
3031
3057
2993
10000
2899
2751
2441
2383
2199
2075
2110
1854
1729
1724
1613
1424
1338
1296
1341
1280
1041
1049
940
960
832
913
846
810
724
678
752
656
624
592
582
600
560
569
498
378
372
456
416
440
352
384
236
306
336
364
275
292
216
164
10000
176
456
544
696
881
928
987
1204
1296
1420
1631
1635
1797
1821
1842
1915
2110
2195
2266
2323
2311
2374
2384
2493
2513
2503
2527
2643
2623
2675
2687
2719
2719
2787
2703
2879
2863
2801
2869
2874
2865
2963
2917
2911
2896
2927
2903
3005
2927
2983
10000
2845
2707
2594
2383
2288
2013
2033
1861
1735
1699
1558
1533
1348
1294
1265
1138
1136
1008
1072
932
899
876
756
784
806
696
624
658
566
640
545
557
440
453
480
432
432
442
336
420
370
376
307
304
312
320
277
288
244
185
10000
208
368
530
582
892
957
1101
1185
1246
1497
1474
1759
1618
1781
1879
1868
2064
2081
2213
2320
2251
2303
2419
2366
2465
2480
2615
2559
2599
2669
2655
2737
2751
2783
2879
2811
2823
2899
2847
2851
2867
2899
2975
2901
3007
3133
3054
2999
2987
2941
10000
2935
2679
2559
2423
2205
2155
2029
1983
1782
1656
1479
1431
1353
1332
1090
1186
1206
1072
961
912
939
890
841
818
805
814
720
632
628
598
658
568
652
546
401
492
528
460
372
401
432
386
356
208
256
288
232
166
194
256
10000
214
368
640
693
864
887
1060
1166
1305
1454
1494
1610
1782
1734
1959
1943
2045
2151
2207
2320
2359
2413
2365
2462
2527
2514
2559
2481
2555
2723
2685
2755
2741
2791
2743
2709
2899
2851
2762
2897
2973
2935
2903
2839
2931
2879
2999
2979
2939
2989
10000
2899
2723
2646
2387
2311
2085
2000
1893
1771
1738
1677
1535
1420
1369
1345
1193
1168
1110
1104
1008
1074
897
827
741
824
749
681
736
576
634
552
517
481
576
386
478
416
459
432
386
432
298
358
373
272
368
233
326
196
216
10000
272
358
504
700
873
969
1047
1289
1355
1457
1534
1662
1786
1803
1900
1958
2087
2157
2253
2320
2379
2365
2487
2447
2434
2559
2587
2481
2543
2603
2687
2797
2741
2701
2679
2779
2803
2839
2809
2911
2897
3007
2993
2943
2961
3071
2971
3059
3055
2995
10000
2919
2719
2587
2458
2171
2080
1955
1935
1789
1747
1697
1472
1472
1331
1298
1280
1130
979
976
920
912
933
826
800
816
656
814
640
657
681
666
576
588
532
633
486
393
406
350
348
428
372
268
310
432
276
312
344
240
256
10000
208
352
517
663
802
900
1065
1237
1305
1429
1513
1696
1809
1821
1891
1893
2013
2193
2227
2335
2353
2411
2411
2431
2523
2542
2639
2595
2702
2673
2667
2715
2735
2823
2807
2855
2797
2895
2947
2835
2868
2871
2847
2991
2935
3054
2991
3002
2975
2991
10000
2877
2751
2608
2365
2234
2161
2030
1856
1843
1823
1596
1509
1447
1406
1233
1232
1176
1140
1084
948
910
848
761
849
720
772
640
688
717
629
648
460
480
608
444
530
426
510
384
418
265
410
276
334
320
248
352
272
256
256
10000
246
272
577
752
845
885
998
1178
1319
1433
1504
1731
1746
2000
1983
2064
2079
2111
2175
2159
2347
2294
2434
2501
2591
2559
2506
2479
2605
2667
2555
2711
2675
2734
2896
2899
2922
2773
2903
2901
2877
2903
2959
3007
2927
2931
3061
2975
3031
3022
10000
3019
2767
2559
2381
2242
2126
1931
1819
1770
1674
1556
1383
1410
1328
1205
1149
1040
1077
928
905
994
960
911
817
800
816
680
700
720
608
588
624
545
562
500
546
432
440
377
293
312
384
364
272
272
320
241
332
320
224
10000
161
361
526
640
854
876
1092
1122
1357
1427
1625
1610
1803
1712
1962
1941
2096
2141
2187
2223
2331
2384
2395
2405
2545
2551
2541
2559
2737
2666
2798
2641
2687
2835
2827
2719
2859
2855
2887
2823
2962
2935
2891
2979
2917
3022
3071
2975
3025
3143
10000
2919
2775
2479
2381
2259
2174
2011
1878
1803
1731
1629
1535
1403
1289
1280
1165
1104
1077
1017
992
869
908
832
826
877
674
652
640
624
544
498
564
617
474
398
422
496
390
366
366
400
336
332
424
306
360
208
241
202
240
10000
206
432
614
690
868
880
1104
1289
1309
1414
1493
1651
1694
1751
1876
2038
2055
2115
2191
2209
2351
2442
2416
2555
2559
2475
2495
2539
2587
2711
2687
2704
2725
2761
2903
2855
2917
2832
2863
2855
2927
2934
2963
2859
2960
2939
3035
2983
2899
3002
10000
2923
2755
2559
2387
2211
2219
1951
1917
1779
1697
1584
1506
1359
1231
1228
1189
1170
1046
1079
958
900
817
869
885
756
772
730
768
624
584
499
496
528
502
464
455
496
352
416
390
426
358
400
368
320
272
224
176
232
240
10000
197
432
532
673
747
848
1008
1216
1298
1426
1470
1597
1715
1859
1872
2087
1989
2188
2166
2114
2309
2369
2403
2448
2501
2543
2615
2662
2641
2647
2695
2731
2719
2851
2775
2775
2895
2879
2835
2899
2923
2875
2871
2979
2943
2875
3043
3011
3063
3011
10000
2885
2758
2591
2449
2223
2097
2079
1889
1728
1682
1530
1429
1382
1302
1330
1297
1124
1104
944
992
1002
954
834
806
672
715
720
608
628
688
545
473
486
517
516
496
385
425
448
372
320
356
104
320
345
272
240
272
272
240
10000
256
404
552
688
768
942
1072
1228
1312
1406
1502
1697
1732
1813
1867
1984
2078
2121
2170
2273
2295
2367
2311
2434
2397
2559
2623
2639
2639
2608
2713
2737
2655
2770
2829
2842
2847
2807
2931
2829
2935
2991
3005
2987
2983
3063
2983
2999
3047
3035
10000
2907
2755
2529
2437
2299
2149
2070
1895
1759
1757
1575
1438
1470
1346
1110
1156
1145
1118
1016
1022
842
864
840
737
736
708
712
684
642
580
592
556
560
528
578
452
484
328
344
352
400
304
246
346
336
240
178
274
240
179
10000
160
346
448
681
774
913
1057
1142
1244
1457
1527
1493
1712
1817
1922
2003
2046
2107
2171
2315
2339
2383
2320
2509
2613
2501
2544
2627
2703
2640
2694
2731
2722
2749
2749
2813
2927
2923
2845
2833
2851
2928
2927
2907
2927
2885
2965
3013
3034
3015
10000
2929
2769
2530
2371
2204
2114
1969
1779
1904
1694
1643
1487
1410
1238
1332
1194
995
1079
930
1012
960
880
848
869
741
726
794
656
612
660
482
475
456
507
524
576
400
348
428
404
336
376
324
260
213
272
272
320
160
132
10000
272
330
492
705
752
960
1054
1229
1342
1391
1566
1675
1714
1808
1895
1963
2079
2231
2182
2187
2193
2383
2353
2475
2459
2384
2559
2631
2759
2608
2775
2743
2704
2751
2795
2743
2845
2815
2867
2959
2957
2995
2863
2965
3025
3003
3021
3007
2939
2943
10000
2935
2687
2491
2467
2246
2095
2032
1799
1746
1725
1511
1595
1344
1294
1300
1200
1152
1021
982
917
887
913
928
709
716
784
732
689
646
672
648
528
550
400
528
536
472
401
400
488
409
338
304
352
364
288
260
240
192
264
10000
178
388
560
640
808
946
1092
1088
1369
1430
1443
1609
1776
1813
1961
2005
2047
2077
2175
2250
2303
2309
2388
2544
2498
2603
2519
2559
2682
2607
2687
2755
2803
2823
2911
2838
2831
2865
2963
2934
2862
2943
2839
2879
3043
2827
2943
3007
3047
3023
10000
2959
2783
2511
2373
2182
2061
2033
1953
1825
1565
1535
1631
1453
1365
1338
1170
1200
1040
1120
972
921
878
864
752
816
673
792
644
600
642
528
688
592
460
548
452
436
480
300
422
368
256
208
344
262
304
240
338
208
304
10000
193
320
496
722
828
973
1122
1232
1308
1403
1591
1626
1811
1933
1938
1945
1989
2160
2219
2219
2203
2335
2479
2471
2559
2541
2621
2555
2671
2695
2645
2751
2751
2707
2878
2925
2799
2879
2823
2959
2911
2932
2959
3111
2915
3057
3135
2919
2919
3026
10000
2871
2729
2555
2320
2303
1968
1998
1873
1798
1597
1647
1441
1535
1265
1256
1266
1104
1045
1042
912
947
832
802
689
762
720
732
726
688
624
564
611
516
586
491
369
412
468
417
365
432
396
345
272
368
240
313
212
178
256
10000
218
432
560
656
748
920
1002
1222
1317
1354
1586
1706
1771
1839
1924
1989
2095
2176
2320
2219
2301
2359
2449
2463
2527
2547
2559
2559
2731
2739
2759
2741
2709
2759
2847
2795
2885
2885
2775
2864
2961
2971
2897
2899
2911
2995
2978
2997
3039
2955
10000
2895
2775
2654
2352
2321
2149
2010
1901
1823
1678
1606
1515
1424
1424
1306
1166
1146
1136
983
944
1009
880
800
784
813
699
618
546
642
649
497
580
476
528
467
528
440
502
352
314
352
310
394
304
384
332
376
304
272
193
10000
192
448
624
624
880
1008
1136
1254
1304
1494
1584
1654
1702
1889
1987
1949
2018
2075
2114
2173
2320
2437
2469
2435
2385
2559
2607
2514
2663
2638
2691
2741
2651
2767
2807
2850
2775
2909
2837
2939
2864
2943
2959
3039
2911
3059
2923
2855
3031
3023
10000
2875
2750
2608
2494
2287
2130
2006
1925
1712
1698
1657
1585
1392
1310
1177
1152
1112
1090
1006
999
965
880
889
817
780
672
700
722
720
570
564
614
560
501
510
529
332
464
457
348
370
368
314
280
426
272
172
304
260
240
10000
272
330
531
689
734
842
1045
1228
1314
1470
1553
1719
1744
1685
1869
1970
1935
2199
2199
2255
2291
2301
2352
2498
2479
2519
2589
2559
2719
2699
2559
2693
2653
2671
2707
2803
2811
2865
2919
2955
2829
2951
2991
2963
2911
2927
2991
3023
2971
2963
10000
2927
2731
2555
2342
2257
2068
2085
1939
1713
1694
1653
1627
1419
1420
1281
1136
1146
1072
1042
962
902
914
755
816
754
666
708
709
664
592
666
588
468
500
507
396
496
432
384
408
432
288
324
412
210
244
209
248
276
240
10000
306
405
608
640
800
922
1092
1211
1387
1535
1669
1630
1805
1815
1917
1933
1967
2127
2256
2218
2327
2370
2559
2467
2480
2559
2658
2595
2559
2687
2655
2698
2783
2743
2862
2814
2866
2863
2827
3053
2875
2934
2896
3006
2979
2991
2975
3087
2963
2975
10000
2951
2673
2515
2425
2160
2027
1997
1880
1793
1641
1680
1562
1428
1338
1225
1190
1206
1041
1052
985
934
864
853
804
704
713
752
632
652
614
586
572
538
520
460
368
360
426
432
368
304
376
320
386
320
295
240
260
312
217
10000
240
360
610
736
784
848
964
1185
1280
1458
1533
1518
1803
1821
1854
1969
2229
2173
2139
2320
2370
2367
2361
2527
2515
2547
2544
2623
2643
2719
2672
2774
2695
2750
2807
2831
2879
2898
2879
2863
2960
2931
2919
2999
2859
2958
3089
2909
3003
3099
10000
2901
2759
2495
2406
2283
2020
2103
1911
1857
1679
1582
1513
1441
1326
1229
1262
1132
1059
1008
928
858
932
824
864
818
805
681
646
756
523
592
472
516
524
452
401
397
448
426
448
384
384
288
304
310
300
256
308
262
276
10000
256
401
528
740
800
944
1081
1281
1302
1448
1566
1591
1726
1834
1921
2009
2090
2121
2113
2224
2271
2311
2449
2415
2429
2539
2495
2615
2615
2725
2695
2811
2717
2747
2743
2815
2783
2861
2875
2963
2895
2962
2943
2987
3005
3089
2973
3190
2987
3035
10000
2867
2745
2501
2411
2269
2163
1936
1837
1842
1667
1553
1514
1422
1292
1235
1186
1008
1081
949
960
922
880
836
800
756
770
720
684
645
600
598
570
482
537
448
500
400
384
365
392
368
369
369
356
296
296
324
278
218
240
10000
256
356
585
744
816
976
1080
1232
1390
1414
1594
1535
1737
1856
1975
1978
1985
2162
2187
2239
2250
2375
2482
2480
2477
2640
2623
2711
2623
2741
2671
2683
2759
2687
2791
2807
2815
2838
2887
2899
2891
2991
2878
2947
2931
2961
3023
3071
2953
3071
10000
2879
2779
2523
2403
2226
2157
2023
1898
1862
1786
1535
1561
1535
1363
1307
1296
1177
1165
996
1036
874
868
920
896
768
768
658
749
629
608
576
488
492
454
506
496
482
438
400
412
352
355
368
320
288
304
301
224
208
288
10000
236
338
662
720
960
944
1120
1200
1340
1435
1458
1600
1845
1725
1985
2064
2085
2143
2278
2215
2343
2294
2362
2362
2547
2555
2607
2655
2693
2730
2651
2723
2671
2887
2839
2897
2801
2832
2855
2962
2927
2881
2935
3039
3007
2931
3019
3027
2987
3022
10000
2991
2731
2513
2405
2278
2140
2033
1911
1809
1751
1652
1472
1424
1382
1252
1194
1136
1045
946
1086
880
896
870
762
720
771
685
730
624
536
657
566
578
473
553
506
465
448
384
360
361
304
328
400
308
208
196
304
272
262
10000
260
402
553
722
838
1051
1072
1330
1388
1509
1642
1651
1871
1870
2013
1974
2064
2146
2273
2301
2363
2397
2419
2481
2559
2519
2637
2671
2669
2679
2783
2747
2670
2701
2779
2863
2815
2991
2943
2831
2871
2875
2961
2891
2975
3021
2994
2975
2949
3117
10000
3007
2751
2607
2391
2207
2183
1975
1966
1662
1661
1641
1494
1490
1296
1314
1285
1137
1040
1008
1029
961
928
826
846
715
755
626
668
592
588
480
580
500
408
464
400
436
400
400
376
417
400
346
325
484
336
261
214
244
196
10000
208
337
528
736
861
966
1136
1280
1435
1430
1587
1679
1773
1809
1927
2058
2047
2142
2219
2317
2224
2323
2377
2455
2613
2547
2645
2461
2654
2655
2799
2687
2767
2791
2835
2910
2929
2831
2897
2931
2959
2943
2935
3047
3127
2939
3065
3035
2949
3107
10000
2957
2641
2559
2333
2301
2077
1965
1938
1824
1648
1572
1387
1365
1392
1248
1175
1136
1032
960
1070
914
960
874
836
864
669
690
666
656
570
499
577
496
554
488
369
473
464
408
404
424
268
242
304
326
353
181
278
296
202
10000
184
384
560
773
762
930
1040
1263
1389
1443
1616
1643
1714
1839
1982
2063
1924
2114
2213
2350
2227
2366
2439
2387
2512
2643
2655
2559
2605
2631
2673
2771
2750
2839
2768
2800
2871
2799
2773
3007
2911
2967
2821
2986
2919
2943
2879
2960
3007
3071
10000
2935
2703
2559
2441
2259
2175
1955
1849
1823
1669
1728
1591
1430
1366
1266
1216
1194
1100
1019
922
896
844
944
802
720
700
608
704
692
640
496
432
453
496
474
454
419
440
368
368
320
352
384
274
258
260
325
336
299
224
10000
304
548
581
733
910
966
1097
1264
1408
1451
1572
1617
1751
1819
1938
1982
1999
2196
2247
2289
2238
2318
2322
2455
2430
2516
2519
2639
2607
2767
2727
2667
2704
2781
2781
2847
2910
2901
2911
2897
2943
2943
2878
2983
3007
3031
3011
3059
3027
3023
10000
3013
2755
2486
2445
2222
2106
2010
1980
1733
1611
1535
1392
1466
1383
1226
1232
1221
1078
989
1002
1017
842
780
873
802
720
759
628
620
554
584
601
470
432
496
404
420
392
261
392
418
332
384
416
315
276
226
256
306
218
10000
152
320
581
614
802
898
1148
1220
1304
1420
1521
1638
1825
1774
2007
1963
2106
2101
2117
2101
2353
2435
2352
2481
2480
2591
2547
2614
2615
2695
2559
2669
2783
2801
2751
2800
2862
2895
2855
2806
2895
2877
3071
3045
2943
2923
2927
3027
2935
3043
10000
2853
2683
2623
2386
2302
2047
1989
1852
1841
1706
1689
1535
1453
1298
1267
1198
1181
1048
1069
916
888
856
828
801
848
737
680
632
562
551
537
568
496
472
404
498
472
420
428
390
394
353
336
328
304
329
280
213
256
341
10000
128
424
573
740
836
915
1152
1216
1321
1401
1556
1714
1703
1808
1842
1941
2011
2110
2243
2207
2341
2231
2517
2434
2603
2479
2533
2495
2662
2703
2659
2815
2743
2751
2791
2831
2870
2935
2907
2943
2883
2939
2981
2951
2939
2982
3043
3095
2883
3039
10000
2930
2739
2559
2463
2391
2129
2045
1935
1783
1697
1588
1505
1376
1229
1225
1088
1135
999
1043
944
992
880
864
852
752
756
784
752
695
584
610
626
568
576
469
490
506
384
376
365
392
378
336
310
260
275
305
337
224
258
10000
208
298
508
667
880
900
992
1206
1344
1488
1531
1605
1718
1835
1910
1914
2113
2099
2143
2317
2345
2387
2395
2503
2538
2528
2637
2639
2765
2608
2723
2711
2768
2687
2783
2822
2923
2785
2791
2961
2805
2879
2947
3117
3003
3031
2955
3095
2879
2973
10000
2950
2739
2559
2397
2241
2190
1999
1828
1797
1671
1623
1535
1435
1328
1278
1227
1157
1093
1104
944
912
864
782
733
768
672
700
697
611
594
633
584
564
485
539
394
464
433
402
384
364
288
275
280
272
326
288
316
200
244
10000
80
393
500
656
824
912
1084
1157
1321
1443
1510
1666
1760
1912
1885
2002
2130
1993
2151
2165
2263
