2267
2396
2543
2377
2623
2559
2607
2687
2701
2695
2716
2707
2695
2773
2847
2847
2811
3024
2671
2815
2935
2971
2915
3035
3019
3029
2927
3013
3091
10000
2973
2835
2645
2445
2263
2111
1971
1907
1764
1686
1632
1488
1479
1390
1235
1100
1081
1084
1094
1008
906
850
848
816
720
748
732
593
724
672
627
528
604
480
500
544
456
406
353
430
353
372
336
325
356
272
336
170
297
204
10000
144
369
526
708
800
851
1057
1168
1357
1454
1568
1643
1762
1812
1898
2011
1951
2197
2207
2224
2320
2374
2365
2401
2415
2667
2559
2635
2640
2687
2711
2747
2751
2751
2801
2807
2797
2791
2839
2821
2959
2926
2943
2949
3027
2887
2879
2933
3071
2991
10000
2875
2626
2559
2459
2207
2238
2000
1906
1767
1679
1622
1417
1458
1296
1216
1104
1113
1107
1001
978
880
908
880
836
656
688
771
585
610
582
550
544
464
576
466
492
452
440
304
418
352
422
333
292
308
368
184
358
200
272
10000
314
484
592
680
832
940
1129
1163
1346
1474
1409
1563
1812
1798
1885
2079
1997
2076
2282
2262
2407
2437
2463
2463
2537
2527
2631
2685
2543
2634
2659
2832
2687
2737
2839
2859
2862
2875
2990
2935
2935
2833
3024
3047
2935
2960
3011
3023
3029
3025
10000
2911
2719
2531
2416
2203
2187
2003
1901
1821
1655
1581
1535
1374
1327
1327
1163
1090
1088
928
980
912
880
740
790
832
820
746
661
740
618
584
676
537
524
480
502
432
400
400
330
418
304
384
400
320
288
240
260
244
192
10000
226
492
626
697
800
888
1127
1232
1382
1501
1535
1661
1777
1867
1857
2018
2000
2171
2197
2334
2311
2361
2361
2434
2454
2473
2531
2587
2559
2655
2718
2733
2751
2837
2703
2864
2831
2895
2915
2783
2960
2807
2869
2899
3023
3021
2975
3067
3063
3151
10000
3007
2703
2646
2453
2323
2165
1965
1887
1680
1726
1625
1507
1396
1381
1186
1184
1152
1015
1064
958
952
816
816
768
720
708
684
650
556
586
585
615
492
600
506
470
470
352
452
368
300
442
312
374
368
306
348
304
299
362
10000
172
308
576
714
858
960
1153
1218
1298
1478
1557
1632
1757
1938
1863
1967
2149
2175
2142
2193
2298
2287
2377
2385
2711
2465
2522
2559
2655
2647
2711
2815
2801
2773
2863
2798
2895
2855
2943
2832
3011
2896
3007
2991
2933
3035
3099
2911
2979
2999
10000
2823
2623
2523
2405
2221
2147
1915
1837
1808
1717
1472
1473
1532
1244
1292
1187
1136
1104
995
992
880
926
800
737
768
824
704
626
680
592
548
528
608
532
546
496
449
480
386
300
352
328
418
256
346
259
344
240
305
273
10000
210
386
534
676
962
852
1009
1204
1360
1463
1580
1688
1718
1778
1953
2000
2109
2159
2158
2256
2375
2263
2416
2527
2487
2483
2505
2535
2491
2651
2622
2711
2800
2831
2795
2759
2839
2764
2864
2871
2859
2959
2957
2991
3015
2951
2919
3131
2879
3091
10000
2887
2783
2559
2384
2274
2093
2071
1925
1730
1712
1612
1431
1405
1344
1275
1204
1090
1090
1017
931
884
874
832
725
800
720
792
634
626
576
576
624
592
480
496
388
409
378
404
371
288
281
377
304
304
308
332
262
339
236
10000
224
357
577
710
824
928
1075
1232
1227
1411
1450
1667
1790
1874
2015
2030
1983
2096
2229
2325
2299
2330
2403
2431
2449
2519
2547
2559
2615
2640
2719
2704
2789
2879
2831
2832
2823
2903
2934
2915
2879
2951
2935
2923
3015
2983
2999
3091
2943
3071
10000
2895
2739
2539
2379
2175
2183
1979
1847
1737
1654
1522
1349
1405
1306
1216
1296
1149
1072
960
980
918
872
890
870
728
744
733
676
626
608
580
598
544
550
452
540
525
336
388
322
356
432
364
308
354
304
240
304
213
240
10000
182
376
582
589
771
865
1088
1204
1296
1473
1584
1664
1744
1861
1891
1959
2140
2258
2204
2261
2389
2354
2514
2463
2407
2471
2498
2615
2559
2671
2651
2767
2691
2807
2827
2797
2869
2823
2801
2930
2903
2839
2943
3019
3071
3025
2911
3015
3071
2961
10000
2907
2651
2588
2403
2416
2147
1914
1918
1819
1686
1639
1434
1393
1259
1398
1200
1200
1008
1017
1038
921
880
846
768
715
582
656
656
646
564
621
608
576
482
563
432
448
490
365
426
320
392
400
288
362
298
261
260
289
352
10000
224
384
560
694
826
949
1155
1201
1348
1437
1690
1611
1725
1712
1904
1993
2115
2133
2263
2287
2353
2386
2390
2416
2511
2551
2543
2621
2654
2685
2825
2531
2733
2815
2755
2871
2749
2869
2864
2923
2959
2991
2911
2991
2975
2994
2991
3035
2987
3031
10000
2983
2719
2625
2444
2239
2087
1986
1943
1709
1683
1666
1460
1434
1258
1237
1099
1091
1109
1033
978
897
947
928
860
780
780
752
618
602
644
604
644
592
518
544
497
432
440
368
392
379
336
400
368
256
277
288
225
304
304
10000
100
384
608
689
832
934
1009
1136
1366
1290
1590
1555
1744
1866
1984
1901
2023
2113
2241
2183
2315
2357
2443
2448
2495
2419
2559
2527
2671
2662
2675
2704
2807
2767
2919
2799
2715
2887
2943
2919
2853
2911
2891
2967
2854
3043
2915
3011
3142
2941
10000
2879
2815
2594
2447
2302
2083
1998
1985
1723
1680
1616
1457
1424
1387
1265
1192
1104
1149
981
1008
985
950
748
788
816
664
684
668
660
666
490
576
564
468
426
358
434
402
441
372
449
344
240
290
314
288
340
376
336
304
10000
320
448
464
720
836
1052
1113
1209
1462
1422
1519
1710
1775
1799
1903
2083
2107
2087
2122
2303
2259
2298
2435
2523
2497
2495
2507
2497
2643
2725
2653
2789
2738
2847
2833
2815
2891
2846
2919
2991
2903
3011
2829
2963
2907
3023
2991
2931
3051
3055
10000
2943
2683
2698
2481
2282
2115
1991
1903
1842
1691
1629
1507
1389
1326
1253
1202
1052
1002
1117
976
896
960
834
786
761
741
672
618
610
610
560
602
545
592
528
448
497
336
464
464
373
300
360
304
289
353
300
304
192
245
10000
197
384
624
713
900
896
992
1198
1297
1421
1439
1701
1779
1870
1941
2095
2097
2172
2160
2323
2351
2383
2415
2459
2480
2511
2559
2619
2650
2670
2749
2670
2751
2855
2763
2791
2803
2855
2783
2885
2928
2931
3023
2927
2955
2959
3067
2999
3014
3007
10000
2835
2749
2691
2485
2327
2075
2019
1923
1820
1584
1514
1386
1474
1378
1193
1216
1107
1133
1040
929
912
942
816
714
788
794
685
640
668
552
640
545
454
522
448
496
448
400
448
456
357
374
400
292
320
337
304
308
362
193
10000
330
532
576
672
866
898
832
1141
1392
1456
1616
1670
1649
1712
1883
2037
2060
2069
2230
2177
2271
2292
2271
2429
2531
2515
2613
2643
2559
2719
2679
2661
2683
2899
2810
2835
2855
2827
2815
2955
2867
3003
2928
3007
2943
3011
3047
3011
3019
3027
10000
2813
2723
2559
2467
2223
2128
1974
1923
1787
1665
1639
1488
1371
1408
1314
1280
1088
1104
1088
1008
972
983
896
713
816
720
758
708
691
698
656
584
496
518
576
532
406
386
360
400
304
417
246
346
364
378
240
272
256
292
10000
220
438
498
623
876
933
1061
1193
1372
1451
1475
1725
1790
1840
1916
1986
2011
2117
2246
2346
2224
2359
2369
2403
2507
2491
2639
2559
2647
2823
2559
2686
2767
2907
2799
2867
2787
2800
2895
2843
2997
2839
2858
3027
2955
2862
3022
3071
3031
3223
10000
2957
2703
2631
2447
2303
2209
2118
1876
1797
1669
1691
1535
1392
1386
1250
1190
1063
1138
976
898
833
845
753
864
720
656
688
730
592
608
616
564
555
480
496
504
443
388
428
364
404
336
328
384
336
248
328
336
264
268
10000
268
368
546
634
722
912
1078
1170
1280
1497
1616
1571
1823
1836
1827
1941
2097
2097
2163
2178
2333
2244
2374
2434
2559
2535
2544
2622
2695
2605
2767
2711
2779
2865
2851
2899
2915
2896
2831
2974
3005
2949
2934
3067
2943
2896
2939
3024
3051
2993
10000
2925
2769
2463
2365
2237
2125
2046
1907
1734
1611
1502
1479
1296
1350
1228
1322
1148
1032
992
906
981
866
890
832
976
819
832
749
677
562
640
560
550
524
582
537
420
324
352
432
384
336
326
336
352
256
208
297
288
273
10000
224
406
640
610
762
896
1084
1280
1291
1448
1593
1667
1687
1909
1883
1907
2117
2211
2195
2303
2318
2287
2431
2389
2477
2605
2614
2527
2631
2655
2701
2631
2719
2731
2727
2743
2767
2827
2851
2960
2965
2975
2897
2883
3039
3121
3039
2986
3024
3130
10000
2987
2783
2506
2479
2235
2133
2103
1951
1824
1744
1616
1535
1412
1376
1284
1184
1104
1041
1028
926
942
881
880
848
720
718
644
673
583
553
624
560
448
576
576
492
422
384
448
244
384
308
324
328
282
290
332
417
236
178
10000
192
384
608
736
782
986
1064
1238
1311
1394
1558
1650
1755
1777
1849
1997
2010
2095
2189
2175
2333
2462
2406
2480
2445
2555
2670
2637
2743
2723
2695
2814
2687
2763
2831
2875
2835
2895
2807
2955
2879
2943
2939
2899
2918
2995
2895
3071
3061
3067
10000
2934
2782
2461
2353
2249
2155
2067
1870
1783
1680
1579
1584
1488
1360
1166
1091
1112
1072
1120
948
842
886
892
728
808
768
852
733
620
483
585
508
528
592
426
576
432
460
492
358
336
336
314
325
362
304
342
197
201
180
10000
192
326
473
662
779
951
1070
1174
1306
1441
1516
1632
1707
1750
2003
1979
2077
2141
2215
2262
2320
2461
2311
2431
2481
2471
2518
2658
2635
2623
2623
2751
2795
2771
2782
2747
2915
2855
2939
2807
2875
3007
2925
2911
2955
2907
3003
2967
2998
3127
10000
2887
2729
2477
2491
2319
2204
2086
1951
1823
1635
1555
1587
1452
1325
1312
1123
1261
1072
834
990
874
835
822
753
692
690
610
730
569
510
658
532
466
456
498
538
472
416
404
372
389
362
272
386
272
306
256
296
256
224
10000
242
340
520
688
758
912
1082
1266
1331
1409
1558
1689
1725
1817
1865
2045
2061
2043
2097
2319
2276
2333
2384
2439
2543
2470
2559
2615
2672
2663
2734
2639
2801
2704
2751
2919
2768
3069
2894
2935
2799
3007
2941
2975
3013
2983
3019
3099
2971
3013
10000
2894
2679
2463
2353
2205
2097
1968
1841
1706
1623
1588
1493
1418
1378
1216
1180
1174
1072
1088
940
842
914
890
879
784
768
801
672
682
656
626
572
488
451
522
416
433
470
368
428
416
218
348
216
282
280
306
164
234
340
10000
212
416
528
724
886
908
1008
1185
1268
1381
1421
1674
1730
1852
1978
2000
2064
2114
2195
2238
2275
2311
2439
2439
2511
2529
2547
2627
2622
2608
2559
2640
2775
2769
2807
2779
2791
2823
2831
2831
2963
3014
3023
2929
2983
3027
2943
3011
2998
3011
10000
2931
2767
2544
2413
2295
2165
2031
1887
1814
1776
1584
1442
1454
1296
1286
1225
1130
1122
1008
926
896
864
804
753
713
676
688
662
640
618
576
608
541
400
477
450
396
416
433
424
356
450
304
408
329
182
304
321
348
256
10000
153
424
545
736
822
804
1118
1158
1393
1570
1515
1563
1707
1808
2019
2014
1983
2083
2146
2245
2307
2402
2352
2461
2515
2519
2608
2655
2667
2747
2706
2831
2739
2765
2823
2815
2819
2909
2941
2906
2855
2930
2951
2997
3013
3039
3026
2938
2981
2997
10000
3027
2631
2512
2357
2143
2091
1950
1825
1789
1696
1571
1524
1418
1332
1262
1181
1076
1134
1034
968
920
884
846
848
786
784
810
708
652
640
624
553
608
600
560
443
408
464
416
291
256
369
347
352
304
340
276
246
336
232
10000
176
361
494
725
856
1008
1104
1220
1366
1483
1530
1693
1679
1875
1978
2086
2063
2077
2230
2247
2320
2283
2309
2539
2475
2559
2519
2597
2707
2543
2710
2719
2831
2741
2755
2863
2783
2867
2832
2960
2902
2919
2855
2899
2951
2999
3023
3003
3043
3047
10000
2861
2815
2635
2357
2306
2174
2007
1924
1789
1648
1648
1433
1361
1319
1356
1152
992
1008
946
887
896
866
882
754
674
720
568
612
659
688
501
524
501
504
426
456
393
496
310
322
320
324
336
298
292
306
315
320
172
304
10000
256
422
547
730
793
1046
1084
1226
1409
1584
1522
1648
1855
1904
1943
2091
2001
2110
2347
2285
2401
2525
2493
2549
2533
2647
2559
2639
2735
2787
2657
2811
2783
2831
2815
3123
2875
2891
2967
3007
3043
3045
3015
2983
3003
3111
3059
3035
3019
3071
10000
2998
2727
2610
2390
2226
2130
1936
1950
1744
1610
1520
1438
1360
1312
1164
1115
1069
1073
976
914
917
801
722
827
698
576
593
640
640
546
525
560
460
464
336
396
441
393
417
346
368
144
171
348
352
280
208
224
256
244
10000
196
420
580
722
809
929
1104
1203
1288
1568
1514
1664
1923
1808
1893
2087
2074
2239
2273
2443
2385
2459
2495
2350
2608
2603
2545
2619
2681
2807
2674
2779
2827
2810
2732
2866
2831
2967
2799
2929
2893
2898
3035
2983
2847
3023
2931
3071
3019
3111
10000
2895
2755
2535
2364
2247
2130
2015
1755
1706
1691
1485
1392
1354
1264
1211
1246
1088
884
938
912
914
816
792
784
784
705
679
550
600
598
614
496
556
472
464
418
384
310
337
304
256
368
322
205
210
304
195
266
280
304
10000
272
384
457
792
880
957
1170
1266
1370
1424
1601
1729
1825
1889
1904
2047
2080
2202
2366
2315
2395
2451
2423
2601
2527
2607
2615
2695
2755
2543
2775
2667
2909
2815
2797
2911
2897
2847
3011
3053
2943
3119
2887
2957
3071
3015
3031
3051
3029
3015
10000
2851
2687
2535
2435
2287
2118
1962
1926
1805
1620
1514
1437
1376
1329
1132
1140
1216
976
929
892
914
784
796
776
691
697
632
720
594
558
524
553
451
481
392
393
336
396
340
418
362
432
274
336
256
281
240
234
268
216
10000
128
396
604
709
840
928
1152
1121
1353
1453
1530
1659
1829
1918
1987
1967
2178
2175
2211
2278
2477
2367
2542
2510
2479
2671
2505
2659
2715
2765
2737
2751
2783
2789
2827
2787
2755
2891
2950
2971
2899
2865
2990
2871
2933
3055
2983
2993
3058
3103
10000
2943
2719
2663
2451
2279
2127
1946
1933
1695
1693
1601
1488
1361
1257
1171
1200
1038
976
947
988
1033
897
785
682
618
777
626
634
640
560
548
476
470
450
440
392
374
329
308
320
272
392
300
294
305
296
352
310
256
224
10000
172
288
488
747
853
909
1104
1184
1380
1521
1627
1673
1776
1850
1979
2042
2041
2241
2281
2261
2352
2427
2371
2539
2610
2623
2709
2707
2705
2711
2733
2751
2919
2939
2829
2931
2891
3047
2855
2887
2947
2822
2991
3023
2989
2975
3063
2994
3057
3121
10000
2855
2763
2559
2427
2221
1991
1924
1791
1705
1650
1470
1422
1360
1280
1171
1155
1104
1074
944
848
840
897
850
704
680
672
665
704
585
509
476
572
448
553
428
400
338
552
320
243
320
340
285
292
290
316
197
256
148
261
10000
208
368
536
724
809
958
1104
1166
1275
1493
1527
1749
1766
1971
1983
2151
2139
2194
2192
2238
2285
2313
2451
2487
2545
2695
2691
2663
2701
2751
2718
2787
2787
2785
2702
2929
2823
2961
2903
2883
2997
2943
3058
2915
2887
2943
3063
3003
3061
3039
10000
2943
2710
2591
2406
2224
2077
1973
1839
1701
1633
1589
1346
1389
1250
1184
1168
1028
1079
993
900
832
822
780
700
716
708
592
656
576
584
592
516
552
496
378
356
394
272
432
432
404
277
340
304
272
208
245
192
194
192
10000
242
420
528
692
849
951
1165
1245
1296
1517
1643
1666
1856
1923
1959
2114
2151
2202
2225
2278
2347
2463
2355
2430
2483
2559
2672
2659
2758
2755
2723
2783
2827
2855
2869
2815
2801
2993
2903
2995
3027
2981
2967
2999
2947
3015
3115
3035
3055
3167
10000
2922
2787
2507
2495
2235
2147
1997
1861
1744
1715
1469
1373
1486
1200
1264
1104
1033
1002
944
907
900
752
758
628
786
752
584
739
604
581
544
466
504
449
337
452
360
356
361
305
266
224
330
261
256
192
282
200
192
208
10000
184
410
565
682
794
939
1046
1315
1271
1413
1491
1655
1926
1919
1949
2020
2239
2186
2143
2286
2351
2385
2510
2507
2608
2555
2559
2705
2675
2655
2717
2671
2759
2799
2803
2815
2847
2864
2769
3023
3035
2931
2891
2943
3042
2915
2943
3015
3059
3027
10000
2959
2759
2475
2351
2193
2123
1927
1857
1727
1599
1520
1388
1377
1392
1218
1092
1088
1033
976
880
858
834
927
789
660
612
746
608
522
448
470
428
496
342
425
450
400
384
432
276
320
368
304
288
272
336
325
322
226
240
10000
146
325
596
762
837
906
1082
1166
1566
1598
1642
1709
1890
1846
2083
2041
2106
2176
2257
2331
2467
2515
2370
2583
2547
2559
2559
2706
2667
2747
2736
2859
2897
2859
2899
2855
2963
2966
2995
2861
3047
2943
3007
2975
3023
3091
3031
2962
3071
3051
10000
2935
2623
2721
2367
2256
2031
1894
1744
1788
1629
1610
1410
1360
1210
1188
1198
1146
1040
898
912
928
796
816
708
633
736
650
656
598
566
562
542
475
545
396
449
425
416
408
297
336
304
260
296
280
244
176
232
314
256
10000
128
544
458
692
874
1075
1104
1261
1457
1445
1622
1668
1937
1930
1985
2035
2039
2095
2295
2271
2367
2445
2479
2544
2709
2647
2675
2749
2759
2672
2835
2726
2864
2737
2903
2800
2929
2853
2863
2927
2839
2918
3095
3037
3071
2967
3023
3071
3157
3007
10000
2854
2736
2607
2509
2221
2162
1997
1834
1793
1570
1462
1395
1303
1265
1216
1165
963
1037
944
874
848
768
816
878
610
756
700
552
560
594
470
562
494
467
482
358
449
408
322
291
366
336
268
280
214
282
282
260
272
272
10000
272
362
603
669
822
1008
1136
1236
1322
1441
1615
1719
1815
1930
2057
2027
2162
2199
2292
2323
2425
2438
2459
2513
2501
2550
2593
2654
2719
2663
2683
2763
2751
2827
2775
2851
2859
2839
2919
2931
2935
3071
3067
2947
3026
3099
2975
2991
3019
3021
10000
2987
2715
2543
2423
2142
2077
1947
1872
1715
1667
1454
1447
1384
1264
1168
1211
1088
1020
1007
872
821
817
781
656
606
642
643
524
552
533
528
517
540
480
496
368
465
441
384
282
288
384
212
244
224
338
290
208
234
244
10000
156
372
592
806
788
1016
1104
1173
1456
1484
1667
1643
1840
1861
2060
2171
2099
2246
2199
2350
2398
2413
2479
2551
2602
2627
2595
2662
2635
2706
2742
2754
2815
2799
2736
2892
2910
2751
2975
2907
3019
2855
2967
2957
2951
2861
3056
2990
2939
3047
10000
2887
2765
2495
2369
2229
2090
1985
1791
1699
1554
1632
1424
1331
1216
1245
1146
1136
976
938
952
855
802
846
758
732
620
700
560
608
555
561
560
602
444
370
444
337
373
353
304
288
214
309
320
260
272
216
256
256
148
10000
176
352
554
632
933
980
1104
1218
1458
1481
1463
1749
1846
1852
1891
2068
2159
2241
2166
2256
2315
2447
2535
2445
2614
2549
2663
2627
2691
2559
2710
2761
2675
2703
2821
2783
2953
2918
2853
2959
3045
2893
2893
3055
2975
2911
3055
3027
2981
2949
10000
2867
2731
2509
2319
2191
2122
1836
1713
1742
1600
1488
1449
1344
1201
1200
1135
1090
985
955
872
878
776
800
862
756
770
648
613
518
443
500
528
464
466
416
394
416
332
336
280
320
274
264
240
224
218
258
248
210
240
10000
144
468
544
781
832
991
1180
1244
1323
1523
1493
1593
1762
1902
2037
2042
2060
2175
2161
2355
2315
2420
2479
2514
2527
2599
2703
2637
2647
2623
2757
2747
2676
2801
2887
2830
2895
2899
2943
2878
2959
2903
2909
2855
3055
2927
2963
2943
2963
3151
10000
2989
2719
2559
2439
2288
2137
1999
1823
1754
1699
1558
1424
1351
1312
1161
1117
1048
984
947
816
784
744
814
848
640
652
592
568
640
500
592
480
384
464
490
441
370
464
384
328
272
256
276
273
232
296
276
184
240
185
10000
208
376
465
708
904
1002
1154
1186
1442
1509
1684
1734
1859
2047
1936
2023
2047
2254
2195
2338
2495
2389
2445
2559
2513
2597
2651
2759
2631
2589
2727
2767
2779
2807
2767
2915
2877
2847
2950
3039
2925
2911
3019
3039
3031
3055
3051
3167
3119
3069
10000
2971
2727
2544
2396
2183
2105
1891
1915
1658
1508
1507
1481
1361
1296
1291
1081
1072
1044
981
978
836
890
694
704
764
708
688
328
612
632
624
538
537
526
474
384
448
362
332
426
272
274
196
197
372
272
264
308
216
208
10000
165
320
596
728
832
985
1056
1291
1340
1498
1584
1600
1803
1864
2006
2042
2105
2237
2318
2283
2321
2487
2486
2589
2483
2531
2630
2767
2641
2771
2671
2726
2883
2858
2927
2919
2767
2902
2926
2983
2975
3055
2979
2911
3095
2958
3071
3091
3123
3095
10000
2947
2731
2559
2442
2175
2087
2043
1845
1647
1648
1535
1464
1263
1294
1354
1136
1104
1058
964
942
808
880
742
834
777
640
656
588
540
529
500
448
496
496
432
426
320
360
376
361
282
256
336
208
272
336
146
234
196
260
10000
240
384
532
834
948
1027
1112
1178
1472
1530
1617
1631
1811
1873
1991
2129
2117
2119
2277
2369
2361
2480
2427
2541
2599
2518
2551
2670
2751
2827
2742
2831
2807
2791
2805
2827
2951
2931
2846
2947
2981
3071
2899
3036
3015
2951
2999
3091
3115
3091
10000
2961
2783
2641
2334
2205
2083
1968
1731
1676
1694
1568
1529
1319
1314
1265
1201
1074
1000
930
880
928
820
805
786
717
658
710
604
601
554
570
480
432
468
410
500
478
269
388
373
288
298
330
288
234
242
272
298
160
104
10000
117
362
616
700
853
944
1168
1254
1362
1494
1493
1790
1846
1878
1936
2069
2128
2199
2259
2359
2462
2421
2469
2583
2503
2637
2687
2671
2670
2619
2797
2763
2846
2787
2871
2810
2831
2911
2847
2917
2979
2961
2991
2975
3015
3031
3035
3021
3095
3031
10000
2895
2767
2559
2353
2238
2169
2001
1841
1702
1632
1570
1553
1392
1275
1189
1178
1040
960
976
976
868
808
858
714
696
592
640
548
560
562
561
521
576
488
372
352
416
396
408
388
312
345
224
272
288
224
312
212
297
268
10000
288
272
560
633
773
994
1027
1245
1344
1457
1615
1750
1833
1910
1943
2103
2187
2256
2305
2363
2374
2359
2469
2519
2623
2672
2545
2723
2597
2771
2695
2799
2935
2751
2859
2923
2839
2832
2987
2866
2949
3012
2933
2911
3015
2979
2974
3091
3029
3071
10000
2887
2723
2497
2322
2271
1989
1950
1833
1734
1678
1505
1458
1420
1318
1178
1216
1041
964
914
848
933
848
768
688
750
592
736
560
578
517
461
481
540
532
441
436
352
448
353
352
416
362
348
292
260
174
240
290
301
128
10000
178
448
546
712
834
1084
1043
1251
1436
1520
1559
1714
1886
1905
1951
2193
2128
2286
2251
2369
2386
2407
2395
2583
2669
2643
2659
2642
2698
2782
2699
2763
2819
2775
2927
2999
2863
2873
2985
2859
3027
2981
2897
2928
3059
3089
2957
2989
2975
3099
10000
3031
2814
2499
2498
2141
2073
1988
1891
1647
1709
1648
1453
1398
1221
1190
992
1081
1178
877
1000
886
811
721
809
752
560
588
646
546
608
426
649
420
465
434
404
624
457
472
276
316
264
256
294
304
192
184
240
176
208
10000
236
362
528
641
768
1008
1207
1440
1460
1488
1655
1658
1838
1857
1942
2113
2144
2346
2170
2431
2358
2423
2559
2471
2599
2586
2683
2719
2795
2755
2815
2895
2907
2837
2983
2801
2962
2895
2869
2933
3026
3071
3023
2893
3025
2995
3055
2963
3119
3183
10000
2883
2775
2655
2387
2277
2103
2032
1823
1773
1723
1655
1417
1317
1264
1159
1194
1046
1005
896
960
849
801
770
752
719
796
757
721
584
534
502
384
548
496
442
433
468
322
320
304
288
304
328
384
332
278
368
202
171
232
10000
188
370
563
704
776
1013
1147
1280
1402
1557
1555
1811
1763
1970
1967
2085
2195
2262
2195
2295
2422
2427
2398
2501
2559
2544
2655
2754
2608
2807
2739
2795
2791
2889
2900
2951
2805
2895
2807
2832
2919
3027
3014
2959
2994
2929
3215
3247
3047
3071
10000
2907
2802
2439
2453
2207
2087
1883
1868
1715
1615
1600
1525
1433
1233
1193
1056
1081
1029
999
816
928
795
720
797
685
652
724
640
656
556
616
560
521
516
465
341
368
437
344
328
360
336
244
306
234
242
292
256
256
264
10000
266
448
448
784
880
1009
1056
1324
1330
1457
1679
1766
1845
1826
2086
2002
2160
2160
2406
2301
2366
2446
2531
2527
2544
2626
2662
2647
2787
2645
2719
2747
2759
2803
2851
2807
2929
2878
2967
3011
3031
3070
3121
2975
3071
3003
3003
3151
3061
3142
10000
2951
2835
2526
2421
2320
2158
2006
1869
1761
1680
1513
1431
1364
1298
1301
1200
995
1074
908
920
934
714
833
784
672
701
728
589
640
598
528
529
536
493
442
452
400
386
398
322
352
245
352
370
269
244
256
256
208
218
10000
216
425
564
720
856
992
1098
1232
1320
1569
1577
1650
1863
1906
2010
2039
2131
2239
2283
2291
2390
2512
2499
2481
2559
2509
2687
2629
2679
2769
2787
2801
2928
2815
2837
2863
2979
2915
2951
3035
2975
2981
2865
3115
2991
3055
2935
3091
3151
3119
10000
2963
2703
2591
2453
2266
2175
1955
1793
1742
1630
1520
1457
1346
1268
1152
1186
1134
942
931
938
832
890
737
698
722
740
680
602
602
562
588
564
594
385
449
276
376
328
352
368
368
368
304
298
304
240
276
193
266
296
10000
298
400
632
772
890
1040
1068
1208
1421
1503
1617
1726
1869
1941
2107
2063
2133
2219
2299
2303
2395
2389
2457
2527
2636
2551
2626
2736
2775
2762
2831
2791
2800
2897
2801
2879
2991
2907
2845
2879
3071
3039
2999
2989
2995
3011
3093
2932
3135
3047
10000
2993
2723
2559
2317
2269
2096
1950
1876
1675
1666
1555
1488
1334
1264
1218
1038
1077
1056
1018
832
945
813
882
829
681
708
672
596
600
605
608
453
420
448
416
442
450
312
316
361
310
261
248
308
196
268
272
132
222
304
10000
248
370
562
641
832
952
1102
1224
1378
1449
1499
1744
1760
1831
1923
2099
2059
2190
2235
2318
2379
2352
2477
2478
2483
2635
2757
2631
2679
2663
2679
2783
2951
2963
2807
2859
2981
2943
2939
2875
2955
2951
2925
2987
3039
3021
3023
3117
2975
2995
10000
2934
2655
2606
2450
2343
2190
1973
1878
1691
1616
1499
1493
1400
1283
1154
1172
1157
968
1096
974
744
840
681
752
688
624
608
644
708
592
550
485
544
451
496
464
320
361
300
314
341
348
266
432
408
270
212
288
220
160
10000
170
352
584
644
928
997
1171
1222
1477
1378
1535
1616
1814
1891
1933
2095
2174
2160
2320
2393
2337
2415
2463
2697
2559
2505
2691
2687
2795
2727
2767
2827
2799
2743
2875
2919
2898
2971
3007
2865
2943
2979
2875
3071
2910
3095
2965
3007
3023
2999
10000
2891
2735
2441
2466
2256
2034
1961
1803
1738
1622
1604
1406
1348
1216
1181
1168
1058
972
1034
995
910
736
707
614
752
662
624
640
689
556
592
492
500
534
496
499
314
388
324
336
368
301
400
290
268
288
290
226
260
176
10000
172
434
553
709
794
997
1060
1253
1488
1372
1529
1661
1788
1893
1934
2062
2197
2173
2327
2320
2449
2431
2448
2519
2544
2551
2675
2649
2611
2679
2815
2719
2769
2763
2743
2885
2983
2947
2843
2925
2992
2987
2893
2959
2987
3055
3071
2995
3043
3089
10000
2867
2703
2555
2407
2273
2007
1937
1929
1770
1624
1506
1491
1424
1171
1200
1150
1180
1034
888
848
880
746
768
628
744
578
629
716
566
544
528
448
368
456
420
432
392
328
386
356
464
320
322
300
248
256
304
169
245
272
10000
108
258
464
651
801
945
1197
1282
1284
1422
1661
1648
1811
1899
1975
2085
2125
2209
2235
2385
2355
2415
2419
2537
2559
2512
2636
2691
2823
2723
2807
2839
2751
2847
2831
2903
2815
2879
3043
2883
2987
2959
2887
3071
3143
3107
3011
2960
3095
3095
10000
2987
2763
2512
2385
2261
2047
1962
1936
1777
1636
1615
1379
1430
1288
1253
1134
1090
1029
976
906
940
681
870
697
577
692
710
748
482
566
627
576
432
488
420
418
437
448
372
344
272
368
288
240
305
288
328
220
272
264
10000
176
402
560
684
864
948
1138
1257
1358
1456
1648
1715
1773
1949
1974
2019
2131
2189
2288
2386
2423
2305
2450
2531
2631
2511
2647
2637
2675
2731
2781
2768
2751
2757
2799
2815
2811
2863
2907
2899
2911
3029
3025
2971
2983
2927
2971
2928
3110
3019
10000
2879
2703
2519
2399
2255
2088
2039
1862
1712
1607
1616
1337
1373
1318
1186
1196
1104
965
1009
949
838
864
724
688
749
808
676
579
538
562
564
464
384
434
517
480
434
400
416
396
368
272
325
306
284
264
180
328
240
274
10000
324
440
517
788
828
914
1102
1344
1344
1458
1598
1654
1835
1887
1914
2047
2192
2243
2256
2406
2477
2451
2384
2447
2533
2659
2641
2659
2755
2823
2783
2887
2779
2919
2823
2830
2999
2939
2930
2960
2891
2995
2947
3031
2979
3094
2898
3027
3023
3215
10000
2907
2803
2559
2339
2263
2109
1908
1801
1786
1555
1568
1420
1280
1300
1015
1133
1088
992
1084
873
949
872
800
797
689
692
752
577
656
640
492
524
556
486
456
404
464
472
384
428
356
248
368
305
256
320
288
176
256
161
10000
136
464
556
706
880
976
1093
1264
1302
1501
1578
1810
1923
1821
2090
2085
2064
2202
2223
2320
2433
2379
2482
2587
2480
2639
2510
2529
2730
2695
2779
2759
2935
2850
2803
2775
2815
2830
2925
2943
2967
2911
2993
3015
3062
3167
3047
3143
3027
3153
10000
2897
2747
2539
2352
2192
2147
1858
1872
1827
1614
1493
1481
1333
1286
1203
1143
1077
914
954
776
896
865
832
724
772
724
644
605
596
528
518
514
556
560
386
409
432
417
272
320
276
388
244
298
256
176
268
320
314
256
10000
200
400
586
773
740
954
994
1296
1380
1513
1648
1758
1737
1883
1905
2130
2089
2150
2241
2335
2443
2515
2410
2443
2543
2534
2725
2619
2719
2771
2727
2751
2795
2895
2863
2911
2943
2879
2935
2883
3007
2927
2907
2879
2963
2991
2975
2991
2979
3026
10000
2853
2649
2455
2291
2224
2109
1931
1770
1747
1611
1456
1424
1266
1294
1166
1200
1073
1010
997
944
931
816
748
698
706
576
704
687
528
480
508
524
436
469
480
408
374
362
473
372
320
372
268
256
320
264
281
200
288
192
10000
170
373
610
608
768
976
1137
1155
1216
1465
1556
1775
1776
1809
1934
2021
2100
2290
2223
2353
2326
2471
2449
2640
2663
2627
2619
2729
2779
2711
2831
2795
2863
2983
2931
2871
2863
2879
2877
2926
3021
2943
3061
2991
2959
2983
3115
3055
3035
3069
10000
3026
2661
2589
2352
2224
2122
1938
1840
1725
1596
1495
1495
1320
1304
1179
1106
937
1064
921
956
857
806
694
853
720
624
628
560
544
566
529
537
504
392
474
505
320
432
384
356
352
321
332
282
248
256
256
320
304
216
10000
236
390
462
648
912
947
1120
1202
1322
1427
1574
1591
1767
1923
1970
2171
2039
2119
2190
2269
2315
2547
2491
2467
2523
2619
2559
2670
2699
2705
2871
2767
2795
2863
2767
2911
2903
2959
2911
2929
2955
3023
2939
3207
3123
2974
3091
3027
3071
3023
10000
2928
2737
2454
2407
2218
2098
1991
1910
1733
1594
1557
1457
1483
1200
1164
1121
1057
1057
944
896
902
842
788
700
677
689
656
619
610
569
544
475
500
488
377
400
376
432
394
400
352
397
352
288
320
288
272
224
246
264
10000
220
334
552
688
880
1026
1158
1264
1344
1509
1589
1767
1797
1872
1872
2190
2087
2151
2229
2313
2448
2517
2525
2559
2591
2613
2559
2701
2727
2683
2775
2815
2829
2899
2943
2939
2883
2935
3005
2943
2832
2907
3003
2961
3143
3024
3127
3039
3087
3051
10000
3015
2739
2527
2305
2175
2119
1963
2018
1702
1658
1485
1520
1333
1285
1236
1168
1084
976
1013
928
882
748
832
821
694
737
656
660
577
624
530
464
460
480
345
432
432
338
416
384
461
357
322
308
336
256
300
352
176
226
10000
304
332
474
757
842
973
1181
1186
1373
1457
1552
1717
1776
1885
2000
2119
2135
2239
2303
2303
2403
2450
2507
2443
2519
2507
2719
2651
2727
2683
2828
2821
2735
2961
2791
2858
2919
3133
2987
2960
3023
2875
2971
2943
3007
3014
3047
3043
2987
3047
10000
2971
2815
2615
2355
2271
2111
1922
1811
1794
1804
1566
1419
1457
1333
1239
1177
1030
1074
968
942
796
838
870
720
656
653
676
578
648
566
496
592
464
505
368
472
400
336
416
384
356
377
361
248
144
292
304
272
168
304
10000
184
402
592
777
892
1002
1165
1200
1408
1507
1525
1773
1744
1927
2058
2029
2175
2199
2222
2320
2373
2448
2467
2503
2559
2658
2663
2675
2669
2643
2723
2827
2821
2834
2815
2917
2887
2891
2889
3071
2951
2887
2962
2979
2967
2997
3027
3051
3095
2983
10000
2879
2877
2539
2395
2159
2110
2032
1939
1746
1671
1535
1483
1504
1320
1154
1208
1195
996
999
875
925
866
758
704
592
784
722
656
584
464
624
592
501
496
492
530
448
372
456
328
274
344
320
229
256
320
360
257
292
240
10000
186
437
483
793
912
966
1080
1249
1424
1479
1616
1671
1815
1905
1895
2151
2099
2191
2287
2315
2381
2416
2455
2479
2527
2548
2619
2683
2707
2747
2723
2703
2751
2819
2859
2898
2931
2951
2923
3055
2887
3061
2995
3011
3091
3030
3131
3089
3063
3121
10000
2950
2730
2615
2427
2186
2170
1989
1855
1754
1623
1557
1438
1469
1374
1296
1097
1040
1036
897
948
840
912
752
812
752
624
748
570
488
650
480
508
464
496
356
336
402
403
340
384
330
344
293
356
266
320
290
160
238
244
10000
272
332
576
800
812
1057
1117
1312
1467
1516
1579
1686
1758
1899
1959
2124
2174
2163
2236
2384
2375
2477
2506
2611
2631
2543
2595
2626
2677
2735
2751
2765
2730
2815
2829
2909
2815
2903
2881
2891
2927
2991
2993
2935
3095
2975
3031
3123
3262
3023
10000
2959
2801
2512
2512
2271
2154
2028
1949
1813
1669
1657
1555
1296
1356
1204
1195
1046
1044
982
992
860
896
784
824
653
658
660
668
644
550
537
528
416
528
510
545
320
352
372
336
352
408
358
270
344
224
324
240
235
288
10000
182
324
497
803
850
972
1068
1319
1394
1441
1506
1730
1757
1918
1936
2110
2192
2113
2095
2278
2323
2412
2539
2605
2632
2591
2602
2707
2727
2704
2798
2799
2899
2795
2865
2853
2867
3015
2929
2983
2955
2971
2919
2925
3111
2875
3043
3115
3123
3111
10000
2863
2647
2551
2327
2306
1938
2058
1882
1744
1684
1600
1445
1393
1280
1264
1065
1105
1070
862
893
816
813
864
784
770
592
690
720
496
505
565
556
488
476
500
428
320
450
362
352
306
276
326
80
288
290
240
296
186
160
10000
160
368
560
818
809
1022
1092
1244
1392
1392
1644
1535
1789
1927
2192
2107
2185
2282
2314
2195
2399
2438
2519
2605
2544
2731
2611
2663
2719
2659
2711
2797
2703
2771
2815
2879
2838
2871
2960
2919
3055
3007
2979
2919
2891
3047
3093
3099
3117
3131
10000
2975
2718
2515
2288
2224
2148
1981
1904
1794
1614
1641
1498
1429
1200
1168
1106
1058
1073
981
912
848
841
838
760
626
688
691
520
600
486
556
492
453
496
485
408
400
457
410
416
298
240
313
274
272
176
240
128
276
288
10000
208
400
578
784
768
1029
1181
1262
1344
1482
1522
1680
1834
1911
2078
2069
2091
2139
2271
2256
2419
2439
2416
2535
2527
2672
2625
2735
2672
2687
2838
2849
2751
2827
2879
2923
2851
2995
2887
2855
2951
2855
3101
2993
3022
2927
3047
2947
3094
3179
10000
2813
2697
2607
2371
2320
2107
1938
1915
1810
1679
1446
1419
1361
1277
1232
1091
1102
1006
948
924
726
880
832
712
710
693
681
526
596
584
538
539
496
474
528
356
403
340
378
256
274
264
296
232
336
272
288
242
204
240
10000
240
386
624
688
842
1072
1206
1221
1367
1585
1709
1701
1727
1968
1968
2030
2129
2194
2329
2231
2283
2410
2507
2597
2557
2587
2595
2655
2679
2835
2847
2815
2875
2731
2739
2896
2847
2891
2991
2983
2993
3095
3103
3007
2927
3027
2987
3119
3071
3093
10000
2959
2723
2512
2363
2287
2007
1900
1817
1697
1632
1465
1456
1438
1321
1220
1211
1153
989
935
880
960
796
848
689
548
720
688
686
601
564
585
499
454
546
354
392
425
362
304
293
258
304
312
256
352
240
260
160
188
192
10000
233
336
576
644
817
1020
1133
1296
1306
1391
1635
1639
1827
1925
1973
1982
2129
2295
2234
2463
2303
2399
2481
2527
2499
2623
2631
2733
2658
2775
2663
2799
2837
2803
2823
2843
2871
2887
2979
2830
2983
2987
2943
2994
2973
3007
3187
3120
3039
3135
10000
2895
2800
2495
2429
2192
2083
1951
1879
1712
1585
1561
1387
1350
1383
1242
1104
1100
1020
988
840
880
781
842
752
816
709
640
584
592
601
496
569
490
528
480
370
360
320
354
362
336
224
162
384
336
320
154
300
132
224
10000
200
442
636
672
704
941
1008
1139
1378
1449
1467
1680
1761
1893
2023
2255
2135
2175
2303
2384
2402
2495
2431
2499
2622
2557
2669
2615
2684
2775
2763
2735
2685
2703
2899
2935
2963
2929
2883
2907
2921
2975
2857
3071
3151
2987
3059
3055
3119
3031
10000
2925
2751
2559
2367
2231
2147
1936
1949
1744
1683
1594
1472
1370
1305
1152
1207
1128
918
937
866
836
890
800
672
728
672
580
624
496
576
464
576
486
474
480
490
299
288
372
346
273
336
368
256
296
218
240
196
186
241
10000
176
452
544
688
910
1044
1140
1315
1332
1534
1523
1715
1785
1854
1984
2034
2069
2081
2219
2294
2471
2383
2507
2507
2639
2603
2699
2667
2735
2715
2807
2781
2767
2851
2864
2803
2843
2895
2771
2800
3007
2995
2951
3023
2951
2995
3039
3071
3133
3023
10000
3027
2719
2487
2389
2219
2205
2015
1702
1726
1578
1490
1477
1436
1328
1279
1158
1126
963
945
891
870
788
848
822
699
716
653
692
709
610
528
528
464
448
486
460
370
304
249
372
289
256
256
368
362
326
232
160
185
290
10000
200
324
464
753
821
1038
1089
1317
1461
1535
1625
1726
1797
1874
1951
2066
2190
2176
2279
2327
2527
2416
2599
2471
2535
2607
2640
2642
2630
2769
2771
2877
2791
2839
2859
2807
2918
2899
2942
2907
3015
3039
2955
3067
3039
2979
2875
3071
3071
3179
10000
2871
2707
2539
2327
2322
2124
1963
1853
1840
1607
1530
1387
1322
1276
1117
1098
1047
991
1018
1008
1032
736
752
704
649
650
568
602
618
630
476
438
464
488
480
464
352
412
296
464
368
256
346
282
266
240
256
176
276
192
10000
284
416
554
768
796
1039
1105
1243
1398
1535
1575
1750
1850
1931
2065
2009
2188
2294
2260
2363
2371
2375
2459
2531
2559
2607
2699
2663
2687
2734
2865
2823
2811
2911
2941
2891
2943
2863
3023
2911
3039
3007
2971
2903
3066
3063
3017
3095
3059
3159
10000
2847
2737
2535
2366
2335
2135
1935
1811
1765
1730
1601
1376
1341
1222
1214
1120
1166
1072
948
1037
816
920
892
802
753
629
683
695
624
496
544
680
464
448
480
400
385
394
336
278
338
260
336
272
304
272
264
240
256
256
10000
256
408
556
750
862
950
1108
1301
1433
1428
1633
1669
1731
1948
2003
2099
2127
2301
2205
2321
2386
2377
2519
2487
2512
2589
2639
2685
2783
2779
2783
2735
2779
2795
2847
2863
2897
2843
2893
3055
2863
3025
3011
2992
3051
3057
2999
2997
3111
3111
10000
2883
2749
2514
2357
2225
2091
2017
1847
1700
1587
1472
1405
1297
1200
1158
1062
1194
1076
778
898
866
864
849
704
742
720
640
520
608
582
537
506
582
384
404
470
416
441
418
376
340
212
272
272
292
292
272
160
240
261
10000
220
338
528
711
894
1015
1116
1328
1417
1535
1552
1703
1804
1872
1996
2078
2211
2142
2291
2425
2327
2305
2499
2430
2609
2639
2695
2695
2765
2791
2731
2735
2800
2799
2927
2805
2903
2938
2911
2943
2929
2891
2963
3055
3007
3015
3071
3039
2999
3027
10000
2841
2838
2553
2469
2287
2127
2006
1954
1653
1518
1535
1526
1472
1377
1176
1116
1126
1107
1031
1001
784
793
787
682
752
610
676
667
646
521
493
496
554
497
480
400
496
365
356
426
404
324
333
236
236
272
314
226
192
208
10000
209
416
488
704
877
962
1175
1268
1368
1476
1679
1699
1808
1860
2095
2063
2173
2173
2183
2322
2415
2459
2515
2543
2587
2607
2643
2603
2687
2718
2811
2863
2735
2823
2803
2911
2961
2903
2907
2871
2863
3019
2929
2951
2993
3059
2985
3151
3071
3089
10000
2926
2751
2523
2439
2231
2110
2032
1967
1673
1611
1573
1383
1502
1216
1242
1176
1152
989
1070
944
875
862
816
750
808
650
674
528
568
596
548
474
532
536
456
432
464
336
408
372
368
346
324
376
299
304
376
257
288
320
10000
240
340
576
757
816
960
1120
1264
1314
1596
1597
1751
1782
1957
1968
1985
2175
2183
2263
2335
2459
2403
2480
2480
2687
2615
2683
2671
2627
2864
2789
2719
2761
2787
2751
2891
2896
2965
2864
3055
2993
2939
2959
3031
3071
3013
3099
3111
3022
3149
10000
2983
2769
2559
2371
2256
2135
1907
1928
1703
1696
1526
1498
1420
1340
1157
1248
1077
976
977
1003
896
818
874
784
773
741
690
714
594
592
576
486
501
519
504
448
340
306
368
280
336
311
274
301
244
249
209
208
260
153
10000
292
448
496
736
896
992
1122
1266
1377
1442
1636
1733
1840
1840
2009
2083
2224
2253
2352
2384
2447
2353
2491
2519
2548
2609
2620
2499
2694
2718
2801
2643
2769
2775
2801
2925
2959
2927
2896
2965
2887
2975
3024
2911
3091
3157
3038
3071
3151
3089
10000
2939
2771
2634
2403
2256
2021
2064
1936
1785
1686
1470
1413
1355
1393
1201
1200
1072
1088
992
946
954
816
809
776
748
730
688
612
570
568
545
504
538
560
489
362
436
400
371
313
364
340
352
368
368
208
212
224
288
192
10000
212
396
548
649
848
1040
1083
1282
1420
1489
1585
1696
1877
1915
1949
2058
2083
2247
2283
2324
2384
2367
2417
2395
2640
2559
2682
2672
2663
2807
2787
2783
2847
2943
2843
2887
2875
2962
2963
2915
3047
2967
2962
3007
3123
3035
3055
3059
3135
3071
10000
2959
2751
2559
2450
2201
2224
1978
1855
1787
1647
1621
1491
1333
1386
1200
1168
1008
1040
931
848
806
844
818
721
812
630
672
592
544
597
532
582
494
465
400
448
348
386
426
360
400
282
218
297
232
232
256
208
280
297
10000
204
400
530
658
852
960
1056
1264
1324
1456
1618
1781
1801
2017
1967
2211
2091
2190
2419
2367
2463
2533
2453
2544
2512
2705
2758
2661
2767
2741
2782
2707
2691
2847
2875
2935
2935
2933
2960
2959
2967
3067
2959
2995
3007
2871
3025
3059
3059
3055
10000
2943
2709
2603
2416
2271
2094
1981
1863
1744
1685
1524
1486
1405
1302
1203
1113
1005
1072
979
936
832
843
866
793
684
672
657
693
672
562
601
408
496
400
528
384
384
426
376
320
312
403
372
336
312
242
340
322
338
192
10000
272
323
530
818
805
1060
1216
1173
1431
1470
1585
1717
1810
1922
1968
2021
2199
2231
2303
2353
2357
2399
2490
2549
2673
2613
2672
2771
2679
2699
2814
2802
2757
2863
2917
2911
2927
2887
2871
3055
3043
3021
2983
2967
3043
3007
3152
3067
3055
3155
10000
2771
2709
2611
2291
2242
2116
1983
1875
1616
1742
1530
1483
1338
1309
1186
1194
1124
994
992
869
906
828
821
736
710
660
628
715
649
661
620
576
576
548
448
416
465
442
304
346
304
280
368
270
264
256
228
308
232
263
10000
269
370
544
656
800
917
1104
1243
1406
1468
1697
1747
1843
1996
1909
1990
2171
2192
2230
2309
2309
2375
2487
2555
2559
2639
2685
2763
2783
2758
2787
2807
2775
2895
2843
2843
2847
3047
2939
2951
2925
2911
3095
3043
3119
3103
3047
3019
2994
3090
10000
2943
2823
2557
2486
2331
2075
1984
1899
1808
1686
1664
1476
1424
1344
1235
1197
1040
992
996
944
787
752
812
772
667
708
634
652
648
608
554
556
416
540
460
480
417
368
394
268
388
368
352
322
336
224
357
264
170
236
10000
162
492
553
608
816
937
1152
1280
1382
1535
1634
1697
1828
1845
1924
2043
2136
2202
2256
2283
2416
2423
2418
2473
2531
2611
2671
2711
2639
2719
2739
2843
2847
2783
2950
2859
3031
2866
2967
3056
3007
3037
2924
2965
2941
3071
3071
3051
2997
3119
10000
2963
2790
2459
2367
2263
2087
1963
1856
1731
1647
1527
1414
1424
1309
1270
1184
976
989
980
843
817
880
864
784
700
720
726
685
698
624
572
420
448
508
384
378
387
336
420
278
322
280
320
354
348
234
192
192
220
304
10000
176
384
602
739
828
934
1147
1238
1378
1574
1535
1653
1779
1971
1941
2096
2139
2263
2303
2310
2493
2551
2379
2479
2490
2591
2623
2641
2687
2781
2705
2791
2815
2798
2861
2799
2885
2928
2935
2960
3070
2919
3047
2863
3003
3039
2923
3059
3111
3117
10000
3025
2857
2619
2394
2219
2063
2004
1930
1792
1616
1609
1360
1310
1249
1254
1042
1081
918
1008
968
866
796
822
697
660
691
696
678
657
496
480
528
560
336
470
352
428
418
396
338
268
272
232
272
261
224
260
200
116
148
10000
192
400
550
738
808
984
1098
1258
1357
1376
1492
1664
1840
1822
1889
2021
2147
2205
2160
2349
2383
2355
2419
2519
2635
2551
2643
2627
2703
2643
2779
2811
2775
2853
2882
2831
2919
2895
2847
2819
2907
3013
2967
2987
2991
3039
2971
3046
3007
2951
10000
2987
2767
2457
2309
2198
2133
1861
1815
1682
1530
1568
1406
1430
1245
1211
1052
1104
948
1022
933
874
960
770
832
698
608
754
576
628
694
524
416
470
313
320
416
294
352
345
324
288
268
264
298
196
264
212
264
288
241
10000
140
216
424
677
809
1056
1072
1249
1331
1488
1617
1681
1809
1894
1951
2096
2071
2177
2215
2283
2273
2399
2410
2471
2551
2495
2694
2559
2755
2717
2755
2762
2759
2786
2837
2783
2910
2931
2886
2958
2894
3027
2823
2998
3119
2998
3071
3179
2992
3050
10000
2943
2739
2543
2362
2151
2035
1988
1845
1793
1698
1491
1451
1369
1314
1171
1216
1076
950
952
848
856
785
864
762
757
604
580
634
452
640
464
524
507
496
496
320
333
300
336
360
336
304
248
280
304
208
165
176
186
192
10000
205
358
481
641
805
944
1092
1184
1305
1406
1571
1596
1760
1831
2032
2001
2125
2181
2271
2359
2399
2407
2467
2447
2527
2498
2597
2699
2643
2756
2799
2779
2759
2751
2783
2838
2991
2838
2907
2919
2917
3027
3059
2895
2993
3015
2933
3125
3071
2929
10000
2859
2646
2454
2439
2159
2090
1943
1760
1777
1680
1630
1359
1318
1242
1231
1197
1082
919
796
916
880
819
850
742
624
604
648
602
580
489
642
520
426
424
368
440
386
392
336
384
282
312
268
272
169
192
192
288
160
192
10000
216
432
448
629
800
949
1017
1219
1370
1445
1612
1662
1682
1965
2046
2070
2132
2199
2170
2346
2343
2389
2447
2530
2673
2538
2623
2672
2686
2751
2671
2758
2853
2745
2734
2915
2837
2935
2911
2958
3007
2943
3050
2975
2947
2992
3133
2967
3003
3109
10000
2859
2653
2559
2442
2203
2079
1971
1808
1698
1694
1509
1486
1388
1360
1230
1108
1147
921
928
896
825
779
810
725
697
645
601
553
628
530
490
500
504
474
456
410
442
352
384
280
256
336
256
304
179
169
208
185
152
266
10000
162
324
634
666
752
1087
1040
1248
1376
1522
1605
1734
1731
1925
1947
2021
2175
2133
2224
2353
2318
2514
2485
2474
2506
2613
2553
2613
2767
2724
2871
2727
2794
2765
2814
2767
2991
2887
2863
2975
2951
2929
3071
2959
3055
2967
3067
3031
3023
3099
10000
2907
2713
2482
2402
2228
2000
2031
1783
1688
1610
1584
1495
1311
1257
1171
1164
1072
1088
990
774
864
782
774
754
698
660
588
588
576
483
490
528
388
448
416
392
352
368
208
300
368
320
268
182
276
258
229
196
208
180
10000
160
309
528
648
832
956
1114
1228
1248
1467
1568
1645
1916
1764
1957
1913
2134
2231
2279
2331
2303
2479
2502
2543
2627
2498
2685
2646
2779
2663
2735
2768
2737
2861
2895
2855
2927
2954
2877
2923
2927
2991
2981
3007
2950
2962
3071
3056
2985
3059
10000
2959
2751
2559
2448
2199
2119
2003
1955
1680
1665
1502
1416
1329
1296
1227
1168
1061
1021
976
832
868
792
730
750
654
712
560
674
658
588
496
454
522
426
432
384
324
432
304
420
308
265
388
328
177
306
273
280
230
212
10000
152
358
480
667
768
1038
1088
1290
1383
1470
1590
1675
1817
1828
1907
2097
2231
2274
2351
2225
2370
2442
2449
2450
2511
2607
2623
2757
2759
2691
2767
2763
2886
2843
2847
2928
2864
2961
2973
2897
2899
2975
2999
3011
2990
3102
2951
3071
3027
3103
10000
2963
2703
2533
2449
2307
2098
2046
1873
1797
1667
1456
1424
1334
1250
1180
1137
1088
974
908
880
777
850
833
664
720
681
674
564
600
480
465
432
468
371
536
341
432
372
352
406
216
308
176
329
305
304
272
218
204
240
10000
210
421
597
666
864
992
1098
1239
1456
1493
1565
1614
1822
1884
1991
2047
2115
2215
2253
2309
2419
2367
2391
2541
2559
2667
2704
2741
2695
2751
2734
2725
2781
2883
2897
2877
2811
2854
2795
2981
2975
2923
2935
3013
3039
3007
3055
3027
2960
3024
10000
2994
2781
2631
2299
2251
2096
1982
1839
1757
1510
1555
1535
1389
1250
1240
1080
1140
929
897
816
834
802
758
666
745
549
649
579
634
544
546
484
432
442
464
376
430
258
374
296
276
344
218
341
248
196
232
224
201
128
10000
200
345
477
624
896
838
1056
1298
1445
1485
1494
1702
1776
1942
1878
1958
2143
2224
2192
2256
2482
2471
2559
2439
2602
2534
2639
2769
2687
2703
2855
2783
2799
2771
2807
2943
2943
2943
2963
2947
3047
2955
2897
2999
2967
2983
3089
3061
3003
3111
10000
2979
2753
2671
2497
2221
2174
1919
1840
1766
1552
1533
1511
1359
1228
1206
1092
1067
1040
992
1017
856
810
876
782
648
597
609
496
633
686
530
556
490
500
432
418
400
346
288
309
288
249
384
308
304
256
208
176
228
168
10000
204
368
472
670
720
942
1145
1236
1437
1526
1570
1697
1901
1897
2011
2075
2063
2125
2399
2311
2311
2429
2502
2544
2621
2559
2679
2608
2815
2718
2655
2771
2768
2770
2815
2903
2963
2927
2934
2911
2895
2959
3061
3151
3095
3069
3055
3047
3087
3118
10000
2841
2663
2543
2451
2281
2133
2019
1858
1840
1759
1675
1360
1517
1310
1236
1216
1068
1072
1029
832
902
841
776
725
784
801
644
670
653
648
502
528
448
514
384
532
480
276
416
488
356
342
321
272
273
240
233
216
224
364
10000
364
426
576
595
862
973
1164
1266
1395
1379
1671
1617
1867
1792
2032
2128
2102
2239
2239
2367
2431
2527
2543
2559
2431
2703
2705
2763
2719
2775
2827
2815
2893
2831
2841
2831
2919
2925
3055
3007
2933
2903
3197
2975
2871
3103
2975
3167
3151
3071
10000
3013
2717
2557
2405
2235
2096
1951
1755
1728
1702
1648
1455
1373
1325
1193
1168
1139
992
1027
946
864
880
816
714
698
757
690
666
553
580
561
556
523
502
432
308
394
312
400
400
257
441
404
337
336
234
296
272
226
256
10000
220
402
552
714
876
1060
1165
1198
1456
1558
1695
1735
1819
1894
1915
2116
2287
2255
2263
2449
2359
2386
2458
2535
2687
2551
2674
2635
2721
2769
2850
2859
2707
2831
2871
2870
2871
2997
2899
3003
2949
2879
2960
3002
2931
2979
3047
2982
3059
3107
10000
2910
2667
2591
2286
2286
2165
2045
1847
1840
1606
1611
1534
1424
1296
1289
1065
1072
1068
1020
916
844
956
725
848
676
722
672
658
640
532
536
536
516
422
496
370
393
360
304
322
340
339
450
320
290
332
264
292
320
232
10000
225
384
644
741
912
976
1136
1136
1377
1392
1637
1668
1936
1851
2005
2061
2101
2203
2303
2405
2415
2413
2415
2558
2512
2539
2547
2675
2705
2705
2811
2751
2851
2927
2896
2834
2895
2871
2967
2895
2975
2951
3024
2998
3179
3015
2995
3056
3119
2993
10000
2943
2719
2511
2448
2251
2092
2013
1904
1629
1630
1535
1462
1216
1186
1255
1165
1066
1030
928
868
822
854
902
784
789
720
730
608
552
576
674
584
480
554
533
508
400
346
396
422
386
274
300
336
328
280
352
282
228
260
10000
161
336
608
721
948
906
1060
1181
1408
1535
1639
1737
1767
1871
2058
2119
2212
2246
2247
2354
2415
2447
2483
2495
2595
2627
2621
2613
2753
2747
2814
2719
2907
2799
2875
2909
2915
2863
2919
2929
2947
2919
2879
2991
2961
3057
3195
3151
3107
3025
10000
3059
2783
2531
2407
2261
2187
2043
1823
1651
1638
1588
1535
1360
1209
1246
1147
1073
934
953
888
833
882
838
768
626
723
682
621
558
581
530
570
464
416
426
474
392
416
288
384
388
320
408
284
224
356
232
224
260
176
10000
154
396
528
816
793
960
1152
1357
1377
1414
1622
1648
1776
1990
1968
2151
2087
2160
2129
2224
2447
2371
2453
2543
2623
2671
2713
2687
2655
2751
2757
2767
2747
2923
2837
2869
2794
2943
2950
3107
3123
3003
2958
2959
2991
2939
3023
2943
2995
3037
10000
2911
2691
2507
2423
2155
2130
2010
1804
1786
1501
1488
1419
1431
1317
1270
1136
1241
960
967
896
832
961
782
739
748
724
626
644
553
656
508
624
480
470
560
424
461
358
352
305
290
336
272
280
292
200
296
272
276
256
10000
332
339
496
726
942
928
1041
1328
1387
1572
1578
1707
1891
1968
2032
2096
2063
2199
2321
2231
2295
2461
2471
2397
2503
2545
2519
2544
2631
2703
2685
2640
2719
2779
2759
2739
2791
2799
2787
2827
2835
2865
3039
2867
2955
2928
2967
3115
3059
3007
10000
2862
2726
2553
2459
2190
2033
1969
1840
1734
1680
1580
1456
1341
1321
1281
1179
1136
1120
1022
832
886
880
844
720
691
662
660
661
528
644
506
496
457
480
474
480
416
456
354
336
328
261
400
320
398
305
282
272
308
272
10000
226
405
540
666
851
944
1168
1229
1305
1389
1524
1669
1680
1872
1904
2090
2106
2183
2215
2214
2341
2427
2373
2454
2495
