1828
1702
1554
1521
1410
1334
1302
1219
1080
1012
1041
933
864
944
840
858
770
784
677
688
684
560
537
594
521
560
500
490
400
480
432
354
370
352
336
393
302
256
256
212
302
280
10000
230
364
528
706
884
960
1102
1216
1291
1297
1575
1593
1771
1873
1911
1995
2012
2128
2195
2285
2305
2355
2495
2512
2487
2513
2559
2543
2687
2695
2663
2719
2834
2807
2742
2801
2879
2941
2767
2923
2930
2963
2930
2975
3031
2865
3023
3019
3071
3089
10000
2949
2723
2685
2406
2329
2087
1938
1840
1833
1759
1627
1535
1472
1395
1228
1348
1120
1034
1040
944
1008
908
834
788
660
804
624
713
620
672
598
654
490
509
416
432
400
472
392
416
420
332
320
342
272
296
304
235
240
325
10000
272
392
528
660
760
1020
1020
1173
1371
1498
1584
1639
1761
1691
1986
1905
2090
2163
2082
2186
2354
2278
2442
2457
2559
2525
2494
2559
2651
2638
2678
2775
2751
2832
2799
2954
2959
2867
2919
3024
2995
3023
2927
2899
2939
2899
2951
2935
3019
3013
10000
2851
2639
2503
2403
2349
2182
1961
1786
1767
1668
1648
1472
1504
1334
1310
1248
1120
1104
1019
928
912
882
849
748
784
814
675
576
662
620
658
528
568
475
492
488
464
400
405
425
364
288
288
306
352
242
292
186
192
224
10000
184
372
560
704
778
924
1072
1222
1448
1386
1552
1668
1807
1822
1933
2013
2026
2105
2247
2173
2291
2355
2495
2442
2451
2591
2594
2743
2591
2683
2695
2707
2830
2709
2795
2726
2727
2903
2791
2987
2967
2928
2915
2923
2943
2975
2995
3055
2991
3003
10000
2931
2727
2663
2438
2271
2139
2094
1959
1782
1616
1681
1535
1410
1280
1204
1200
1109
1033
965
1057
972
777
781
786
796
688
645
742
656
712
560
509
476
492
545
458
393
384
400
369
448
400
344
408
304
214
368
178
240
329
10000
273
469
560
665
818
960
1004
1136
1296
1492
1593
1663
1696
1838
1893
2041
1979
2126
2207
2267
2339
2390
2459
2539
2474
2559
2607
2687
2711
2672
2715
2705
2851
2727
2742
2839
2839
2795
2947
2919
2801
2918
3007
2965
3039
3051
2987
3031
2959
3015
10000
2991
2678
2539
2342
2283
2095
2058
1880
1786
1746
1503
1490
1386
1252
1243
1095
1008
1042
923
916
1008
915
805
816
726
864
741
686
600
660
564
528
440
552
468
462
523
418
336
368
370
330
352
302
364
212
384
345
225
226
10000
240
368
580
688
832
1006
1125
1179
1297
1488
1475
1636
1714
1847
1915
2007
2138
2127
2185
2279
2319
2415
2426
2387
2534
2507
2683
2647
2727
2611
2669
2783
2773
2721
2685
2898
2896
2747
2899
2907
3007
2887
2927
3019
2867
3022
2877
3071
3045
3107
10000
2879
2803
2541
2391
2267
2073
1943
1911
1855
1763
1601
1437
1441
1298
1232
1296
1104
1040
1008
977
941
857
860
858
848
686
742
706
624
536
537
492
576
433
449
433
448
368
384
340
272
362
332
336
352
282
294
208
173
320
10000
186
405
587
784
904
926
957
1070
1260
1441
1616
1563
1802
1874
1936
1927
2064
2192
2110
2319
2359
2250
2373
2415
2591
2631
2519
2640
2559
2675
2799
2647
2679
2805
2787
2821
2871
2861
2855
2795
2943
2931
2878
3054
3003
2903
2998
2925
2987
3099
10000
2919
2643
2515
2389
2278
2207
1979
1925
1845
1703
1535
1494
1423
1317
1268
1180
1095
1112
984
896
930
879
866
776
692
778
736
728
635
644
604
617
576
528
562
498
474
396
312
400
355
320
384
330
304
278
330
144
304
288
10000
160
384
506
683
778
912
1058
1212
1350
1449
1593
1697
1735
1845
2006
1935
2030
2117
2183
2207
2349
2301
2429
2448
2428
2461
2551
2559
2723
2735
2677
2735
2735
2775
2897
2859
2837
2895
2832
2935
2846
2934
2983
2965
2963
2927
2955
2973
3021
3101
10000
2885
2800
2609
2357
2276
2180
2032
1830
1812
1682
1570
1467
1406
1415
1283
1172
1204
1148
932
1008
868
860
872
820
786
564
762
672
578
526
633
449
466
508
458
529
492
501
377
496
328
376
352
336
268
304
288
304
184
196
10000
212
384
544
784
886
918
1134
1232
1297
1509
1535
1642
1744
1813
1923
2023
2083
2171
2258
2355
2319
2206
2338
2428
2498
2607
2479
2598
2743
2683
2733
2639
2755
2755
2735
2855
2855
2864
2845
2887
2919
2902
2896
2966
2961
3003
2962
2971
2947
2959
10000
2966
2621
2591
2295
2331
2114
1969
1965
1683
1623
1616
1456
1328
1353
1225
1241
1144
1144
1045
957
936
935
809
790
705
672
658
697
524
576
656
524
538
538
533
459
416
368
454
313
336
368
322
246
288
267
246
300
148
354
10000
200
364
604
780
764
968
1028
1188
1348
1424
1600
1740
1766
1967
1968
2020
2075
2142
2248
2261
2303
2359
2394
2494
2479
2503
2559
2611
2547
2662
2687
2727
2627
2751
2787
2687
2843
2927
2791
2799
2847
2978
2990
2949
3005
2993
3023
2971
3063
3043
10000
2951
2726
2549
2417
2263
2166
2023
1821
1891
1653
1613
1446
1392
1332
1162
1141
1168
1060
1079
1017
848
849
848
790
691
656
656
616
624
614
554
532
496
489
468
496
432
340
449
320
322
452
336
306
276
266
288
368
312
272
10000
186
448
498
656
833
989
1080
1257
1389
1392
1516
1701
1722
1744
1951
1984
2037
2101
2224
2219
2287
2387
2413
2439
2515
2559
2545
2673
2719
2642
2667
2767
2779
2823
2863
2715
2819
2911
2895
2943
2855
2853
3025
2887
2991
2959
2899
3061
3039
3071
10000
2862
2701
2591
2389
2183
2144
2033
1870
1690
1711
1508
1584
1413
1400
1325
1173
1072
1037
944
944
890
934
784
864
812
768
768
706
641
613
640
624
509
528
568
436
496
436
452
348
384
400
304
368
360
352
256
240
320
208
10000
336
441
592
736
850
1040
1100
1365
1360
1513
1570
1692
1758
1963
2027
2095
1951
2160
2203
2220
2250
2267
2369
2455
2558
2525
2659
2723
2557
2691
2735
2701
2717
2715
2871
2794
2860
2919
2887
3003
2979
3003
3005
2871
2963
3039
2959
3047
3029
3159
10000
3025
2827
2559
2451
2241
2165
2009
2000
1785
1754
1659
1465
1361
1342
1145
1234
1122
1072
1069
962
1008
864
836
836
752
720
669
592
656
560
544
610
464
469
466
448
421
436
432
342
484
342
366
377
352
272
322
356
216
308
10000
256
428
528
736
896
952
1149
1137
1330
1456
1430
1728
1693
1839
1881
1969
2107
2095
2187
2235
2309
2383
2394
2419
2391
2495
2608
2640
2547
2608
2711
2659
2735
2695
2843
2862
2923
2883
2927
2929
2919
2867
2847
2935
2967
3038
2943
2925
3031
2967
10000
2903
2771
2547
2431
2269
2099
1957
1899
1904
1600
1527
1478
1456
1369
1300
1152
1056
1109
1049
1092
986
896
848
800
724
770
736
692
656
596
608
542
464
508
540
430
454
352
352
376
328
400
472
256
258
276
292
272
240
344
10000
212
400
508
752
889
878
1046
1148
1345
1488
1591
1603
1751
1888
1979
1994
2002
2158
2210
2242
2371
2351
2391
2365
2367
2484
2517
2663
2591
2640
2719
2677
2643
2741
2815
2867
2931
2843
2877
2903
2935
2943
2955
2931
2943
2871
3019
3023
3071
3090
10000
2829
2683
2598
2429
2237
2102
1953
1831
1857
1734
1531
1432
1312
1269
1218
1213
1152
1008
997
950
982
860
828
808
742
768
690
625
584
633
571
510
580
560
569
505
368
400
362
418
464
360
336
340
277
260
306
201
288
245
10000
288
384
576
750
780
882
1056
1227
1316
1472
1578
1609
1691
1849
1883
1954
2064
2085
2129
2147
2357
2351
2418
2502
2559
2546
2675
2655
2669
2786
2677
2739
2751
2672
2787
2832
2903
2923
2835
2823
2931
2925
2899
2989
3007
2973
3021
2962
2993
2991
10000
2943
2821
2603
2411
2315
2070
2018
1823
1682
1638
1674
1490
1376
1284
1350
1145
1130
1042
1023
966
880
844
880
861
751
736
704
724
710
592
634
589
522
616
496
566
404
432
438
400
310
294
272
280
373
274
225
274
240
320
10000
144
454
536
682
770
1008
1078
1217
1328
1410
1618
1759
1710
1878
1915
1930
2081
2117
2260
2243
2331
2335
2384
2407
2507
2514
2615
2663
2639
2687
2627
2739
2767
2799
2869
2835
2881
2843
2893
2875
2831
2885
2943
2981
2991
2867
2927
3117
3044
3152
10000
2871
2815
2635
2335
2243
2134
1954
1931
1757
1670
1599
1414
1448
1341
1241
1120
1156
985
965
832
927
896
760
790
746
720
708
662
570
611
668
528
589
417
441
484
470
488
408
400
400
256
417
288
304
288
360
290
176
296
10000
172
450
532
804
836
912
1023
1156
1344
1344
1554
1593
1760
1777
1822
2023
1998
2064
2195
2181
2295
2386
2423
2388
2479
2467
2587
2429
2687
2754
2613
2691
2735
2769
2839
2815
2971
2927
2811
2811
2878
2923
2879
2943
3047
2995
2957
2943
3056
3091
10000
2975
2672
2589
2294
2267
2096
2029
1837
1731
1664
1591
1506
1511
1212
1282
1163
1058
1032
928
889
866
876
873
736
804
805
688
664
548
624
596
560
597
508
496
436
400
412
323
370
364
400
376
358
236
261
160
328
256
276
10000
216
241
562
676
869
928
993
1192
1392
1440
1521
1648
1707
1787
1986
1987
2019
2132
2178
2261
2231
2384
2320
2447
2451
2512
2631
2603
2687
2625
2559
2832
2719
2699
2759
2864
2867
2903
2839
2855
2973
2851
2870
2915
2906
2994
2950
3127
3039
3007
10000
2943
2810
2647
2403
2251
2193
1978
1927
1798
1621
1611
1481
1377
1344
1338
1158
1129
1070
1006
910
903
882
780
740
793
682
720
644
608
668
588
492
533
524
507
576
464
452
452
372
324
320
340
345
278
296
352
256
246
284
10000
208
500
571
704
885
928
1052
1217
1392
1404
1526
1678
1675
1797
1919
1973
2079
2009
2195
2142
2341
2402
2395
2523
2558
2450
2607
2663
2559
2703
2699
2646
2774
2815
2747
2863
2929
2751
2864
2928
3010
2826
2917
2855
2930
3015
3026
2975
2950
3159
10000
2815
2704
2451
2333
2254
2064
1958
1898
1853
1618
1577
1488
1348
1387
1333
1180
1183
1040
1176
889
944
848
805
876
874
768
666
680
640
568
552
608
604
456
464
391
397
455
448
344
408
376
368
320
352
296
276
324
176
240
10000
260
384
516
732
865
968
1208
1162
1409
1408
1671
1666
1699
1790
2021
1943
1972
2155
2211
2341
2299
2283
2494
2495
2511
2543
2559
2609
2543
2706
2671
2707
2865
2704
2799
2769
2795
2839
2767
2971
2929
2837
2947
2879
2963
3007
2999
3111
3057
3059
10000
2911
2687
2608
2403
2256
2149
2094
1980
1917
1711
1662
1445
1456
1332
1224
1156
1168
1050
1038
928
884
948
736
870
676
742
742
592
640
612
581
488
521
538
544
530
397
368
496
464
436
388
328
344
336
234
296
336
276
341
10000
304
432
456
746
818
930
1137
1136
1254
1362
1648
1620
1788
1831
1807
2031
2083
2193
2268
2288
2402
2384
2443
2487
2525
2475
2586
2731
2607
2732
2709
2703
2768
2771
2847
2855
2819
2851
2897
2915
2815
2939
2943
3047
2943
3103
3014
3019
3037
3023
10000
2987
2771
2559
2407
2302
1990
1995
1884
1755
1735
1522
1488
1408
1455
1286
1208
1104
1152
982
976
1032
944
813
876
832
718
768
736
549
716
500
408
504
496
524
396
464
402
472
360
408
272
256
336
338
352
288
248
272
282
10000
276
364
579
773
720
852
1100
1212
1321
1373
1591
1682
1681
1865
1943
2033
2083
2110
2231
2307
2286
2294
2363
2421
2493
2526
2599
2615
2690
2727
2695
2718
2655
2759
2783
2735
2927
2775
2919
2911
2987
2939
2999
2943
3026
3090
2867
2966
3071
2993
10000
2903
2815
2621
2347
2409
2163
1988
1857
1794
1746
1611
1535
1414
1290
1350
1141
1200
1099
867
1017
968
850
900
842
720
746
700
668
616
560
613
627
576
610
396
504
384
353
416
464
384
388
392
332
344
274
247
256
288
256
10000
208
336
552
636
775
914
1060
1184
1405
1505
1506
1652
1802
1846
1887
1991
2001
2085
2202
2229
2283
2289
2462
2431
2443
2505
2541
2545
2711
2711
2613
2759
2771
2647
2783
2832
2751
2899
2897
2803
2895
2955
2987
3005
3071
2943
2929
2971
2943
2911
10000
2907
2717
2513
2421
2226
2094
2009
1872
1813
1634
1569
1440
1516
1324
1226
1186
1096
1097
964
928
884
884
805
810
812
656
666
651
666
554
554
593
600
452
560
456
416
500
348
396
368
339
352
344
352
294
276
240
212
328
10000
256
432
516
644
871
906
1072
1241
1306
1442
1632
1594
1862
1883
1975
1997
2139
2179
2229
2335
2346
2347
2415
2431
2557
2655
2547
2663
2655
2709
2695
2672
2787
2791
2799
2859
2751
2751
2815
2971
2783
2831
2893
2973
3031
2995
3025
3003
3139
3015
10000
2883
2663
2623
2354
2358
2130
2064
1886
1813
1664
1616
1497
1461
1426
1358
1200
1147
1070
1008
1004
912
888
824
768
736
722
778
640
593
640
568
474
442
582
441
457
450
356
370
452
336
320
444
322
300
278
256
306
288
228
10000
289
320
422
625
861
925
1078
1200
1328
1503
1535
1641
1724
1747
1968
2025
2106
2135
2179
2277
2188
2381
2303
2387
2591
2495
2589
2599
2583
2615
2673
2687
2730
2763
2790
2787
2800
2805
2919
2811
2829
2907
3051
2941
2891
3103
3031
2997
3027
2943
10000
2800
2715
2515
2334
2214
2125
2014
1865
1703
1665
1678
1424
1408
1234
1231
1203
1211
1029
1052
985
1078
896
788
793
896
750
688
668
673
614
546
560
500
509
598
364
488
496
408
432
386
272
387
320
288
304
200
244
153
264
10000
297
420
544
620
860
1038
1106
1159
1370
1379
1593
1729
1750
1936
1893
2002
1998
2173
2140
2271
2366
2332
2416
2466
2439
2505
2609
2623
2619
2672
2675
2751
2690
2851
2843
2843
2911
2896
2897
2879
2832
3119
3029
2951
2927
3047
2959
3043
3071
2951
10000
3031
2714
2512
2423
2239
2043
1991
1874
1822
1702
1671
1648
1441
1308
1291
1171
1056
1088
960
912
966
914
857
930
832
720
748
640
578
624
640
577
530
433
451
476
466
460
464
476
316
384
308
352
336
306
332
290
358
228
10000
200
384
472
626
810
987
1137
1228
1401
1402
1441
1616
1749
1862
1943
1924
2091
2108
2121
2222
2322
2322
2381
2478
2509
2483
2671
2498
2799
2617
2679
2743
2753
2715
2839
2799
2911
2897
2875
2943
2983
2949
2835
2917
2881
3021
2991
2939
2958
2961
10000
2847
2677
2586
2384
2245
2066
2077
1893
1728
1675
1583
1429
1504
1394
1330
1232
1164
1039
1057
1004
925
793
756
720
752
690
586
683
576
594
650
546
582
492
480
434
409
354
312
368
392
368
336
240
325
288
352
224
196
176
10000
225
372
584
665
828
912
1109
1197
1290
1424
1574
1645
1750
1799
1973
1963
2018
2141
2160
2255
2279
2369
2448
2479
2531
2678
2512
2495
2663
2736
2645
2706
2815
2705
2915
2877
2853
2975
2951
2999
2933
2861
2923
3067
3003
2975
3011
2989
3007
3183
10000
2923
2675
2535
2385
2171
2123
2003
1862
1791
1700
1635
1502
1408
1328
1392
1198
1053
1082
912
944
896
878
754
810
784
672
658
676
628
524
677
510
520
460
458
470
404
410
374
461
412
377
336
352
320
300
369
337
260
302
10000
228
454
547
708
832
897
1110
1128
1298
1428
1623
1667
1702
1872
1957
1978
2059
2033
2130
2315
2224
2327
2479
2519
2443
2591
2550
2595
2655
2658
2711
2733
2759
2703
2898
2782
2829
2855
2886
2914
3025
2967
2917
2875
2955
2871
3031
2911
2966
3051
10000
2903
2757
2511
2385
2197
2122
2083
1918
1855
1721
1630
1504
1429
1431
1206
1227
1125
970
1040
924
948
902
891
813
872
714
753
705
620
644
624
624
510
556
464
472
416
376
364
314
332
329
272
336
376
306
320
314
296
341
10000
272
360
598
651
832
1001
1098
1241
1282
1524
1589
1643
1787
1778
1808
2064
2155
2103
2247
2258
2303
2288
2431
2479
2462
2433
2595
2559
2590
2654
2667
2672
2731
2794
2771
2845
2831
2791
2903
2939
2928
2907
2973
2902
2897
2987
3047
2962
2989
3005
10000
2865
2767
2595
2375
2305
2101
2047
1861
1725
1620
1625
1515
1360
1357
1238
1168
1089
1041
1075
995
816
992
884
877
816
717
656
640
672
640
528
556
473
528
528
496
428
439
264
394
412
320
353
352
232
336
346
304
352
68
10000
272
340
570
624
771
954
1109
1264
1394
1433
1523
1594
1675
1616
1951
2083
2119
2190
2256
2272
2247
2307
2421
2471
2451
2595
2519
2559
2610
2699
2833
2645
2767
2815
2875
2795
2899
2795
2990
2943
2915
2935
2982
2956
2865
2927
3034
2999
2919
3047
10000
2915
2805
2559
2389
2287
2081
1943
1791
1753
1729
1535
1453
1468
1392
1335
1298
1312
1072
1088
977
910
833
816
832
753
757
715
612
576
554
588
494
504
480
480
498
562
421
432
448
384
424
240
272
384
234
304
224
365
292
10000
160
480
566
688
848
921
1140
1264
1328
1424
1566
1616
1771
1815
1849
2032
2161
2077
2229
2271
2335
2419
2475
2542
2447
2519
2559
2629
2660
2739
2683
2801
2738
2731
2838
2821
2822
2893
2975
2883
2911
3003
3014
2843
3007
2979
2995
3043
2975
2935
10000
2907
2711
2547
2495
2287
2146
1951
1839
1825
1691
1688
1554
1344
1359
1232
1253
1190
1056
1019
989
874
898
849
845
848
754
646
628
640
648
560
544
538
592
468
526
376
384
368
457
464
320
356
338
272
262
266
276
258
296
10000
274
430
586
704
745
944
1053
1136
1246
1386
1616
1617
1696
1795
1904
1919
1955
2109
2145
2177
2278
2391
2398
2479
2453
2451
2591
2671
2651
2718
2759
2815
2727
2799
2885
2863
2771
2982
2875
2895
2871
2775
2960
2960
3055
3039
2947
3063
2971
3023
10000
2896
2683
2544
2370
2316
2096
2041
1859
1684
1675
1552
1519
1507
1376
1328
1207
1131
1104
1037
1015
912
817
720
776
816
704
656
672
553
592
603
572
496
528
424
518
448
448
400
348
393
345
224
384
466
290
192
185
177
283
10000
236
432
584
677
786
876
1136
1186
1331
1424
1535
1666
1728
1846
1936
2000
2079
2193
2253
2269
2237
2383
2291
2448
2535
2505
2640
2559
2703
2604
2640
2715
2757
2705
2739
2832
2735
2893
2950
2911
2833
2887
2886
2959
2987
2879
2959
2993
3127
2983
10000
2963
2736
2487
2367
2209
2175
2034
1964
1813
1670
1535
1475
1377
1293
1325
1290
1088
1104
960
932
1034
900
796
886
816
805
656
640
644
618
496
604
526
563
432
464
420
496
296
368
416
352
265
292
354
272
202
283
241
260
10000
232
360
499
784
740
939
1104
1168
1368
1314
1505
1675
1647
1782
1982
2035
2096
2070
2179
2318
2359
2275
2383
2458
2559
2622
2607
2559
2559
2707
2827
2623
2783
2735
2832
2779
2891
2902
2923
2899
2958
2891
2937
2965
3031
3023
2903
2935
2955
3026
10000
2966
2685
2538
2359
2226
2169
1989
1910
1724
1669
1599
1405
1402
1344
1301
1161
1132
1088
1064
1029
928
779
704
800
784
672
706
664
704
608
544
496
496
624
458
496
480
468
467
376
440
357
288
288
268
240
294
256
216
220
10000
244
416
528
706
762
965
1034
1207
1338
1434
1600
1635
1697
1821
1945
1936
2124
2103
2215
2427
2341
2418
2403
2426
2419
2559
2598
2599
2619
2766
2679
2719
2726
2651
2791
2839
2815
2775
2855
2851
2941
2978
2955
3039
2864
2991
2992
3057
3095
2989
10000
2843
2769
2559
2355
2269
2037
1973
1907
1850
1698
1529
1493
1444
1344
1258
1136
1181
1027
966
1014
924
896
768
816
732
622
641
688
652
680
553
586
528
568
528
462
536
444
436
400
356
292
388
320
336
336
272
276
328
256
10000
161
396
608
694
896
937
968
1158
1324
1473
1505
1601
1712
1841
1918
1990
2059
2160
2154
2157
2289
2317
2423
2371
2511
2559
2511
2591
2555
2623
2705
2727
2673
2842
2706
2789
2765
2806
2862
2811
2997
2967
2975
2943
2939
3047
2895
2961
3053
3009
10000
2911
2750
2559
2351
2274
2071
1925
1904
1769
1744
1513
1524
1424
1296
1226
1187
1131
1064
1033
1020
928
845
806
808
808
837
704
569
662
688
624
469
528
528
442
338
448
416
412
277
400
328
342
320
256
260
273
284
288
277
10000
144
288
604
644
760
1033
1086
1201
1381
1390
1604
1642
1785
1850
1744
2031
2059
2081
2180
2271
2286
2480
2427
2435
2498
2559
2559
2523
2555
2693
2687
2735
2805
2691
2771
2863
2839
2831
2839
2931
2975
2987
2883
3063
2991
3046
3071
3099
3103
3095
10000
2943
2765
2655
2347
2259
2173
2055
1951
1798
1666
1657
1478
1402
1374
1242
1205
1130
1085
1114
880
917
896
866
848
890
720
642
730
716
668
576
507
560
624
490
464
532
432
432
436
336
384
290
368
427
292
328
272
192
224
10000
256
416
564
752
902
977
1065
1110
1377
1467
1520
1621
1682
1749
1927
1991
1959
2104
2064
2217
2347
2390
2375
2386
2551
2559
2604
2543
2741
2673
2707
2734
2748
2783
2832
2767
2815
2883
2867
2837
2915
2991
2815
2975
2981
2823
3067
2935
3007
3026
10000
2811
2753
2531
2398
2299
2131
2047
1843
1826
1655
1594
1504
1342
1361
1321
1305
1140
1160
1046
962
912
854
808
817
656
624
721
710
698
610
561
653
508
526
502
464
457
404
437
330
352
320
240
304
331
281
298
248
192
300
10000
233
400
555
790
880
986
1019
1136
1337
1337
1502
1556
1670
1805
1979
1983
2065
2154
2187
2159
2271
2385
2347
2474
2507
2662
2554
2527
2631
2751
2631
2759
2681
2831
2815
2815
2959
2881
2875
2799
2887
2933
3007
3055
2955
2927
2923
3039
2931
3087
10000
3055
2787
2511
2413
2275
2135
1968
1916
1662
1743
1687
1485
1430
1357
1250
1216
1137
1053
973
974
992
816
870
816
824
784
597
768
699
616
534
624
547
592
589
522
388
426
400
394
369
395
384
304
304
356
308
330
234
208
10000
208
400
660
736
778
976
1138
1156
1280
1370
1473
1661
1757
1861
1945
1998
1957
2160
2271
2271
2289
2427
2444
2482
2557
2606
2503
2559
2669
2691
2759
2726
2831
2807
2853
2735
2775
2727
2859
2909
2911
2959
2911
2927
2877
2975
2992
3007
2795
3039
10000
2928
2690
2527
2419
2194
2128
1963
1851
1774
1680
1573
1587
1348
1418
1281
1202
1228
1122
1044
897
912
885
858
797
834
650
706
652
613
528
580
640
496
570
482
464
468
400
393
480
400
328
345
352
308
304
300
261
146
202
10000
268
360
640
686
874
977
1081
1194
1252
1494
1519
1695
1679
1853
1927
1920
1970
2117
2187
2226
2390
2334
2430
2463
2475
2519
2605
2663
2679
2607
2736
2727
2731
2815
2851
2837
2703
2883
2879
2865
3005
2894
2967
2931
2887
3055
2983
3062
2991
3003
10000
2983
2798
2513
2426
2239
2131
1962
1890
1771
1584
1577
1440
1434
1364
1194
1258
1060
1016
979
912
914
816
870
740
704
715
752
746
616
673
620
612
496
539
544
464
404
493
400
400
408
304
356
261
272
384
341
226
332
176
10000
162
432
622
716
960
944
1036
1189
1321
1511
1555
1520
1715
1797
1943
1993
2103
2099
2129
2226
2383
2438
2431
2482
2288
2479
2555
2539
2647
2608
2675
2642
2775
2781
2935
2845
2719
2871
2831
2919
2895
3035
2951
2949
2931
2875
2975
2901
2987
2943
10000
2891
2759
2487
2363
2320
2125
2107
1940
1739
1776
1573
1569
1507
1360
1259
1114
1192
1078
982
928
928
944
833
781
808
768
720
692
656
576
526
528
577
528
434
454
450
448
417
360
360
336
280
288
272
224
244
321
292
260
10000
217
260
502
712
776
866
1040
1186
1313
1365
1534
1600
1800
1904
1956
1995
2023
2233
2192
2271
2399
2393
2367
2354
2499
2525
2483
2551
2559
2727
2627
2775
2715
2731
2823
2815
2823
2747
2832
2819
2855
3037
2943
3031
2923
2959
2966
2979
3039
2992
10000
2815
2783
2543
2306
2193
2192
2003
1943
1641
1808
1571
1459
1350
1280
1253
1152
1088
1072
1100
1004
825
782
749
806
656
754
624
640
667
542
592
544
602
553
496
419
492
488
422
432
440
368
348
284
324
284
272
192
210
288
10000
197
448
469
652
710
914
1080
1164
1424
1458
1524
1628
1728
1729
1926
1930
2070
2103
2194
2257
2291
2352
2435
2401
2545
2429
2609
2687
2667
2669
2715
2727
2767
2743
2870
2799
2874
2755
2943
2895
2883
2923
2919
2929
2899
2959
2947
2974
2997
3003
10000
2918
2773
2517
2384
2229
2135
2007
1808
1747
1564
1595
1597
1493
1402
1347
1157
1149
1117
1010
978
992
1044
865
836
698
714
680
690
657
644
552
544
448
533
462
400
404
441
396
364
388
274
388
386
293
278
240
200
211
298
10000
224
432
536
709
866
951
1041
1146
1315
1497
1625
1584
1748
1853
1914
2029
2175
2078
2246
2287
2295
2345
2443
2409
2483
2467
2543
2599
2593
2695
2651
2859
2783
2705
2730
2815
2833
2885
2885
2923
2959
2847
2967
2947
3003
3039
3103
3021
3003
2967
10000
2951
2739
2601
2421
2303
2182
1973
1778
1775
1769
1484
1494
1367
1301
1276
1152
1152
1180
1050
930
870
839
784
848
736
620
632
730
618
498
614
620
520
536
461
449
508
400
469
428
344
400
332
328
372
280
169
260
256
296
10000
192
336
489
661
827
944
1146
1192
1328
1327
1613
1558
1686
1865
1904
1969
2033
2171
2064
2342
2342
2299
2415
2467
2538
2543
2499
2547
2559
2653
2740
2743
2711
2768
2847
2844
2843
2815
2811
2981
2833
2867
2862
2955
2959
3067
2992
2971
2951
2995
10000
2941
2727
2559
2443
2285
2183
2002
1815
1712
1665
1584
1527
1360
1338
1389
1236
1153
1072
1004
882
873
853
880
754
868
784
716
685
629
576
549
592
525
469
496
400
427
432
416
342
386
336
342
280
267
368
344
336
213
240
10000
144
386
576
755
796
1029
1098
1315
1294
1502
1728
1733
1774
1830
1934
1995
2046
2100
2191
2223
2271
2382
2374
2483
2448
2515
2539
2495
2641
2583
2655
2675
2775
2791
2718
2851
2971
2791
2837
3007
2959
2935
3007
2907
2993
2943
2995
3026
3039
3089
10000
2935
2831
2619
2389
2347
2223
2018
1890
1761
1659
1597
1555
1316
1313
1250
1176
1162
1082
1008
916
954
848
757
738
732
821
704
742
658
685
588
557
424
480
484
524
420
396
448
428
480
348
326
368
329
256
272
242
304
274
10000
288
436
514
704
832
1060
961
1214
1269
1398
1558
1653
1700
1877
1908
2047
2054
2145
2199
2335
2327
2307
2369
2485
2533
2538
2559
2619
2603
2731
2751
2639
2678
2767
2799
2682
2934
2804
2761
2870
2943
2911
2913
2847
2927
2967
3071
2942
3011
2934
10000
2975
2705
2659
2326
2266
2142
2027
1881
1808
1686
1510
1488
1523
1358
1264
1152
1073
1045
1034
912
906
810
720
855
824
662
672
672
584
662
581
576
617
418
576
362
440
366
364
387
320
422
256
256
293
256
306
281
256
232
10000
220
412
576
648
918
1040
1186
1278
1338
1425
1587
1649
1822
1919
1945
1975
2019
2234
2186
2287
2371
2407
2481
2384
2455
2519
2597
2673
2671
2650
2639
2695
2726
2766
2819
2800
2871
2839
2959
2931
2857
2983
2943
3039
2983
2999
2975
3003
3051
3031
10000
2896
2671
2661
2359
2207
2119
2012
1903
1717
1623
1501
1490
1415
1344
1255
1152
1104
1056
1008
910
916
785
864
816
804
724
657
656
770
656
631
523
401
493
545
466
400
404
368
498
424
360
336
376
336
401
273
258
345
288
10000
264
332
584
634
786
889
1040
1190
1257
1350
1517
1629
1732
1793
1914
2022
1968
2098
2195
2227
2391
2323
2398
2495
2530
2431
2545
2653
2685
2559
2629
2829
2705
2801
2801
2823
2832
2867
2903
2931
2859
2897
2915
2909
2907
2951
2907
2967
2992
2911
10000
2891
2705
2595
2397
2127
2111
1966
1867
1856
1642
1680
1480
1388
1306
1282
1197
1042
1040
981
1000
944
940
878
752
778
748
590
596
657
586
644
510
596
491
572
460
388
388
405
340
368
356
396
396
273
208
208
220
310
281
10000
224
384
604
742
848
965
1156
1230
1257
1441
1412
1630
1856
1786
1982
1968
2160
2096
2225
2281
2279
2393
2459
2398
2451
2501
2559
2559
2611
2519
2654
2687
2787
2798
2863
2819
2863
2862
2929
2865
2859
3039
2931
2999
2947
2943
2993
3031
3091
3031
10000
2879
2698
2615
2347
2199
2155
1975
1859
1795
1722
1505
1469
1410
1366
1200
1168
1099
1044
1043
960
944
818
848
928
800
757
656
640
644
650
592
620
528
581
460
464
486
384
432
364
320
386
346
282
298
341
298
262
226
226
10000
224
448
464
680
877
928
986
1173
1348
1427
1568
1670
1701
1766
1895
1987
2047
2119
2244
2293
2303
2345
2379
2514
2517
2486
2619
2639
2595
2621
2672
2767
2623
2815
2879
2800
2832
2863
2891
2800
2943
2862
2927
3063
3025
2949
3007
3039
3038
2963
10000
2911
2751
2559
2365
2261
2128
1987
1891
1795
1738
1535
1589
1403
1418
1250
1138
1205
1117
1056
1032
916
879
790
818
812
721
656
672
602
672
592
506
456
496
464
385
402
496
394
368
384
340
408
396
336
332
288
198
297
274
10000
192
384
564
720
773
976
1078
1200
1307
1430
1466
1633
1762
1854
1921
1971
2069
2119
2173
2297
2271
2258
2401
2647
2495
2527
2519
2623
2643
2675
2683
2733
2779
2765
2815
2789
2864
2882
2827
2915
2999
3007
2983
2979
3071
2990
3071
3021
3118
2930
10000
2879
2693
2497
2449
2255
2122
1949
1906
1794
1661
1513
1535
1402
1237
1328
1249
1102
1040
924
940
956
844
822
760
768
744
736
659
594
682
584
576
618
448
448
404
554
436
360
298
323
368
336
388
290
260
352
288
325
288
10000
224
400
501
666
828
920
948
1242
1380
1396
1552
1758
1712
1808
1894
2005
2011
2047
2219
2215
2343
2354
2415
2547
2511
2587
2624
2608
2669
2623
2697
2815
2763
2743
2735
2789
2903
2863
2895
2852
2931
2899
2963
2951
2911
2923
2907
2995
2943
2995
10000
2871
2775
2587
2417
2363
2078
1898
1957
1758
1669
1555
1470
1360
1321
1347
1250
1148
1118
1138
955
947
945
808
715
794
762
668
738
579
576
592
448
533
460
484
448
432
482
409
371
400
384
356
284
320
298
256
344
248
200
10000
264
470
492
718
832
934
1076
1168
1228
1430
1552
1697
1770
1841
1870
1993
2032
2110
2209
2231
2341
2407
2288
2487
2471
2559
2591
2483
2628
2693
2646
2685
2704
2759
2766
2807
2879
2847
2935
2819
2959
3026
3029
2928
2911
2927
2961
3003
3031
3090
10000
2883
2731
2543
2351
2303
2099
2005
1986
1820
1699
1554
1583
1424
1345
1238
1213
1095
1065
996
972
898
922
912
864
779
704
737
626
704
620
708
573
496
516
484
528
432
438
406
464
464
352
346
248
314
352
368
272
237
196
10000
210
376
484
704
875
928
1199
1132
1312
1424
1553
1707
1802
1825
1939
2022
2064
2100
2247
2239
2367
2365
2405
2471
2512
2559
2687
2743
2700
2619
2695
2769
2767
2787
2768
2915
2795
2911
2927
2923
2959
2803
2923
2835
2895
2957
2975
3007
2943
3057
10000
2911
2765
2559
2415
2275
2128
2041
1906
1850
1669
1642
1488
1433
1293
1253
1282
1084
1088
1060
966
1023
829
837
784
841
710
640
707
593
604
486
496
684
468
432
464
472
454
368
360
436
304
392
304
344
384
330
297
268
256
10000
320
352
500
704
899
972
1216
1195
1360
1467
1614
1616
1805
1861
1851
2017
2077
2205
2197
2305
2131
2281
2391
2362
2555
2559
2637
2471
2718
2671
2691
2787
2703
2765
2845
2847
2801
2769
2896
2959
2917
2926
2991
3015
2923
3013
3027
2979
3023
3013
10000
2907
2651
2546
2381
2237
2139
1955
1773
1861
1691
1598
1491
1473
1343
1306
1155
1017
1030
976
1014
929
836
865
786
868
736
708
644
480
576
584
676
592
484
540
496
422
390
440
402
332
353
424
304
310
296
304
276
321
208
10000
226
405
426
730
826
992
1110
1252
1232
1418
1557
1721
1701
1867
1871
1983
2066
2138
2271
2288
2313
2423
2409
2455
2442
2483
2550
2627
2555
2735
2658
2721
2771
2847
2921
2737
2799
2896
2919
2887
2832
2843
2971
2911
2967
2917
3025
2935
2939
3055
10000
2895
2661
2640
2398
2295
2107
1974
1836
1786
1718
1554
1466
1410
1321
1335
1190
1144
1136
998
976
930
898
864
716
736
748
706
472
681
626
576
557
544
534
451
528
482
384
480
330
384
436
288
356
336
304
336
256
272
216
10000
272
341
576
688
804
939
1051
1244
1387
1452
1584
1744
1811
1947
1958
2015
2033
2064
2175
2199
2352
2339
2431
2415
2497
2559
2507
2647
2583
2655
2603
2710
2683
2779
2759
2925
3007
2939
2982
2915
2823
2931
2925
2987
2943
3063
3057
2967
2965
3071
10000
2979
2687
2675
2510
2303
2206
1968
1722
1769
1664
1535
1482
1454
1268
1216
1264
1088
1056
1016
940
956
822
864
848
794
741
721
706
596
624
620
560
528
562
576
484
524
325
448
448
424
360
290
344
388
330
86
272
227
294
10000
300
457
642
720
896
944
1096
1124
1248
1344
1589
1641
1712
1808
1920
2041
2067
2094
2263
2288
2323
2292
2448
2459
2461
2499
2545
2517
2704
2641
2741
2811
2795
2791
2758
2851
2768
2839
2799
2763
2869
2935
2895
2896
3063
2928
2971
2928
3011
3101
10000
2929
2667
2551
2398
2261
2109
2046
1906
1882
1705
1657
1424
1376
1310
1239
1172
1120
1076
986
907
962
963
784
896
752
712
726
650
605
618
550
618
504
552
368
525
416
378
404
329
400
401
336
336
308
234
316
326
240
245
10000
224
466
560
688
836
945
996
1168
1313
1495
1616
1644
1667
1853
1873
1985
1999
2143
2119
2181
2369
2333
2382
2439
2507
2495
2559
2692
2678
2613
2731
2627
2771
2715
2802
2763
2831
2831
2943
2958
3007
2847
2975
2975
2895
3047
2991
2981
3059
3056
10000
2966
2685
2499
2434
2243
2038
2018
1974
1790
1614
1602
1486
1349
1373
1264
1172
1114
977
1028
899
960
896
832
918
640
728
794
641
672
641
538
720
620
560
504
459
496
384
448
433
394
300
320
269
355
268
272
282
208
217
10000
256
352
621
656
784
988
1076
1205
1190
1322
1508
1648
1744
1808
1854
1947
2031
2159
2159
2219
2233
2379
2448
2505
2597
2461
2651
2623
2690
2629
2629
2839
2737
2768
2830
2768
2867
2755
2919
2835
2800
3071
2864
2871
2907
3054
2853
2993
2949
2928
10000
2922
2685
2522
2413
2253
2058
2006
1846
1735
1733
1626
1443
1425
1398
1264
1300
1137
1104
1018
922
921
940
832
836
762
657
774
517
630
628
496
496
552
530
480
342
344
396
386
392
322
370
396
325
208
304
320
312
282
300
10000
228
492
524
673
850
869
1036
1226
1328
1424
1554
1625
1725
1724
1939
1925
2092
2059
2258
2239
2251
2301
2399
2383
2445
2559
2442
2670
2679
2683
2687
2727
2675
2813
2667
2903
2923
2847
2971
2891
2863
2987
2927
3063
2895
2889
3015
3024
2973
3061
10000
2897
2669
2467
2423
2235
2064
2046
1824
1774
1707
1535
1469
1417
1328
1345
1216
1044
1120
1035
1008
936
817
912
792
725
586
706
654
642
592
612
628
568
608
438
534
496
436
388
396
368
300
359
336
344
312
384
204
248
232
10000
192
420
544
670
758
914
1054
1266
1345
1509
1501
1675
1720
1871
1893
1958
2091
2137
2160
2320
2341
2319
2435
2431
2429
2614
2549
2615
2699
2702
2693
2835
2757
2759
2757
2809
2939
2811
2811
2823
2918
2751
2983
2992
2975
2951
2967
3055
2961
3026
10000
2891
2708
2615
2367
2224
2091
2020
1889
1835
1685
1698
1535
1360
1276
1289
1270
1153
1088
1084
988
886
896
848
756
808
672
726
640
733
648
528
613
585
528
528
416
484
410
400
426
325
337
320
256
220
288
309
166
372
232
10000
240
420
586
720
854
1013
1145
1177
1319
1490
1558
1648
1782
1857
1702
2064
2121
2103
2223
2273
2255
2288
2467
2439
2391
2527
2502
2746
2643
2706
2751
2767
2767
2799
2750
2822
2779
2867
2951
2815
2983
2923
2903
3007
2943
3063
2919
3071
2999
3071
10000
2887
2763
2591
2351
2247
2203
2039
1916
1847
1649
1636
1516
1377
1360
1196
1221
1174
1120
982
962
976
880
950
848
761
772
620
704
698
622
588
520
570
522
576
436
424
394
420
361
417
304
368
448
352
320
344
309
284
212
10000
245
480
592
664
780
979
1105
1234
1200
1401
1581
1664
1755
1837
1905
1936
2139
2135
2096
2283
2278
2353
2509
2429
2531
2559
2559
2621
2640
2615
2707
2801
2803
2807
2865
2935
2898
2863
2795
2837
2871
2875
2919
2847
2987
2992
2995
2965
3007
3153
10000
2838
2845
2559
2395
2323
2119
2035
2000
1699
1647
1675
1569
1457
1421
1239
1184
1257
1005
1002
930
860
891
930
822
747
672
688
636
656
588
534
496
562
514
518
452
464
430
444
424
416
464
409
360
368
264
258
256
272
272
10000
195
428
622
825
908
968
1076
1186
1350
1453
1442
1648
1681
1776
1857
2039
2018
2135
2106
2241
2320
2375
2375
2467
2512
2543
2559
2639
2619
2635
2687
2791
2811
2770
2798
2896
2807
2839
2871
2829
2963
2963
2993
2958
2942
3007
2931
3007
2999
3053
10000
2907
2735
2521
2435
2384
2118
2026
1856
1842
1666
1552
1520
1456
1350
1239
1217
1058
1057
1056
944
1000
942
893
780
784
786
650
718
656
560
580
576
576
624
492
421
452
384
353
354
426
272
368
386
339
181
311
280
230
148
10000
272
400
548
752
816
970
1082
1232
1346
1420
1535
1535
1775
1846
1829
2025
2113
2122
2219
2295
2278
2343
2445
2448
2530
2555
2555
2626
2639
2609
2739
2667
2787
2757
2807
2811
2735
2704
2903
2855
2887
2979
2951
2975
2959
2929
2994
2931
2971
3022
10000
2928
2743
2522
2288
2215
2119
2062
1855
1695
1744
1579
1499
1450
1334
1273
1272
1180
1069
1018
878
955
840
876
866
688
736
624
699
656
672
612
620
524
416
304
323
496
436
400
400
408
324
360
256
332
320
296
304
272
240
10000
208
320
546
626
853
912
1072
1108
1239
1509
1585
1603
1734
1837
1922
1985
2096
2171
2167
2291
2307
2295
2481
2443
2450
2544
2559
2543
2615
2751
2750
2783
2831
2815
2751
2895
2864
2867
2821
2871
2922
3003
2811
2847
2865
3039
2999
3039
3043
3059
10000
2869
2641
2547
2381
2192
2066
2061
1806
1766
1667
1607
1514
1430
1333
1312
1184
1168
1056
1008
898
960
869
868
840
722
712
746
688
716
613
464
504
448
520
556
496
434
442
400
432
302
304
306
304
368
410
256
228
216
214
10000
276
420
496
646
880
951
1086
1132
1296
1367
1638
1648
1755
1808
1906
1965
1995
2139
2251
2267
2255
2282
2419
2407
2463
2407
2591
2546
2598
2543
2691
2683
2741
2723
2831
2757
2879
2855
2907
2847
2918
2943
2865
2991
2971
3023
2879
3027
3023
2975
10000
2960
2603
2466
2371
2231
2110
1943
1907
1757
1781
1643
1476
1418
1371
1235
1286
1088
1130
940
942
922
828
944
816
796
712
595
656
593
544
554
462
528
540
500
426
368
484
481
368
392
320
336
279
240
386
310
185
280
245
10000
186
416
560
706
784
974
1054
1136
1296
1505
1535
1643
1791
1921
1990
1987
2047
2175
2193
2203
2293
2283
2305
2438
2487
2475
2549
2559
2623
2737
2751
2795
2643
2731
2883
2759
2911
2871
2800
2993
2903
2919
2962
2967
2999
3023
3055
2999
3027
2931
10000
3043
2669
2591
2402
2288
2079
1885
1878
1797
1681
1535
1554
1467
1376
1323
1120
1156
1074
972
944
972
926
848
834
757
630
749
730
692
602
597
576
640
518
528
384
369
368
482
354
348
432
292
314
300
304
322
288
337
368
10000
236
424
485
770
816
896
1088
1170
1341
1447
1535
1713
1819
1792
1818
1954
2010
2109
2203
2282
2369
2335
2411
2513
2535
2535
2559
2631
2635
2621
2768
2771
2755
2735
2743
2822
2800
2959
2837
2807
2879
2875
2871
2942
2967
2981
2919
3007
3019
3007
10000
2815
2651
2559
2389
2305
2176
2023
1974
1829
1724
1689
1563
1424
1264
1338
1271
1196
1200
1045
1019
900
800
756
784
755
694
742
676
557
608
505
462
518
474
408
602
440
428
288
400
386
361
336
348
360
272
225
248
308
256
10000
208
482
554
768
805
899
1005
1167
1250
1370
1513
1621
1779
1856
1834
2033
2159
2206
2127
2223
2238
2343
2416
2431
2543
2623
2518
2591
2663
2735
2707
2770
2799
2763
2806
2927
2822
2813
2845
2949
2866
2887
2951
3039
2951
2935
2915
2961
3027
3037
10000
2928
2736
2539
2435
2139
2119
1994
1933
1787
1729
1535
1535
1345
1318
1253
1283
1174
1021
1065
965
930
850
857
810
812
748
728
640
624
610
566
544
604
457
472
464
528
412
480
416
393
364
324
320
304
365
213
280
328
214
10000
245
272
576
672
832
868
1185
1171
1290
1375
1504
1685
1808
1791
1904
1950
2131
2157
2162
2261
2337
2379
2415
2461
2507
2541
2559
2641
2687
2658
2705
2671
2802
2862
2807
2774
2863
2903
2773
2895
2823
2839
2971
2971
2993
2887
3057
2993
2893
2979
10000
2832
2663
2601
2351
2191
2150
1986
1985
1811
1776
1535
1584
1441
1330
1325
1136
1110
1099
985
985
912
898
752
790
784
816
753
648
480
576
548
464
553
484
528
452
452
400
384
464
576
378
336
396
288
400
337
246
256
268
10000
320
386
538
632
816
960
1072
1307
1298
1452
1427
1649
1693
1759
1983
2017
2192
2115
2144
2165
2250
2267
2383
2515
2431
2535
2551
2531
2640
2672
2694
2691
2768
2879
2835
2811
2851
2782
2910
2907
2935
2943
2955
2919
2995
3015
2935
3035
3014
3071
10000
2899
2703
2541
2303
2239
2113
1918
1926
1732
1728
1569
1499
1421
1307
1211
1141
1072
1037
992
1012
972
956
772
773
832
771
736
656
726
564
592
554
624
522
493
448
544
433
389
346
394
307
368
289
342
400
272
436
348
144
10000
216
362
544
753
784
896
1091
1280
1238
1360
1582
1762
1716
1923
1867
1951
2113
2187
2301
2199
2367
2346
2437
2495
2423
2559
2513
2546
2625
2607
2711
2731
2676
2731
2819
2831
2895
2799
2847
2859
2895
2942
3011
3015
2967
2927
2879
2963
3045
2955
10000
2867
2725
2551
2359
2287
2185
2071
1889
1683
1670
1484
1448
1409
1310
1330
1308
1168
981
1059
994
1041
924
792
720
832
652
742
649
656
633
548
462
556
604
472
396
448
500
354
436
416
432
336
277
233
312
265
280
240
262
10000
292
402
557
712
902
1014
1099
1285
1397
1409
1535
1688
1727
1883
1879
1937
1935
2030
2147
2209
2391
2384
2330
2405
2467
2487
2589
2671
2591
2650
2703
2727
2730
2782
2759
2813
2871
2855
2919
2907
2901
2993
3005
2911
2995
2993
2975
3024
3067
3054
10000
2935
2699
2559
2384
2199
2055
1893
1917
1749
1656
1597
1600
1424
1337
1248
1104
1158
1070
1014
950
972
960
884
821
768
764
640
528
624
696
580
524
494
429
552
491
570
378
324
388
356
312
338
397
298
368
290
370
224
320
10000
240
378
628
676
938
978
1019
1142
1328
1433
1565
1680
1724
1831
1892
2061
1963
2071
2159
2251
2307
2381
2418
2515
2535
2551
2507
2599
2715
2727
2651
2811
2697
2791
2749
2835
2879
2835
2863
2823
3007
2903
2943
2887
2975
2855
2929
2986
3023
2933
10000
2951
2767
2595
2281
2327
2139
2034
1870
1795
1673
1581
1605
1457
1402
1273
1163
1122
1102
998
913
913
842
850
802
817
728
653
704
650
597
534
556
460
496
480
464
416
304
425
456
357
276
320
240
296
282
296
267
302
240
10000
192
434
560
650
889
864
1052
1230
1360
1408
1459
1609
1705
1837
1936
1947
2125
2096
2181
2192
2258
2333
2437
2385
2499
2416
2614
2651
2746
2559
2721
2782
2719
2835
2871
2864
2863
2871
2919
2903
2923
2928
2939
2995
3034
2929
2979
2989
2983
2983
10000
2859
2679
2519
2435
2217
2147
1984
1851
1754
1706
1570
1440
1478
1296
1186
1152
1136
1059
982
937
928
816
846
848
692
689
684
778
672
570
552
621
544
496
480
480
474
448
380
420
480
242
312
308
220
200
212
224
282
266
10000
216
320
476
712
870
944
1094
1095
1346
1421
1462
1728
1726
1812
1911
2027
2085
2143
2195
2320
2367
2455
2453
2479
2503
2475
2559
2671
2627
2559
2671
2743
2710
2747
2695
2725
2795
2751
2919
2855
2863
2965
2846
2915
2923
2833
2991
3011
2975
2983
10000
2845
2705
2525
2391
2279
2159
1951
1854
1909
1783
1530
1456
1520
1330
1360
1145
1114
1081
996
984
938
816
804
828
784
704
624
596
656
538
496
428
474
498
460
352
418
384
320
336
294
326
356
276
232
273
326
360
236
300
10000
200
372
496
688
848
934
1040
1154
1255
1531
1595
1646
1695
1798
1877
1981
1975
2162
2141
2185
2215
2416
2407
2443
2487
2551
2595
2484
2609
2555
2645
2703
2736
2846
2747
2823
2891
2879
2839
3003
2907
2943
2979
2942
2943
2935
2987
3003
2997
3039
10000
2949
2704
2487
2452
2219
2096
2017
1859
1774
1664
1615
1406
1344
1310
1232
1142
1160
1116
976
944
899
922
880
794
848
829
736
684
718
580
544
550
560
486
501
434
409
400
448
400
356
384
308
312
288
294
266
232
198
244
10000
236
456
497
662
838
912
1048
1152
1328
1446
1500
1505
1769
1778
1895
2017
2045
2169
2118
2231
2395
2363
2415
2525
2465
2611
2655
2623
2651
2637
2691
2705
2653
2879
2727
2857
2928
2867
2911
2901
2915
3035
2995
2919
3022
2955
3015
3055
3021
3027
10000
2925
2723
2495
2431
2274
2098
2013
1939
1854
1666
1617
1520
1402
1349
1267
1190
1138
1120
1098
1104
877
899
803
816
740
720
714
602
562
528
510
459
536
485
432
392
456
384
384
366
280
316
320
320
304
296
304
304
176
309
10000
256
412
624
704
850
909
1124
1232
1388
1386
1559
1605
1743
1760
1981
2022
2071
2151
2239
2303
2307
2256
2289
2478
2532
2542
2503
2591
2631
2699
2687
2727
2723
2715
2819
2925
2873
2865
2959
2943
2981
2965
2919
3107
2941
2949
3023
2883
3047
2999
10000
2871
2741
2499
2435
2187
2160
2004
1889
1841
1647
1535
1558
1520
1339
1282
1221
1177
1069
1078
877
944
864
874
912
758
690
804
800
762
618
556
557
520
525
579
373
465
508
434
444
400
393
357
348
320
272
344
256
244
288
10000
204
432
522
710
850
920
1196
1219
1308
1466
1553
1595
1780
1867
1963
1903
2036
2224
2165
2303
2258
2384
2431
2384
2541
2559
2641
2559
2661
2661
2703
2747
2775
2723
2791
2801
2843
2879
2871
2909
2885
2998
2951
2989
2998
2947
2960
3054
2991
3095
10000
2943
2699
2551
2335
2251
2118
1983
1881
1805
1771
1663
1565
1473
1341
1306
1232
1153
1120
948
1045
880
896
776
740
832
736
690
633
666
624
525
592
492
592
406
489
458
472
364
392
340
358
384
357
354
278
314
356
242
264
10000
193
516
466
752
868
966
1092
1207
1360
1401
1625
1629
1774
1765
1911
1927
2037
2096
2254
2227
2290
2352
2477
2415
2416
2421
2529
2618
2591
2615
2663
2704
2725
2751
2815
2799
2895
2915
2960
2886
2957
2974
2943
2991
3117
2927
3071
2992
3037
3007
10000
2951
2759
2557
2439
2318
2091
2031
1925
1737
1651
1552
1568
1392
1328
1286
1257
1176
1110
1025
1011
912
915
872
832
720
715
697
708
620
683
630
507
450
426
464
556
488
444
468
412
398
377
304
282
320
276
321
278
240
240
10000
128
342
544
756
826
912
1088
1165
1230
1414
1607
1584
1745
1730
1907
1931
2177
2165
2186
2179
2366
2303
2407
2453
2427
2619
2611
2467
2595
2559
2679
2783
2611
2857
2801
2821
2807
2751
2839
2871
2823
2874
2913
2901
2975
2879
2961
3019
2971
3047
10000
2923
2731
2523
2359
2294
2151
1991
1968
1735
1675
1641
1582
1434
1473
1246
1267
1189
1114
1028
889
958
924
817
746
826
698
730
640
576
612
528
612
528
442
496
480
448
358
432
400
352
352
384
336
352
256
280
228
285
264
10000
152
472
515
613
928
962
1045
1168
1289
1561
1614
1648
1719
1803
1961
2091
1997
2126
2178
2241
2288
2197
2374
2448
2613
2527
2619
2555
2645
2621
2699
2723
2855
2731
2790
2829
2843
2901
2951
2887
2885
2963
2831
3037
2979
3003
3067
3024
3031
2987
10000
2919
2705
2593
2326
2187
2039
2067
1851
1722
1616
1672
1498
1449
1328
1317
1260
1116
1041
1017
974
906
905
832
793
780
807
669
612
614
616
669
626
481
496
462
481
467
400
378
416
368
360
368
260
304
361
352
292
218
217
10000
146
331
498
752
832
896
1098
1187
1328
1420
1500
1665
1831
1878
2010
1970
2098
2103
2205
2329
2245
2463
2443
2382
2522
2541
2525
2658
2679
2647
2733
2755
2779
2654
2786
2759
2863
2863
2915
2839
2935
2870
2951
2943
3007
3095
2947
3029
3057
3055
10000
2863
2726
2559
2367
2319
2211
1983
1883
1883
1712
1592
1667
1434
1315
1269
1238
1238
1011
997
1020
813
918
781
784
713
642
649
660
588
600
612
560
500
448
384
409
524
336
400
352
364
388
400
348
284
300
304
306
267
176
10000
314
406
529
624
913
969
1008
1232
1360
1396
1507
1552
1679
1776
1937
1926
2115
2207
2159
2162
2286
2278
2423
2405
2509
2479
2559
2530
2631
2769
2645
2667
2721
2837
2727
2736
2897
2863
2813
2878
2958
2895
2815
2959
3059
3007
2963
3039
3071
3098
10000
2967
2726
2595
2389
2215
2067
1915
1879
1827
1586
1483
1501
1393
1319
1267
1234
1213
1094
1018
934
899
915
852
753
762
768
680
709
656
592
624
488
556
564
560
436
468
384
426
308
288
341
298
256
299
282
266
192
266
368
10000
260
365
492
708
769
907
1028
1168
1376
1434
1556
1664
1680
1796
1807
1981
2021
2066
2077
2309
2262
2367
2419
2431
2455
2587
2639
2559
2671
2631
2799
2695
2814
2753
2823
2799
2839
2859
2935
2867
2800
2931
2915
3035
2941
2971
3023
2955
3149
2992
10000
2895
2707
2559
2363
2247
2206
2037
1893
1794
1669
1593
1474
1413
1238
1312
1184
1224
1056
1046
981
862
802
773
800
737
692
661
634
564
548
642
642
518
586
557
352
448
518
392
370
364
260
328
360
282
256
340
220
200
336
10000
256
384
561
621
713
940
1123
1185
1306
1488
1472
1680
1681
1741
1966
1947
2022
2077
2190
2213
2242
2384
2427
2405
2559
2538
2546
2687
2507
2613
2771
2645
2815
2709
2799
2875
2837
2894
2995
2863
2903
2955
2929
2893
2919
3007
2943
3153
3093
3183
10000
2919
2791
2645
2399
2198
2087
2075
1908
1813
1664
1486
1416
1411
1266
1342
1109
1168
1130
1073
998
1029
804
864
806
804
800
736
676
640
642
634
627
525
502
624
394
490
442
372
417
377
342
346
314
245
256
322
184
276
148
10000
214
352
617
712
866
960
1040
1202
1296
1423
1478
1629
1809
1746
1926
2022
2015
2178
2154
2287
2329
2325
2431
2448
2480
2559
2559
2641
2767
2609
2699
2703
2883
2800
2767
2847
2742
2855
2811
2928
2939
3015
2957
2989
2983
2975
2951
3019
2989
3063
10000
2943
2725
2559
2334
2267
2182
1968
1869
1761
1766
1601
1577
1381
1401
1392
1144
1168
1105
1002
1009
838
903
872
816
784
752
718
704
576
581
625
508
592
460
436
467
430
400
466
268
324
384
368
320
340
260
265
268
225
227
10000
240
362
470
656
784
872
1008
1136
1392
1377
1535
1655
1843
1818
1952
1927
2071
2117
2221
2303
2301
2290
2352
2435
2437
2534
2613
2651
2733
2691
2734
2691
2710
2832
2855
2781
2799
2791
2855
2935
2879
2995
2887
2887
2983
2911
3121
2983
3027
3025
10000
2963
2775
2653
2323
2215
2139
2016
1898
1801
1713
1571
1530
1413
1317
1296
1247
1076
1088
994
966
996
960
832
791
810
796
760
768
681
618
544
592
489
536
554
448
426
364
384
368
340
354
368
304
273
360
304
272
240
224
10000
136
384
528
656
854
950
1057
1293
1262
1475
1457
1648
1718
1894
1909
1962
1983
2115
2247
2253
2343
2416
2471
2470
2495
2543
2615
2695
2623
2619
2704
2747
2743
2801
2743
2867
2801
2833
2843
2896
3031
2919
2847
3055
3025
3023
3031
2965
3019
3063
10000
2896
2763
2608
2423
2251
2178
1979
1867
1695
1732
1664
1563
1405
1317
1242
1201
1153
1072
1088
996
794
912
748
864
764
752
688
720
480
628
641
528
509
464
365
490
466
352
340
373
444
336
368
336
336
305
304
256
256
266
10000
144
384
650
698
848
1022
1074
1292
1328
1434
1589
1613
1676
1676
1943
2015
2083
2045
2329
2147
2303
2367
2368
2403
2527
2559
2512
2603
2647
2678
2731
2837
2847
2736
2837
2829
2837
2898
2835
2823
2925
2915
2926
2919
2959
3017
3011
3059
2983
2943
10000
2893
2678
2539
2367
2239
2128
2023
1918
1785
1712
1672
1489
1426
1313
1240
1334
1182
1113
1017
1036
944
932
778
736
773
787
688
706
674
544
568
563
532
400
596
426
433
436
424
368
400
284
268
366
304
282
310
300
288
128
10000
228
400
560
689
788
960
1104
1088
1396
1460
1582
1639
1775
1791
1890
1934
2075
2147
2273
2263
2359
2359
2513
2379
2547
2591
2559
2549
2623
2739
2725
2639
2750
2815
2797
2863
2878
2894
2775
2942
2938
2895
2960
2907
2915
3035
2959
3039
3057
3047
10000
2975
2687
2547
2399
2227
2156
2032
1892
1787
1696
1663
1477
1487
1385
1342
1162
1050
1178
1006
1068
869
878
842
673
805
608
609
580
672
660
530
576
496
496
502
462
396
346
376
384
384
336
400
280
296
336
260
244
256
208
10000
224
438
531
748
784
929
1088
1276
1393
1478
1440
1695
1683
1789
1936
2096
2097
2135
2131
2236
2333
2277
2555
2461
2501
2512
2491
2669
2693
2647
2631
2701
2690
2823
2835
2823
2883
2823
2959
2959
2833
2939
2853
3067
3007
3027
2891
2927
3022
2958
10000
2910
2319
2523
2390
2255
2097
1939
1957
1768
1687
1558
1449
1435
1322
1213
1168
1127
1056
1046
1052
969
1018
800
800
778
790
752
656
568
594
644
564
484
528
548
368
436
432
392
376
390
292
244
400
336
200
324
312
244
288
10000
256
384
596
712
808
998
1216
1189
1284
1427
1602
1680
1719
1856
1879
2045
2006
2199
2210
2255
2263
2436
2467
2511
2533
2455
2478
2690
2653
2683
2666
2735
2645
2701
2803
2811
2791
2795
2893
2930
2845
2928
2929
2896
2943
2879
2987
2989
3005
3055
10000
2919
2747
2559
2480
2195
2111
1975
1855
1837
1662
1587
1489
