3239
3293
3247
3255
3323
3263
3323
3335
3247
3255
10000
1503
1652
1244
1088
880
818
756
535
700
672
655
624
566
528
576
505
562
553
480
470
368
368
401
448
348
400
336
368
370
338
320
284
266
312
300
320
290
256
261
258
273
276
220
268
231
272
276
226
176
214
10000
64
1246
1971
2233
2407
2559
2608
2704
2755
2765
2847
2886
2959
2890
2963
2939
2939
2943
2999
3027
3027
3019
3071
3099
3103
3181
3091
3071
3151
3071
3165
3183
3153
3149
3147
3187
3163
3217
3215
3229
3247
3143
3157
3235
3179
3295
3295
3207
3319
3271
10000
1468
1627
1328
1078
844
896
752
754
682
654
616
560
497
546
568
484
404
416
400
972
1385
1259
1204
1094
1074
985
912
880
820
802
823
768
704
688
592
614
562
496
466
417
432
476
384
385
248
218
136
165
202
80
10000
16
1205
1906
2113
2338
2485
2503
2606
2673
2787
2768
2751
2765
2807
2766
2875
1521
1659
1802
1853
1913
2046
2307
2187
2215
2306
2366
2513
2559
2503
2559
2647
2694
2719
2787
2855
2835
2877
2875
2963
2955
3007
2991
3039
2999
3019
3071
3061
3191
3119
10000
2979
2830
2627
2423
2238
2139
2019
1857
1759
1677
1564
1516
1408
1346
1213
1110
1104
1010
1008
860
909
834
813
709
712
656
640
416
261
256
240
181
136
208
425
409
432
486
304
202
185
104
96
96
163
76
138
74
144
0
10000
5
966
1685
2061
2291
2448
2539
2589
2659
2723
2723
2799
2775
2790
2855
2879
2822
2928
2911
2895
3014
2997
2931
2993
3031
3005
2967
3071
3061
3023
3071
3025
3103
3071
3120
3059
3153
3199
3147
3179
3120
3263
3147
3125
3120
3155
3215
3275
3191
3203
10000
1471
1535
1216
1052
880
866
705
711
592
584
570
538
506
488
506
432
484
420
424
400
425
362
373
368
308
281
282
312
324
312
332
276
192
214
256
300
198
218
208
240
208
138
176
216
164
168
240
97
65
180
10000
34
1264
1958
2243
2471
2543
2679
2747
2768
2791
2823
2879
2909
2863
2927
2898
3023
2961
2959
2991
3027
3031
3121
3103
3055
3091
3175
3103
3163
3147
3197
3187
3167
3185
3195
3187
3231
3119
3207
3247
3183
3239
3287
3218
3181
3249
3303
3263
3327
3280
10000
1487
1488
1232
1028
912
884
784
747
720
672
540
603
592
448
518
528
498
517
365
424
432
448
419
404
364
336
307
329
288
256
272
288
244
264
304
336
280
288
272
268
208
194
244
246
184
192
212
224
138
216
10000
26
1280
1957
2303
2416
2559
2693
2739
2759
2887
2835
2923
2839
3035
2943
2995
3143
2965
3071
3031
2935
3071
3123
3071
3163
2802
2183
2163
2326
2364
2479
2481
2605
2589
2645
2682
2790
2695
2798
2847
2809
2859
2939
2975
2991
2995
3037
3037
3151
3125
10000
2959
2791
2623
2383
2279
2190
1967
1874
1744
1662
1562
1504
1365
1296
1146
1122
1084
998
962
966
938
849
762
740
690
640
650
561
561
528
480
388
464
408
338
392
337
336
389
336
276
313
240
224
234
192
224
204
188
204
10000
172
385
496
712
794
969
1072
1194
1403
1530
1653
1786
1788
1969
1995
2131
2217
2289
2327
2441
2477
2503
2512
2605
2650
2704
2733
2795
2879
2865
2935
2915
2967
2967
3003
3087
3011
3044
3023
3089
3143
3126
3183
3167
3152
3155
3179
3199
3231
3279
10000
3051
2875
2641
2495
2297
2143
2103
1856
1895
1733
1649
1534
1446
1324
1328
1183
1114
1088
950
944
923
865
853
758
691
656
620
630
592
608
504
444
528
464
448
384
369
332
320
313
336
288
244
265
240
240
256
202
146
256
10000
169
400
540
666
845
946
1168
1232
1426
1493
1638
1740
1917
1981
2038
2158
2239
2321
2411
2473
2534
2522
2547
2595
2704
2718
2774
2871
2884
2899
2896
2831
2929
2933
2960
3057
3031
3039
3063
3115
3175
3101
3153
3185
3175
3103
3191
3217
3183
3342
10000
3063
2955
2674
2511
2352
2164
2072
1903
1791
1753
1690
1516
1455
1389
1281
1179
1094
1081
1028
916
944
876
812
732
744
753
652
642
436
533
576
466
544
428
432
404
400
412
320
370
320
308
304
304
208
280
228
200
256
256
10000
203
402
548
736
864
1012
1116
1280
1424
1622
1729
1808
2037
1979
2093
2131
2283
2271
2367
2467
2519
2559
2640
2631
2653
2735
2847
2831
2864
2909
3022
2919
2935
2935
2991
2987
3039
3055
3149
3087
3127
3143
3147
3147
3343
3143
3191
3263
3325
3217
10000
3155
2963
2735
2559
2386
2257
2097
1919
1782
1653
1596
1456
1386
1362
1274
1188
1157
1109
987
916
891
902
826
784
768
673
640
695
627
614
577
544
560
393
497
470
384
364
326
348
320
320
288
274
276
196
192
260
256
148
10000
208
368
576
723
878
1014
1203
1335
1489
1600
1670
1763
1841
1968
2129
2165
2291
2351
2387
2419
2478
2534
2555
2658
2631
2773
2815
2832
2799
2922
2883
2978
2928
2943
2975
2961
3030
2994
3067
3183
3159
3139
3158
3051
3215
3253
3231
3223
3247
3183
10000
2991
2903
2647
2501
2347
2142
2057
1955
1773
1698
1590
1509
1424
1312
1296
1216
1072
1065
976
985
864
836
748
768
800
710
602
582
550
565
576
456
480
424
488
464
460
432
354
312
288
292
312
268
280
192
192
212
244
176
10000
128
384
568
656
912
968
1181
1335
1338
1555
1693
1751
1893
1889
2015
2111
2239
2227
2334
2399
2467
2559
2559
2641
2679
2702
2736
2787
2839
2833
2862
2886
2923
2943
3055
2975
2981
3054
3099
3087
3117
3135
3119
3179
3149
3183
3195
3175
3195
3103
10000
3159
2865
2727
2482
2383
2202
2119
1983
1851
1782
1563
1535
1403
1323
1172
1232
1136
1040
976
900
900
843
752
726
784
723
688
576
652
608
521
448
448
432
416
384
362
394
342
363
288
388
282
320
320
240
234
192
220
216
10000
176
360
532
705
874
984
1168
1270
1438
1633
1592
1808
1879
1897
2150
2141
2213
2322
2319
2463
2471
2559
2629
2611
2722
2759
2751
2800
2811
2863
2939
2864
2961
3043
2983
2971
3043
3109
3101
3127
3089
3067
3151
3153
3185
3207
3186
3239
3191
3263
10000
3123
2805
2675
2544
2375
2277
2154
1926
1802
1713
1659
1471
1439
1312
1223
1197
1035
1040
960
913
874
794
821
802
743
752
753
614
656
602
584
562
544
497
466
396
437
394
340
368
324
322
305
244
228
296
256
272
224
196
10000
192
400
581
784
896
1008
1217
1296
1476
1617
1762
1802
1907
2018
2135
2249
2265
2354
2423
2474
2559
2614
2607
2651
2703
2673
2827
2839
2863
2907
2963
2943
3047
3003
3007
3070
3063
3159
3063
3219
3135
3211
3199
3131
3263
3243
3237
3280
3251
3219
10000
3127
2815
2663
2435
2271
2148
1974
1911
1731
1744
1594
1416
1299
1295
1232
1170
1098
976
840
954
835
820
784
640
720
609
634
624
569
548
536
457
444
410
444
436
368
325
329
304
291
246
260
216
200
228
192
136
132
128
10000
72
976
1625
2192
2479
2655
2833
2623
2907
2951
3043
3039
3051
3127
3135
3191
3147
3199
3183
3173
3217
3299
3239
3199
3231
3239
3039
3359
3247
3263
3327
3347
3205
3287
3325
3382
3319
3327
3423
3423
3327
3455
3419
3359
3487
3647
3319
3335
3373
3487
10000
2323
1486
930
678
492
408
186
192
117
216
115
92
80
144
96
105
0
199
88
104
36
0
20
0
2
20
0
0
0
0
0
0
0
0
0
0
18
0
0
0
0
0
0
0
0
0
0
0
0
0
10000
0
1226
2354
2854
2947
3195
3287
3295
3479
3303
3487
3407
3507
3543
3619
3474
3551
3607
3567
3463
3611
3603
3583
3711
3535
3647
3421
3495
3613
3543
3507
3695
3559
3533
3511
3543
3579
3447
3647
3487
3647
3515
3543
3567
3523
3535
3531
3503
3693
3399
10000
1275
1001
602
320
384
224
236
106
236
96
104
84
149
81
44
82
32
48
160
76
22
40
21
0
0
82
0
0
0
0
2
0
0
32
8
0
0
0
112
82
0
0
16
0
0
0
0
0
0
0
10000
0
1392
2483
2911
3195
2615
3059
3447
3571
3567
3583
3535
3259
3707
3859
3693
3569
3623
3517
3711
3733
3647
3655
3655
3611
3707
3523
3511
3583
3615
3549
3887
3583
3431
3603
3667
3547
3502
3751
3703
3711
3641
3791
3667
3691
3823
3783
3683
3663
3623
10000
2384
1472
917
588
308
197
288
98
176
96
80
0
0
0
160
84
0
64
0
40
0
8
0
4
0
0
0
0
140
116
0
0
0
0
0
0
0
0
0
0
0
0
0
0
0
0
0
0
0
0
10000
24
1168
2247
2927
3111
3313
3455
3723
3583
3793
3537
3619
3839
3391
3663
3633
3491
3575
3761
3583
3703
3621
3551
3504
3493
3583
3975
3271
3583
3519
3547
3615
3615
3615
3519
3635
3687
3675
3819
3887
3762
3711
3943
3719
3851
3439
3915
3775
3887
3851
10000
2355
1529
918
584
352
320
168
20
2
8
102
24
58
48
80
0
0
0
8
192
68
0
16
0
52
16
0
0
0
0
6
0
34
0
0
25
0
0
0
0
0
0
0
50
0
0
0
0
86
0
10000
0
849
1971
2734
2991
3247
3335
3507
3465
3731
3503
3633
3643
3645
3543
3687
3487
3509
3583
3627
3653
3035
3727
3527
3623
3471
3765
3559
3655
3775
3723
3735
3747
3711
3827
3719
3711
3787
3647
3679
3707
3935
3667
3611
3839
3921
3799
3759
3787
3731
10000
2389
1478
882
464
266
240
128
80
82
112
114
106
0
104
0
8
0
0
32
0
16
0
0
0
0
0
56
0
42
0
82
0
42
20
44
57
16
0
0
0
0
0
0
196
50
0
24
1
80
0
10000
0
1258
2320
3014
2993
3102
3203
3375
3423
3531
3463
3703
3454
3551
3295
3543
3391
3615
3463
3543
3647
3429
3455
3583
3539
3555
3730
3775
3665
3703
3583
3583
3363
3246
4023
3751
3799
3795
3855
3643
3711
3695
3919
3567
3687
3699
3775
3679
3727
3623
10000
1221
1173
396
300
160
96
52
128
138
42
76
59
41
98
88
84
64
56
172
0
52
178
4
74
80
0
56
0
130
180
104
5
0
0
20
0
19
0
0
0
0
16
0
0
32
0
0
0
0
0
10000
0
1360
2547
2867
3091
3199
3294
3335
3143
3479
3271
3487
3377
3327
3631
3683
3472
3719
3507
3839
3615
3729
3903
3643
3687
3527
3671
3575
3686
3679
3631
3643
3615
3623
3863
3711
3755
3659
3697
3455
3565
3423
3615
3551
3699
3151
3447
3567
3615
3563
10000
1168
1093
1050
624
404
336
170
160
52
72
208
80
0
16
4
64
132
298
176
96
154
16
67
0
16
0
17
0
0
0
0
88
0
0
0
0
0
65
16
0
0
0
0
0
64
0
0
0
0
0
10000
2
794
1941
2642
2895
3175
3349
3383
3442
3569
3571
3723
3871
3583
3583
3699
3803
3615
3582
3533
3631
3615
3711
3669
3571
3719
3569
3703
3739
3759
3734
3543
3643
3633
3575
3549
3583
3563
3254
3605
3527
3505
3711
3647
3571
3559
3775
3703
3839
3757
10000
2342
1458
782
642
421
296
21
488
210
142
100
82
33
144
8
32
92
0
0
0
4
108
0
0
48
4
8
0
0
0
0
0
0
0
0
2
48
0
0
0
58
0
0
0
0
0
0
0
17
0
10000
24
1133
2224
2754
3223
3349
3447
3363
3583
3659
3795
3519
3504
3535
3643
3799
3839
3643
3755
3639
3793
3729
3911
3605
3731
3678
3455
3575
3623
3877
3787
3583
3403
3583
3583
3675
3627
3643
3519
3551
3583
3675
3855
3679
3775
3807
3807
3543
3799
3826
10000
1387
1008
651
496
362
137
74
65
64
26
112
80
82
0
128
84
0
44
36
0
0
64
16
56
28
48
0
208
0
0
58
24
0
0
0
0
0
0
0
0
0
0
0
0
0
11
0
0
4
0
10000
0
1452
2647
3103
3231
3403
3135
3503
3539
3647
3727
3387
3507
3583
3609
3571
3499
3495
3485
3519
3455
3487
3634
3559
3407
3655
3695
3479
3483
3431
3743
3487
3423
3647
3667
3743
3647
3699
3719
3697
3663
3470
3735
3570
3739
4051
3743
3847
3607
3951
10000
1077
772
402
338
324
320
160
176
80
2
42
166
108
160
76
56
210
180
40
0
0
0
8
0
0
0
44
0
4
0
0
0
0
0
0
0
0
0
0
0
0
0
80
0
0
0
0
0
0
16
10000
132
2335
3069
3295
3315
3375
3407
3439
3423
3543
3562
3327
3703
3663
3451
3474
3407
3505
3583
3701
3759
3441
3423
3635
3671
3615
3551
3631
3615
3615
3583
3699
3631
3645
3647
3607
3998
3829
3629
3531
3647
3711
3693
3632
3575
3507
3505
3791
3653
3793
10000
1107
672
360
336
160
98
228
138
0
138
20
0
80
0
1
36
106
32
0
68
26
48
0
0
0
0
34
118
0
64
34
0
8
0
32
0
0
0
16
35
244
80
0
0
10
0
56
80
10
0
10000
0
1728
3007
3251
3317
3437
3379
3359
3559
3423
3375
3583
3655
3389
3505
3446
3647
3687
3607
3493
3635
3711
3559
3571
3711
3583
3807
3507
3879
3711
3727
3707
3647
3687
3813
3664
3583
3627
3719
3517
3635
3679
3743
3727
3551
3783
3469
3643
3829
3627
10000
914
530
432
256
176
80
110
80
224
128
132
176
64
38
112
81
90
48
116
16
80
58
20
0
4
0
264
64
80
16
0
0
0
0
112
60
0
0
0
0
0
0
0
0
0
0
0
0
8
16
10000
0
1819
2815
3255
3447
3143
3551
3205
3475
3559
3519
3637
3583
3311
3583
3441
3495
3507
3543
3607
3679
3793
3615
3471
3367
3839
3743
3699
3519
3967
3655
3731
3667
3621
3615
3551
3755
3791
3679
3729
3679
3659
3691
3855
3471
3478
3743
3519
3619
3671
10000
1002
450
412
342
288
346
96
196
112
90
194
128
256
2
16
117
0
84
33
0
51
96
80
0
42
37
0
42
10
104
96
160
0
0
72
0
20
8
0
0
48
58
8
0
0
98
0
0
0
0
10000
17
2062
3027
3323
3205
3455
3295
3313
3403
3647
3575
3473
3415
3667
3551
3523
3505
3743
3683
3711
3603
3519
3743
3711
3583
3567
3583
3825
3643
3839
3603
3615
3563
3583
3583
3870
3477
3574
3383
3455
3711
3663
3629
3474
3623
3499
3803
3751
3639
3765
10000
1056
659
417
368
550
300
208
144
128
72
168
64
160
88
90
80
132
160
164
120
64
0
0
17
0
0
40
0
26
0
34
240
0
48
0
0
0
0
0
0
16
0
0
0
0
0
0
0
0
0
10000
48
2224
2931
3066
3423
3363
3339
3382
3327
3638
3519
3527
3615
3671
3573
3519
3583
3631
3519
3683
3759
3473
3603
3525
3733
3767
3655
3535
3679
3551
3583
3695
3503
3607
3549
3734
3551
3663
3627
3805
3543
3526
3627
3679
3635
3605
3519
3743
3711
3826
10000
1028
752
468
342
313
226
100
162
88
208
16
136
34
185
112
56
64
32
50
0
112
0
0
36
66
0
4
0
0
0
0
0
34
8
38
0
0
64
48
42
0
8
0
18
0
116
12
88
0
64
10000
0
1737
2999
3088
3349
3519
3415
3531
3551
3383
3543
3551
3615
3447
3503
3571
3615
3775
3505
3671
3408
3607
3583
3615
3675
3543
3775
3709
3839
3695
3703
3731
3731
3839
3643
4095
3823
3955
3635
4095
3987
3871
3807
3831
3935
3791
3687
3839
3727
3871
10000
936
749
537
508
226
305
288
426
228
288
256
100
100
182
65
137
160
224
116
102
104
272
176
182
144
208
192
136
144
186
208
169
208
304
176
112
196
256
208
134
165
224
160
116
144
210
256
184
138
98
10000
10
2172
3071
3583
3479
3615
3495
3799
3647
3743
3631
3887
4071
3955
3979
3795
3815
3911
4019
4095
3951
4095
3871
3935
4031
4083
4063
4095
4095
4095
4015
3981
4095
4095
4095
4023
4031
4095
4095
4095
4095
4063
3983
4039
3927
3967
3983
3935
4095
4095
10000
1182
1072
816
820
538
592
579
536
468
509
453
352
566
476
458
466
312
464
370
420
312
264
342
256
296
340
330
224
336
304
272
352
228
313
448
272
240
256
308
273
280
200
228
137
432
224
352
313
233
388
10000
74
2320
3327
3935
3779
3871
4071
4095
4095
4095
4095
4095
4095
4095
4095
4095
4095
4095
4095
4095
4095
4095
4095
4095
4095
4095
4095
4095
4087
4095
4095
4095
4095
4095
4095
4095
4095
4095
4095
4095
4095
4095
4078
4095
4095
4095
4095
4095
4079
4095
10000
1230
1052
916
662
609
464
464
421
356
464
440
272
272
416
308
325
256
274
224
192
180
170
212
272
208
204
162
160
144
42
69
68
192
176
160
40
114
133
140
112
176
80
96
96
73
76
32
44
26
80
10000
0
1781
2831
3153
3239
3299
3431
3419
3519
3583
3603
3527
3607
3435
3583
3463
3671
3825
3711
3675
3635
3505
3547
3735
3634
3631
3887
3759
3571
3887
3815
3831
3793
3891
3757
3729
3743
3763
3731
3855
3583
3735
3795
3707
3889
3685
3783
3903
3291
3729
10000
976
718
404
384
277
314
236
240
258
208
200
76
256
69
90
80
113
133
96
64
0
152
107
64
176
81
64
102
68
0
84
89
0
0
0
16
17
0
0
0
0
12
0
56
10
0
5
0
0
0
10000
44
2081
2803
3053
3270
3221
3391
3543
3327
3475
3347
3647
3615
3461
3647
3607
3661
3699
3550
3807
3963
3539
3499
3603
3515
3679
3711
3679
3487
3765
3535
3575
3471
3447
3699
3471
3537
3583
3695
3217
3535
3539
3543
3699
3447
3611
3583
3563
3653
3671
10000
1140
752
490
266
393
196
260
204
288
170
0
80
98
0
144
184
176
40
0
129
22
0
0
64
4
112
80
0
0
42
80
0
0
64
0
48
0
36
64
44
0
0
22
0
0
16
0
0
0
0
10000
118
2374
3039
3183
3287
3367
3509
3299
3487
3471
3559
3519
3567
3543
3499
3655
3663
3647
3711
3691
3495
3647
3661
3687
3655
3727
3615
3575
3627
3699
3623
3175
3647
3583
3558
3569
3675
3491
3583
3631
3519
3967
3659
3611
3687
3647
3711
3679
3791
3667
10000
1084
785
400
256
272
282
128
240
236
128
104
178
0
120
108
8
0
106
48
34
16
0
80
84
82
96
0
24
0
0
0
0
0
24
0
34
0
0
0
0
0
0
0
0
16
32
32
0
0
0
10000
44
2155
2959
3263
3231
3407
3408
3603
3711
3551
3483
3767
3559
3631
3519
3583
3615
3551
3583
3791
3635
3711
3687
3813
3567
3569
3619
3763
3495
3757
3487
3871
3751
3767
3646
3839
3727
3571
3857
3675
3775
3631
3615
3759
3859
3615
3663
3775
3839
3775
10000
1170
608
305
425
291
172
268
100
178
162
152
180
52
192
128
48
128
0
16
108
116
64
90
76
0
0
192
16
112
16
0
48
0
52
48
80
56
0
13
128
32
278
144
25
36
0
0
40
16
0
10000
100
2507
3175
3439
3391
3407
3519
3519
3743
3615
3471
3575
3687
3563
3475
3615
3719
3567
3607
3615
3667
3677
3711
3759
3639
3679
3763
3711
3711
3659
3727
3851
3871
3791
3743
3703
3797
3831
3879
3743
3687
3679
3667
3759
3791
3790
3583
3635
3826
3719
10000
1101
528
386
272
176
160
115
144
128
16
112
112
48
90
134
112
80
104
140
0
42
64
40
20
16
150
48
92
64
114
0
0
48
0
0
0
0
80
41
0
48
72
44
0
36
0
0
0
0
0
10000
0
1771
2981
3283
3253
3347
3367
3463
3515
3359
3695
3343
3523
3605
3443
3506
3655
3607
3579
3651
3735
3623
3575
3603
3567
3631
3569
3611
3739
3687
3559
3895
3569
3883
3583
3725
3695
3515
3563
3525
3711
3551
3350
3483
3559
3419
3487
3567
3685
3647
10000
1046
560
217
304
112
128
164
180
208
0
104
140
376
132
37
144
97
40
34
0
128
140
0
0
0
0
0
0
0
0
0
0
0
0
0
0
40
0
32
0
0
0
40
0
20
0
0
0
0
0
10000
0
1794
2878
3230
3235
3391
3327
3375
3435
3443
3407
3543
3411
3569
3415
3615
3531
3551
3535
3503
3437
3505
3627
3515
3515
3502
3710
3695
3581
3485
3527
3539
3583
3475
3499
3375
3525
3471
3645
3487
3551
3759
3659
3581
3675
3743
3575
3735
3463
3645
10000
1088
560
322
176
101
97
132
196
84
128
18
52
32
16
74
0
80
0
0
0
6
0
144
16
0
0
0
16
0
0
0
50
0
0
0
0
0
0
0
0
0
0
0
0
0
0
0
0
0
0
10000
16
2135
2927
3283
3407
3419
3559
3399
3419
3483
3326
3571
3383
3615
3679
3735
3447
3463
3423
3615
3414
3429
3831
3463
3799
3531
3451
3615
3471
3475
3679
3415
3517
3455
3547
3371
3527
3447
3791
3443
3487
3711
3486
3695
3583
3463
3659
3623
3467
4095
10000
1029
449
344
208
68
116
80
24
98
24
4
0
59
0
64
80
32
58
64
0
32
0
0
0
18
42
16
0
0
0
0
0
0
0
0
0
0
0
0
0
0
0
0
0
0
0
0
0
0
0
10000
0
1777
2735
3039
3215
3351
3287
3399
3347
3291
3399
3341
3366
3327
3499
3375
3335
3251
3351
3423
3231
3247
3303
3214
3095
3281
3135
3091
3143
3059
3071
3189
3199
3287
3186
3299
3259
3173
3135
3287
3419
3335
3472
3347
3207
3247
3367
3295
3287
3259
10000
810
276
12
50
0
16
128
0
0
20
0
0
0
0
0
0
0
0
0
0
0
0
0
0
0
0
0
0
0
0
0
0
0
0
0
0
0
0
0
0
0
0
0
0
0
0
0
0
0
0
10000
0
1680
2707
2915
2917
3215
2895
3015
3199
3207
3135
3043
3175
3271
3223
3215
3185
3235
3071
3175
3347
3135
3283
3283
3295
3183
3211
3441
3171
3103
3167
3267
3153
3275
3327
3291
3311
3463
3287
3341
3279
3423
3291
3583
3327
3375
3295
3277
3397
3190
10000
892
256
0
0
0
32
0
0
0
0
0
16
0
0
0
0
0
0
0
0
0
0
0
0
0
0
0
0
0
0
0
0
0
0
0
0
0
0
0
0
0
0
0
0
0
0
0
0
0
0
10000
0
1770
2847
2993
3063
3159
3217
3295
3285
3295
3263
3207
3326
3382
3203
3199
3345
3227
3315
3223
3357
3261
3343
3447
3443
3327
3319
3287
3367
3347
3291
3451
3287
3231
3295
3327
3407
3359
3363
3399
3471
3327
3487
3311
3423
3335
3559
3399
3487
3455
10000
886
362
34
32
12
117
0
0
8
4
0
12
0
0
0
0
0
0
0
0
0
0
0
0
0
0
0
0
0
0
0
0
0
0
0
0
0
0
0
0
0
0
0
0
0
0
0
0
0
0
10000
18
2095
3062
3119
3218
3218
3359
3475
3295
3231
3285
3267
3283
3347
3471
3279
3187
3365
3415
3347
3217
3309
3403
3357
3281
3501
3412
3567
3495
3503
3415
3391
3415
3559
3501
3671
3447
3515
3495
3583
3743
3607
3327
3537
3399
3478
3510
3471
3503
3389
10000
917
432
128
44
0
16
0
0
0
24
0
16
0
0
0
0
0
0
0
0
18
0
0
0
0
0
0
0
0
0
0
0
0
0
0
0
0
0
0
0
0
0
0
0
0
0
0
0
0
0
10000
0
1906
2999
3407
3503
3255
3389
3235
3446
3339
3299
3383
3603
3467
3519
3439
3423
3503
3423
3199
3455
3261
3347
3479
3566
3551
3239
3527
3423
3503
3347
3727
3509
3383
3519
3495
3495
3199
3503
3511
3475
3475
3423
3467
3683
3415
3583
3535
3455
3543
10000
860
290
232
48
117
1
0
0
0
0
0
18
0
0
1
2
0
0
0
0
0
0
0
0
0
8
0
0
0
0
0
0
24
0
0
0
0
0
0
0
0
0
0
0
0
0
0
192
0
112
10000
0
1911
3103
3283
3614
3395
3342
3533
3659
3535
3550
3431
3391
3531
3447
3495
3839
3343
3511
3527
3277
3615
3679
3603
3654
3463
3695
3667
3494
3643
3495
3647
3633
3711
3471
3539
3573
3795
3495
3637
3519
3731
3537
3783
3639
3743
3663
3637
3519
3519
10000
1062
314
256
17
292
0
101
40
112
104
16
69
100
80
40
0
0
0
0
32
42
16
0
88
32
70
0
4
0
0
0
48
0
64
0
196
38
0
54
38
16
86
64
0
0
44
0
0
0
8
10000
21
2331
3119
3443
3461
3667
3659
3567
3535
3603
3583
3687
3399
3579
3571
3583
3415
3702
3583
3679
3731
3819
3797
3583
3735
3743
3783
3583
3795
3757
3583
3759
3679
3583
3889
3871
3511
3795
3799
3567
3825
3999
3823
3959
3827
3632
3699
3751
3442
3815
10000
944
346
98
198
242
165
224
0
112
80
144
114
192
128
128
144
80
88
64
200
0
365
128
112
0
53
91
80
48
40
81
168
82
0
64
128
76
100
0
24
98
40
40
112
16
0
48
128
76
0
10000
58
2315
3271
3519
3443
3410
3647
3563
3543
3663
3583
3703
3723
3831
3919
3551
3775
3767
3803
3813
3903
3787
3983
3955
3879
3837
3727
3879
3763
3967
3895
3697
3799
3791
3773
3829
3919
3583
3759
3815
4015
3958
3909
3671
3951
3739
3763
3775
3863
3743
10000
944
640
400
260
169
300
525
322
347
208
320
234
266
164
256
256
176
130
192
198
256
192
97
128
128
112
138
256
160
48
184
193
176
48
98
217
138
232
272
48
256
176
214
48
64
176
164
172
173
172
10000
52
2359
3791
3743
3983
3743
3887
4043
3767
3863
3791
4047
3803
3899
4007
3943
3837
4051
4027
4007
4027
3839
4059
4095
4055
4045
3919
3903
4039
4079
4019
3883
4095
4095
4095
4031
4095
4095
4095
4031
3915
4095
4071
4095
3954
4095
4095
4095
4023
4095
10000
1094
718
642
480
480
560
400
524
432
308
400
409
232
266
393
204
362
264
310
274
469
358
293
352
280
460
384
148
466
320
273
320
236
560
304
361
352
306
336
214
338
300
320
432
384
378
212
272
320
256
10000
96
2542
3767
3871
3819
4021
4063
3891
3987
3827
4087
4095
3839
4063
4095
3931
4015
4095
4095
3903
3967
4095
4095
3855
4095
4063
4095
4095
4031
4095
4095
4095
4095
4095
4095
4079
4059
4095
4095
4095
3967
4027
4095
4015
4095
4095
4095
4095
4095
4095
10000
1123
624
720
632
522
625
600
528
464
576
464
461
368
560
428
576
624
403
532
576
501
544
538
474
488
376
657
424
578
438
343
404
460
515
569
584
522
496
412
530
408
496
496
544
384
488
465
352
320
276
10000
229
3057
4019
4095
4095
4095
4095
4095
4095
4095
4095
4095
4095
4095
4095
4093
4095
4095
4095
4095
4095
4095
4095
4095
4095
4095
4039
4095
4095
4095
4095
4095
4095
4095
4095
4095
4095
4095
4095
4095
4095
4095
4095
4095
3979
4095
4095
4095
4095
3975
10000
1158
464
488
510
459
424
488
404
325
452
364
480
389
356
220
336
312
336
173
272
281
200
142
192
80
146
84
238
322
208
117
128
148
98
80
181
144
140
160
76
182
0
152
24
6
98
24
89
0
0
10000
10
2356
3249
3431
3567
3495
3431
3557
3639
3687
3603
3555
3371
3359
3653
3665
3615
3563
3743
3569
3455
3671
3551
3605
3391
3571
3471
3631
3583
3543
3383
3639
3557
3499
3319
3647
3535
3697
3435
3495
3510
3455
3539
3403
3375
3423
3407
3407
3447
3667
10000
965
224
128
66
2
32
0
18
80
0
0
0
0
0
0
0
0
0
0
0
0
0
0
0
0
0
0
0
0
0
0
0
0
0
0
0
0
0
0
0
0
0
0
0
0
0
0
0
0
0
10000
0
1499
2527
2815
2831
2838
2819
2663
2777
2943
2687
2927
2887
2769
2895
2833
3043
2887
2879
2951
2897
2967
2961
3020
2991
2939
3159
2990
3071
2975
3199
3135
3057
3051
3006
2998
3071
3153
3135
3051
3135
3197
3166
3223
3015
3125
3184
3195
2983
3159
10000
929
104
0
0
0
0
0
0
0
0
0
0
0
0
0
0
0
0
0
0
0
0
0
0
0
0
0
0
0
0
0
0
0
0
0
0
0
0
0
0
0
0
0
0
0
0
0
0
0
0
10000
0
1619
2665
3007
3071
3015
3095
2975
3067
3031
3103
2959
3253
3025
3190
3059
2943
3167
3055
3089
3185
3103
2991
2966
3187
3123
2943
3063
3455
3249
3153
3059
3213
3293
3142
3167
3147
3243
3223
3215
3071
3099
3135
3046
3221
3059
3263
3035
3127
3139
10000
817
48
0
0
0
0
0
0
0
0
0
0
0
0
0
0
0
0
0
0
0
0
0
0
0
0
0
0
0
0
0
0
0
0
0
0
0
0
0
0
0
0
0
0
0
0
0
0
0
0
10000
0
1535
2598
2672
2750
2935
2959
2867
2847
2759
2815
3038
2959
2995
2855
2847
3099
2973
2935
3062
3217
3093
3182
3141
3019
3063
3115
2911
3056
3071
3311
3183
2993
3143
3095
3319
3211
3155
3257
3109
3303
3055
3135
3191
3299
3071
3299
2983
3051
3189
10000
808
202
0
0
0
0
0
0
0
0
0
0
0
0
0
0
0
0
0
0
0
0
0
0
0
0
0
0
20
0
0
0
0
0
0
0
0
0
0
0
0
0
0
0
0
0
0
0
0
0
10000
0
1686
2800
2925
2998
3038
2983
3255
3093
3102
3123
3143
3191
3015
3051
3087
3251
3111
3263
3359
3071
3151
3371
3295
3315
3255
3143
3263
3275
3347
3327
3339
3309
3279
3255
3375
3483
3335
3499
3295
3263
3236
3383
3300
3299
3287
3286
3282
3281
3415
10000
816
314
0
0
0
0
0
0
24
0
0
0
0
0
32
0
0
0
0
0
0
0
0
0
0
0
0
0
0
0
0
0
0
0
0
0
0
0
0
0
0
0
0
0
0
0
0
0
0
0
10000
0
1744
2917
3295
3271
3151
3467
3217
3181
3191
3279
3171
3135
3343
3311
3299
3319
3263
3231
3283
3151
3311
3343
3459
3287
3255
3347
3531
3439
3391
3441
3263
3399
3451
3439
3391
3567
3357
3583
3382
3167
3583
3430
3399
3415
3311
3447
3367
3487
3463
10000
842
400
204
112
0
0
4
0
80
0
16
0
0
0
0
32
0
0
0
0
0
0
88
0
0
0
0
0
0
0
0
0
0
0
0
0
0
0
0
0
0
0
0
0
0
0
0
0
0
0
10000
0
1910
2923
3135
3442
3071
3239
3287
3303
3409
3315
3231
3375
3411
3451
3430
3191
3273
3247
3375
3495
3551
3531
3285
3535
3499
3475
3377
3365
3431
3407
3503
3431
3615
3453
3659
3379
3307
3311
3327
3365
3565
3567
3427
3430
3367
3491
3327
3471
3383
10000
922
438
195
16
152
0
50
0
0
82
4
64
17
0
24
0
0
76
0
0
0
0
0
0
0
0
0
0
0
0
0
0
0
0
0
0
0
0
0
0
0
0
0
0
0
0
0
0
0
0
10000
0
1766
2883
3314
3001
3311
3219
3215
3318
3339
3175
3190
3359
3267
3247
3515
3378
3251
3335
3223
3267
3727
3345
3409
3301
3483
3278
3399
3447
3495
3347
3263
3343
3223
3469
3217
3339
3381
3219
3409
3219
3186
3339
3251
3271
3199
3253
3283
3339
3399
10000
889
272
168
0
72
16
0
0
0
0
0
0
0
0
0
0
0
0
0
0
0
0
0
0
0
0
0
0
0
0
0
0
0
0
0
0
0
0
0
0
0
0
0
0
0
0
0
0
0
0
10000
0
1567
2691
2839
2795
2875
3099
3021
3167
3126
3182
3135
3189
3219
3139
3195
3251
3287
3359
3184
3239
3215
3383
3263
3199
3295
3391
3183
3325
3397
3414
3495
3479
3383
3407
3323
3391
3391
3503
3323
3379
3415
3511
3398
3455
3627
3537
3447
3455
3691
10000
999
528
394
196
192
64
240
54
48
68
64
129
140
36
120
0
112
24
144
42
84
0
38
0
0
40
84
0
80
96
117
0
32
0
0
36
24
0
48
0
0
0
0
32
76
0
0
0
0
0
10000
88
2317
3101
3120
3383
3471
3379
3511
3551
3363
3473
3423
3895
3423
3639
3503
3551
3455
3505
3615
3467
3463
3559
3613
3439
3631
3410
3519
3551
3655
3479
3583
3583
3571
3615
3635
3359
3665
3566
3639
3643
3567
3651
3711
3695
3559
3535
3671
3665
3711
10000
917
576
357
84
172
192
120
49
112
120
32
36
0
128
0
16
162
90
32
144
0
0
0
0
24
0
8
0
0
0
0
0
0
0
0
0
2
0
0
0
0
0
0
0
0
0
0
0
0
0
10000
0
1968
2927
3303
3399
3423
3303
3815
3543
3501
3455
3551
3499
3359
3555
3573
3455
3571
3639
3511
3399
3615
3547
3451
3487
3679
3367
3367
3397
3495
3335
3295
3431
3723
3763
3403
3511
3695
3511
3565
3743
3575
3687
3687
3629
3359
3667
3707
3955
3495
10000
1008
384
196
130
68
161
42
128
128
10
0
96
0
48
65
16
64
0
0
0
130
0
0
8
0
0
0
0
0
0
38
0
0
0
0
32
0
16
0
0
0
0
0
0
0
0
0
0
0
0
10000
0
1899
2911
3515
3427
3583
3555
3686
3605
3647
3747
3635
3555
3567
3607
3487
3551
3563
3583
3615
3607
3831
3551
3569
3431
3611
3606
3475
3703
3583
3763
3537
3695
3583
3638
3665
3933
3839
3643
3575
3695
3871
3775
3583
3503
3791
3807
3583
3535
3614
10000
727
433
176
48
128
64
33
65
4
21
0
114
154
0
96
50
12
0
0
1
0
0
48
0
0
0
0
28
0
0
0
0
0
0
0
0
0
0
0
0
0
0
0
0
0
0
0
0
0
0
10000
0
2333
3455
3519
3951
3630
3583
3693
3487
3631
3663
3615
3767
3799
3751
3583
3659
3727
3695
3525
3901
3667
3699
3671
3911
3799
3479
3739
3775
3583
3731
3563
3699
3743
3695
3701
3536
3991
3686
3711
3555
3671
3551
3647
3615
3531
3455
3615
3795
3707
10000
505
80
26
48
0
20
0
0
32
0
0
0
0
0
0
0
0
0
0
0
0
0
230
16
36
0
0
0
20
66
0
0
0
32
160
0
0
0
0
0
0
0
0
178
0
0
0
0
22
0
10000
0
1803
3195
3443
3365
3487
3671
3583
3535
3815
3571
3519
3463
3563
3569
3614
3551
3615
3519
3651
3761
3427
3437
3699
3605
3583
3915
3793
3815
3615
3471
3711
3795
3471
3781
3583
3839
3669
3519
3583
3759
3647
3583
3633
3727
3719
3607
3379
3687
3536
10000
1040
432
0
168
106
56
0
48
8
0
48
0
0
0
0
16
42
9
0
52
68
4
0
0
0
0
64
0
0
64
0
0
0
0
0
0
206
0
0
0
0
0
32
0
0
0
0
0
0
0
10000
28
2167
3125
3351
3477
3407
3472
3559
3623
3567
3567
3327
3367
3515
3379
3687
3503
3707
3551
3633
3621
3455
3567
3509
3643
3647
3775
3703
3647
3691
3775
3743
3743
3622
3647
3677
3789
3571
3759
3679
3615
3707
3831
3775
3615
3743
3743
3655
3559
3767
10000
993
400
144
136
0
68
64
32
56
160
0
0
32
16
32
0
0
98
0
48
36
0
0
0
80
0
24
72
0
48
0
0
0
0
0
0
0
36
0
0
0
0
0
0
0
0
0
0
0
0
10000
108
2431
3055
3479
3475
3533
3763
3499
3423
3495
3451
3731
3607
3499
3477
3455
3790
3619
3535
3629
3486
3855
3633
3527
3583
3411
3583
3549
3583
3580
3531
3767
3711
3583
3634
3667
3603
3639
3551
3631
3679
3647
3675
3477
3551
3523
3567
3479
3647
3567
10000
1125
421
309
64
128
112
112
0
0
206
64
10
0
10
0
76
0
4
0
261
0
12
48
8
0
0
0
0
0
10
0
0
0
0
0
17
0
0
0
0
0
16
0
0
0
0
0
0
0
0
10000
0
1840
2831
3327
3279
3455
3455
3447
3569
3495
3687
3187
3583
3647
3453
3615
3645
3611
3663
3671
3527
4079
3703
3543
3731
3643
3711
3607
3583
3631
3647
3871
3691
3665
3472
3619
3699
3503
3607
3623
3807
3431
3679
3551
3651
3535
3759
3647
3639
3627
10000
1170
562
320
248
152
68
104
64
68
11
0
208
16
128
80
34
56
64
28
0
0
0
0
0
0
10
20
0
20
0
0
48
0
0
0
0
0
0
16
0
0
5
0
0
0
8
0
0
0
0
10000
0
1678
2864
3279
3189
3391
3207
3535
3419
3535
3623
3671
3431
3409
3439
3491
3627
3443
3735
3563
3759
3635
3539
3519
3659
3579
3463
3583
3381
3687
3353
3559
3421
3643
3515
3391
3733
3473
3339
3603
3431
3535
3543
3539
3535
3791
3711
3739
3743
3671
10000
1072
662
354
152
152
256
160
192
100
18
33
26
16
0
0
0
85
0
198
0
0
0
0
0
0
0
22
34
0
0
0
8
0
33
100
0
0
0
0
0
0
0
0
0
0
0
0
0
0
0
10000
56
1947
2771
3063
3283
3347
3505
3575
3615
3423
3507
3719
3655
3411
3735
3551
3583
3471
3661
3583
3579
3631
3679
3569
3663
3666
3627
3655
3679
3891
3575
3391
3663
3615
3853
3454
3567
3633
3525
3651
3855
3687
3539
3635
3871
3639
3415
3729
3710
3645
10000
1072
752
608
386
240
92
150
68
104
0
0
144
116
0
4
114
12
0
32
80
34
0
8
76
0
80
16
0
0
0
0
0
0
11
0
12
0
0
50
0
0
0
0
0
0
0
0
26
0
0
10000
64
1902
2835
3231
3071
3511
3675
3503
3539
3455
3695
3687
3783
3431
3478
3859
3515
3574
3679
3603
3659
3539
3493
3751
3735
3423
3583
3391
3799
3555
3695
3703
3603
3567
3547
3571
3711
3743
3711
3699
3730
3807
3643
3679
3695
3823
3815
3623
3551
3739
10000
1239
625
576
432
26
258
160
208
140
128
96
160
0
154
144
17
0
0
0
0
0
0
0
0
0
0
0
0
0
0
0
0
0
101
0
0
0
0
8
0
0
0
0
0
0
48
0
0
0
0
10000
0
1442
2719
2943
3323
3271
3391
3311
3343
3583
3527
3533
3351
3583
3447
3559
3543
3698
3775
3391
3437
3504
3505
3511
3505
3583
3563
3695
3539
3635
3629
3583
3463
3665
3537
3531
3703
3407
3575
3775
3663
3607
3575
3663
3743
3731
3511
3707
3571
3663
10000
1044
674
342
290
80
96
192
16
0
138
138
128
16
0
70
0
26
0
0
20
0
0
0
0
0
34
8
42
0
16
0
100
48
36
0
0
0
24
0
272
1
0
76
20
0
0
0
0
0
0
10000
0
1574
2611
3135
3262
3408
3537
3455
3455
3443
3534
3583
3827
3423
3699
3583
3547
3345
3495
3415
3791
3551
3567
3479
3655
3711
3503
3775
3799
3569
3775
3559
3555
3807
3727
3667
3863
3463
3735
3775
3707
3535
3757
3579
3701
3571
3827
3679
3703
3551
10000
916
653
278
176
218
112
128
0
100
64
0
150
0
0
0
8
35
0
0
0
0
73
0
0
129
0
32
66
52
304
0
0
0
40
0
32
37
0
0
32
0
0
0
0
0
0
0
64
0
0
10000
16
2339
3039
3491
3519
3559
3583
3495
3463
3487
3471
3551
3583
3751
3507
3439
3551
3827
3655
3686
3495
3575
3735
3547
3921
3655
3815
3759
3791
3575
3583
3775
3615
3735
3691
3855
3857
3703
3583
3807
3647
3751
3791
3487
3663
3539
3511
3623
3790
3635
10000
560
220
232
146
32
16
54
32
10
0
0
64
0
18
0
0
0
33
0
0
0
228
0
0
0
0
0
0
0
0
0
0
0
0
0
0
20
0
108
0
0
20
0
0
0
0
0
0
0
0
10000
0
2274
3275
3135
3517
3622
3575
3439
3470
3519
3415
3538
3731
3473
3583
3695
3467
3541
3703
3855
3479
3643
3685
3623
3619
3761
3615
3663
3779
3639
3566
3703
3838
3775
3727
3751
3633
3463
3655
3537
3665
3699
3515
3615
3743
3639
3603
3547
3723
3633
10000
416
170
40
107
2
48
0
40
33
40
0
0
0
0
96
41
0
0
0
44
0
0
0
0
0
0
0
16
0
0
0
0
0
0
0
0
0
0
0
0
0
0
0
0
16
0
0
0
24
0
10000
0
2411
3410
3675
3647
3499
3631
3695
3471
3807
3795
3671
3795
3711
3536
3751
3583
3703
3767
3582
3831
3655
3551
3647
3627
3775
3639
3775
3839
3583
3551
3647
3729
3619
3735
3611
3583
3663
3699
3751
3613
3711
3677
3614
3725
3775
3659
3751
3711
3825
10000
364
41
32
0
28
72
48
18
11
32
0
64
0
0
0
0
0
0
0
0
0
0
0
0
0
0
0
0
0
0
0
0
0
0
0
0
0
0
0
0
0
0
0
0
0
0
0
0
0
0
10000
0
2322
3655
3579
3687
3638
3797
3951
3583
3687
3695
3651
3679
3407
3611
3631
3511
3519
3695
3603
3831
3831
3665
3921
3725
3619
3629
3729
3515
3503
3503
3515
3703
3647
3895
3755
3555
3579
3767
3679
3695
3615
3539
3501
3607
3695
3535
3431
3571
3539
10000
406
0
16
48
0
0
0
16
0
0
0
0
0
0
0
0
0
0
0
0
0
0
0
0
0
0
0
0
0
0
0
0
0
0
0
0
0
0
0
0
0
0
0
0
0
0
0
0
0
0
10000
0
2311
3467
3583
3735
3751
3639
3762
4019
3807
3853
3519
3571
3565
3719
3519
3359
3431
3403
3581
3467
3691
3711
3855
3795
3583
3559
3567
3663
3655
3703
3555
3633
3669
3571
3739
3743
3871
3659
3623
3703
3615
3647
3663
3611
3666
3659
3811
3731
3647
10000
422
96
20
0
24
68
0
0
0
0
0
0
0
0
0
0
0
0
0
0
12
0
0
0
0
0
0
0
0
0
0
0
0
0
0
0
0
0
0
0
0
0
0
0
0
0
0
0
0
0
10000
0
2393
3479
3519
3663
3767
3935
3471
3503
3535
3759
3695
3677
3671
3767
3711
3839
3671
3575
3615
3699
3603
3667
3671
3679
3487
3735
3827
3463
3633
3703
3775
3555
3791
3663
3635
3761
3538
3711
3605
3775
3643
3583
3605
3583
3703
3723
3767
3583
3607
10000
480
24
120
54
0
0
12
0
0
0
0
0
0
0
0
0
0
0
0
0
0
0
0
0
0
0
0
0
0
0
0
0
0
0
0
0
0
0
0
0
0
0
24
0
0
0
0
0
0
0
10000
0
2416
3440
3651
3575
3567
3631
3711
3647
3627
3659
3923
3571
3709
3683
3559
3567
3621
3583
3571
3623
3775
3647
3639
3607
3583
3703
3725
3763
3831
3579
3755
3579
3767
3575
3583
3667
3665
3711
3411
3555
3575
3899
3759
3579
3711
3687
3798
3655
3583
10000
534
42
48
8
0
36
0
0
0
4
0
0
0
0
0
0
0
0
0
0
0
0
0
0
0
0
0
0
0
0
0
0
0
0
0
0
0
0
0
0
0
0
0
0
0
0
0
0
0
0
10000
0
2442
3463
3666
3639
3455
3663
3503
3639
3575
3679
3615
3739
3635
3863
3835
3647
3799
3659
3623
3503
3819
3655
3742
3731
3551
3711
3742
3643
3727
3559
3539
3639
3475
3679
3615
3570
3639
3639
3807
3733
3695
3701
3887
3647
3725
3659
3543
3611
3551
10000
338
12
64
0
0
0
0
89
72
0
0
0
0
0
0
24
0
0
0
0
0
0
0
0
0
0
0
0
0
0
0
0
0
16
0
0
0
32
20
0
0
0
0
0
0
48
0
0
0
0
10000
0
2609
3346
3701
3581
3539
3623
3603
3647
3763
3679
3607
3665
3575
3695
3463
3659
3605
3767
3653
3825
3691
3711
3475
3755
3647
3639
3775
3531
3639
3903
3687
3799
3543
3631
3651
3729
3606
3851
3463
3727
3687
3663
3701
3583
3927
3879
3583
3783
3574
10000
204
116
0
0
10
0
0
0
0
0
0
0
0
0
0
0
0
0
0
0
48
0
0
0
0
0
0
0
0
0
0
0
0
0
0
0
0
0
0
0
0
0
0
0
0
0
0
0
0
0
10000
0
2523
3647
3445
3631
3575
3707
3647
3659
3603
3687
3783
3683
3583
3615
3535
3735
3826
3535
3567
3633
3665
3695
3903
3767
3603
3775
3619
3551
3815
3743
3805
3863
3699
3787
3791
3839
3669
3743
3627
3583
3655
3759
3655
3783
3647
3687
3759
3543
3615
10000
282
80
112
32
48
16
4
16
0
24
0
0
0
0
32
0
0
0
0
0
0
0
0
0
0
0
0
0
0
0
0
0
0
0
0
0
0
0
0
0
0
0
0
0
0
0
0
0
0
0
10000
0
2448
3407
3719
3655
3665
3567
3583
3711
3679
3527
3583
3723
3679
3555
3823
3679
3442
3622
3695
3671
3583
3733
3703
3839
3727
3727
3647
3711
3757
3775
3535
3495
3527
3703
3535
3503
3563
3751
3665
3559
3791
3571
3583
3537
3574
3647
3631
3635
3551
10000
362
0
0
0
0
156
32
0
0
0
48
16
0
0
16
0
0
0
0
0
0
0
0
0
0
0
0
0
0
0
0
0
0
0
0
4
0
0
0
0
0
0
0
0
0
0
0
0
0
0
10000
0
2501
3507
3757
3739
3519
3639
3615
3527
3735
3539
3719
3697
3711
3507
3711
3671
3751
3647
3667
3831
3551
3655
3527
3671
3655
3675
3659
3703
3607
3583
3525
3519
3686
3559
3855
3703
3583
3566
3653
3643
3535
3563
3663
3731
3631
3647
3483
3559
3647
10000
386
0
18
0
37
0
56
0
26
0
32
0
0
0
0
0
0
0
0
0
0
0
0
0
0
0
0
0
0
0
0
0
0
0
0
0
0
0
0
0
0
0
0
0
0
0
0
0
0
0
10000
0
2501
3483
3727
3583
3631
3855
3526
3691
3551
3799
3743
3557
3651
3733
3539
3655
3571
3567
3643
3727
3773
3669
3647
3687
3503
3677
3535
3703
3575
3675
3743
3478
3783
3539
3707
3633
3583
3687
3751
3795
3671
3629
3759
3389
3655
3693
3730
3535
3583
10000
340
0
64
16
96
40
0
49
0
16
0
0
0
0
0
0
0
0
0
0
0
48
0
0
0
0
0
0
0
0
0
0
0
0
0
0
0
0
0
0
0
0
0
0
0
0
0
0
0
0
10000
0
2427
3499
3582
3623
3507
3793
3633
3687
3614
3662
3607
3547
3675
3567
3751
3463
3659
3583
3687
3703
3627
3727
3583
3751
3663
3631
3583
3755
3687
3679
3727
3759
3551
3743
3535
3759
3647
3743
3499
3651
3535
3749
3638
3517
3895
3671
3671
3491
3667
10000
256
0
0
65
0
52
0
0
0
0
0
0
0
0
0
0
0
0
0
0
0
0
0
0
0
0
0
0
0
0
0
0
0
50
0
0
0
0
0
0
0
0
0
0
0
0
0
0
0
0
10000
0
2329
3687
3541
3675
3727
3815
3605
3663
3677
3835
3666
3655
3699
3655
3451
3643
3759
3647
3605
3519
3691
3743
3567
3685
3651
3583
3583
3605
3774
3759
3633
3611
3727
3679
3759
3531
3633
3611
3695
3583
3551
3863
3655
3575
3771
3805
3511
3547
3643
10000
404
192
0
52
2
0
0
0
80
0
0
0
0
0
0
0
0
0
0
0
0
0
0
0
0
0
0
0
0
0
0
0
0
0
0
0
0
0
0
0
0
24
0
0
0
0
0
0
0
0
10000
36
2691
3547
3653
3535
3623
3671
3583
3423
3659
3583
3678
3559
3655
3663
3631
3647
3697
3807
3635
3479
3629
3633
3787
3647
3699
3943
3655
3643
3603
3659
3895
3831
3661
3679
3663
3441
3663
3791
3687
3695
3719
3687
3723
3783
3579
3611
3679
3671
3775
10000
368
114
80
0
16
120
0
0
0
0
0
0
0
0
0
0
0
0
0
0
0
0
0
0
0
0
0
0
0
0
0
0
0
0
0
0
0
0
0
0
0
0
0
0
0
0
0
0
0
0
10000
0
2421
3455
3711
3639
3647
3743
3603
3633
3647
3583
3539
3659
3647
3711
3531
3691
3633
3527
3663
3472
3759
3727
3671
3647
3791
3671
3719
3667
3729
3531
3647
3671
3571
3664
3663
3583
3953
3531
3791
3743
3647
3711
3665
3637
3607
3731
3766
3583
3651
10000
336
13
70
52
36
56
0
0
48
0
0
0
0
0
0
0
0
0
0
0
0
0
0
0
0
0
0
0
0
0
0
0
0
0
0
0
0
0
0
0
0
0
0
0
0
0
0
24
0
0
10000
0
2369
3495
3611
3447
3569
3727
3679
3807
3611
3683
3763
3441
3719
3671
3735
3643
3638
3583
3663
3559
3719
3731
3725
3607
3667
3687
3743
3695
3605
3735
3511
3563
3951
3503
3535
3719
3575
3551
3611
3583
3701
3631
3567
3627
3653
3731
3427
3582
3606
10000
500
50
24
52
73
0
72
56
0
0
4
0
0
0
0
0
0
0
64
0
0
0
0
0
0
0
0
52
0
0
0
0
32
0
0
0
0
0
0
0
0
0
0
0
0
0
0
0
0
0
10000
0
2463
3355
3543
3387
3583
3583
3583
3579
3567
3627
3550
3795
3611
3631
3549
3614
3615
3677
3795
3551
3583
3583
3687
3718
3815
3647
3789
3633
3759
3727
3655
3765
3727
3679
3726
3709
3535
3695
3675
3391
3871
3743
3583
3807
3687
3503
3549
3711
3719
10000
304
0
16
0
12
16
16
48
0
0
0
0
0
0
0
0
0
0
0
0
0
0
0
0
0
0
0
0
0
0
0
0
0
0
0
0
0
0
0
0
0
0
0
0
0
0
0
0
0
0
10000
0
2423
3463
3735
3515
3659
3703
3727
3583
3662
3619
3579
3583
3727
3559
3771
3759
3735
3583
3647
3635
3695
3711
3635
3807
3699
3807
3633
3670
3693
3695
3727
3775
3895
3605
3699
3799
3583
3781
3711
3471
3711
3831
3949
3643
3511
3695
3707
3627
3697
10000
304
164
49
96
20
0
0
12
0
0
0
0
0
0
0
0
0
0
0
0
0
0
0
0
0
0
0
0
0
0
0
0
0
0
0
0
0
0
0
0
0
0
0
0
0
0
0
0
0
0
10000
0
2411
3651
3547
3637
3583
3567
3803
3679
3551
3663
3583
3679
3663
3543
3743
3571
3707
3535
3763
3795
3655
3703
3583
3667
3663
3711
3695
3663
3747
3711
3507
3503
3653
3575
3774
3607
3671
3581
3551
3923
3575
3667
3827
3695
3535
3695
3819
3583
3729
10000
432
84
48
0
48
80
0
0
0
0
0
0
0
0
0
0
0
24
0
0
0
0
0
0
0
0
0
0
0
0
0
0
0
0
0
0
0
0
0
0
0
0
0
0
0
0
0
0
0
0
10000
0
2365
3479
3439
3663
3575
3509
3559
3655
3563
3567
3707
3731
3671
3559
3547
3831
3537
3575
3667
3743
3535
3605
3583
3687
3563
3575
3871
3503
3638
3487
3615
3663
3792
3915
3791
3655
3807
3703
3743
3623
3563
3755
3683
3759
3687
3663
3607
3637
3767
10000
384
48
105
105
12
112
0
0
0
0
0
0
0
0
0
0
0
0
16
0
0
0
0
0
0
0
0
0
0
0
0
0
0
0
0
0
0
0
0
0
0
0
0
0
0
0
0
0
0
0
10000
0
2373
3523
3711
3679
3639
3503
3787
3638
3783
3731
3583
3695
3643
3885
3711
3663
3691
3711
3533
3735
3679
3639
3655
3663
3653
3726
3627
3583
3583
3687
3447
3611
3555
3579
3455
3410
3859
3815
3663
3711
3911
3771
3627
3407
3855
3794
3767
3995
3787
10000
342
173
10
0
32
0
16
0
0
0
0
0
0
0
0
44
0
0
0
8
0
0
0
0
0
0
0
0
0
0
0
0
9
0
0
0
0
0
0
0
0
0
0
0
0
0
0
0
0
0
10000
34
2743
3467
3615
3539
3615
3615
3611
3575
3711
3647
3697
3407
3563
3775
3666
3603
3615
3727
3679
3807
3927
3747
3671
3659
3747
3755
3662
3631
3679
3773
3703
3627
3687
3775
3707
3522
3711
3743
3879
3647
3579
3755
3658
3667
3711
3711
3743
3711
3719
10000
386
107
80
0
0
0
19
65
0
0
32
0
16
25
0
0
0
0
0
0
0
0
0
9
0
0
0
0
0
0
0
0
0
0
0
0
0
2
0
0
0
0
0
0
0
0
0
0
0
0
10000
0
2307
3527
3610
3793
3511
3639
3583
3815
3575
3543
3431
3835
3665
3647
3606
3583
3515
3583
3519
3615
3583
3711
3679
3615
3655
3615
3511
3583
3679
3559
3503
3631
3679
3739
3423
3759
3653
3627
3687
3791
3787
3711
3743
3743
3883
3647
3583
3791
3559
10000
368
100
0
2
152
16
0
20
0
0
2
32
80
0
0
0
0
0
0
0
0
0
2
0
0
0
0
0
0
0
0
0
0
0
0
0
0
0
0
0
0
0
0
0
0
0
0
0
0
0
10000
0
2407
3327
3583
3563
3583
3679
3525
3473
3695
3685
3663
3551
3711
3707
3583
3639
3783
3623
3647
3543
3823
3655
3707
3549
3767
3419
3605
3627
3666
3807
3605
3699
3583
3699
3763
3687
3775
3663
3791
3811
3711
3807
3775
3759
3709
3615
3443
3711
3663
10000
293
4
70
18
0
0
0
40
2
0
0
0
0
0
0
0
0
0
0
0
0
0
0
0
0
0
0
0
0
0
0
0
0
0
0
0
0
0
0
0
0
0
0
0
0
0
0
0
0
0
10000
0
2326
3697
3703
3519
3455
3511
3655
3607
3569
3783
3479
3739
3831
3903
3669
3647
3567
3815
3615
3535
3707
3839
3669
3619
3679
3743
3551
3662
3627
3855
3723
3662
3611
3509
3647
3607
3623
3729
3551
3631
3703
3719
3823
