10000
168
432
576
744
858
925
1116
1220
1413
1461
1601
1761
1715
1823
1983
2023
2122
2103
2256
2273
2255
2357
2394
2483
2559
2551
2559
2621
2677
2701
2723
2711
2783
2853
2774
2834
2891
2894
2939
2864
2943
2971
2957
2943
2991
3055
2999
3043
3090
3063
10000
2961
2718
2525
2413
2210
2089
2000
1823
1753
1600
1590
1535
1393
1260
1217
1184
1120
1016
976
928
877
848
850
806
768
784
732
662
684
642
544
484
496
504
458
457
496
352
397
404
336
390
322
321
312
272
228
168
224
232
10000
208
418
492
672
833
955
1076
1222
1328
1408
1535
1655
1792
1859
1969
2047
2114
2183
2205
2319
2295
2416
2491
2495
2487
2527
2619
2677
2727
2705
2739
2739
2732
2779
2833
2883
2927
2887
2863
2963
2903
2903
2961
2967
2949
2987
3011
3013
3054
3057
10000
2907
2749
2551
2423
2190
2160
2011
1885
1806
1591
1535
1483
1412
1328
1232
1200
1152
1015
944
936
902
906
789
758
732
752
752
684
649
608
525
496
504
484
516
488
452
424
384
352
340
301
344
326
256
302
226
288
272
240
10000
280
384
585
744
898
1040
1126
1232
1360
1481
1579
1658
1837
1898
1951
2064
2146
2195
2224
2255
2385
2399
2450
2431
2480
2543
2544
2679
2559
2673
2759
2749
2829
2747
2864
2847
2844
2902
2930
2959
2951
2951
3014
2994
3051
2973
3037
3071
3039
3057
10000
2951
2773
2591
2327
2206
2123
2014
1883
1713
1655
1591
1446
1333
1354
1158
1184
1104
976
1040
979
857
834
744
784
724
777
704
610
624
608
552
554
548
448
532
424
456
384
372
340
328
403
320
320
322
272
288
256
237
208
10000
208
404
568
688
808
970
1092
1201
1324
1494
1535
1722
1787
1894
1926
2039
2129
2127
2239
2288
2325
2450
2431
2499
2542
2559
2663
2631
2687
2672
2719
2790
2791
2790
2865
2863
2815
2839
2875
2903
2957
2966
2903
2939
3013
3015
3007
2997
3059
3043
10000
2951
2687
2510
2375
2215
2146
2016
1902
1762
1691
1505
1508
1410
1314
1228
1152
1068
1072
1005
976
880
820
848
731
784
716
728
602
576
608
618
537
560
448
490
464
464
410
345
371
340
340
340
328
280
298
240
276
256
256
10000
176
426
560
723
812
992
1125
1217
1418
1489
1623
1665
1742
1899
1947
1985
2071
2169
2177
2254
2320
2383
2375
2515
2559
2559
2559
2687
2703
2705
2704
2767
2759
2814
2839
2799
2831
2957
2899
3003
3022
2943
2992
2982
2991
3039
3131
3011
3015
3037
10000
3049
2751
2550
2405
2224
2129
1949
1855
1730
1677
1594
1478
1345
1221
1241
1216
1116
1093
969
1004
896
812
785
770
794
668
672
675
644
560
582
544
496
545
400
464
464
419
416
412
364
400
360
352
320
314
288
264
209
230
10000
228
384
608
745
786
916
1094
1178
1363
1430
1552
1701
1765
1746
1905
2067
2070
2155
2241
2347
2310
2383
2453
2468
2515
2559
2663
2655
2711
2736
2736
2819
2787
2827
2877
2847
2839
2871
2967
2846
2943
2966
2879
2943
3011
2975
2959
3031
3039
3071
10000
2935
2672
2503
2448
2234
2155
2012
1866
1823
1658
1559
1470
1408
1349
1296
1200
1168
1042
1031
913
888
844
824
737
812
672
579
628
576
619
624
560
504
448
424
390
400
387
416
286
304
362
328
312
320
152
264
288
256
256
10000
164
400
592
700
816
1021
1159
1206
1296
1562
1616
1694
1817
1807
1953
2085
2147
2171
2182
2303
2327
2511
2426
2481
2535
2615
2623
2685
2671
2683
2729
2742
2669
2783
2801
2887
2907
2935
2903
2907
2955
2958
2975
2961
3043
3007
3051
3007
3051
3023
10000
2935
2685
2485
2375
2219
2145
1968
1824
1792
1642
1518
1435
1437
1338
1287
1141
1152
1077
988
908
910
796
883
764
800
732
690
608
645
577
620
541
592
550
449
448
422
322
408
394
432
336
304
320
304
244
292
276
240
272
10000
240
397
516
662
848
960
1066
1212
1313
1424
1562
1630
1751
1904
1983
2064
2085
2179
2224
2289
2334
2415
2469
2447
2485
2543
2609
2667
2735
2651
2707
2753
2787
2751
2839
2907
2867
2833
2865
2899
2917
2907
2947
2975
2975
2951
3015
2987
3005
3071
10000
2883
2705
2559
2413
2064
2066
1940
1815
1743
1661
1646
1456
1440
1362
1229
1168
1104
1034
1034
1019
945
912
852
777
730
640
663
688
576
624
533
538
576
448
368
394
416
448
385
476
265
264
336
312
264
289
237
213
248
240
10000
224
408
602
726
896
968
1117
1138
1300
1600
1571
1689
1737
1871
1970
1962
2099
2159
2299
2215
2399
2342
2397
2427
2525
2559
2559
2531
2627
2699
2687
2775
2777
2741
2783
2843
2863
2949
2863
2927
2951
2974
3022
3088
2902
2961
2979
2990
2981
3071
10000
2973
2768
2513
2390
2226
2047
1908
1882
1744
1611
1508
1441
1365
1360
1264
1148
1162
1040
992
944
912
912
844
787
740
744
752
688
692
576
616
521
488
480
458
504
502
425
401
369
324
392
282
346
200
234
306
198
290
186
10000
213
435
614
698
832
918
1038
1264
1301
1494
1572
1714
1743
1840
1908
2017
2055
2195
2267
2277
2287
2387
2422
2481
2519
2543
2591
2634
2682
2619
2687
2719
2815
2814
2799
2835
2831
2955
2898
2897
2965
2999
2999
2983
3007
2962
3027
3071
3005
3063
10000
2887
2713
2534
2416
2263
2182
1978
1870
1648
1642
1586
1443
1392
1344
1293
1165
1062
1036
953
977
916
902
827
780
727
770
688
664
644
592
576
544
560
450
458
456
438
454
355
372
384
304
300
336
308
272
273
302
228
246
10000
212
464
566
691
866
976
1112
1248
1399
1474
1516
1668
1756
1845
2031
2094
2066
2181
2233
2366
2323
2416
2448
2481
2447
2611
2607
2611
2637
2623
2463
2679
2767
2815
2797
2800
2849
2891
2919
2903
2919
2965
3095
3011
3021
2997
3071
2995
2983
3087
10000
2943
2727
2545
2367
2223
2065
1951
1941
1730
1655
1613
1326
1398
1321
1267
1190
1088
1060
1017
916
876
816
835
802
810
690
728
664
621
592
560
536
452
480
490
450
452
434
416
372
400
400
306
336
341
256
272
296
256
241
10000
153
426
507
724
836
925
1156
1216
1330
1473
1535
1680
1744
1846
1936
2031
2139
2153
2258
2279
2323
2367
2467
2503
2477
2559
2559
2710
2667
2705
2722
2751
2794
2806
2806
2815
2799
2822
2827
2830
2893
2951
2949
3051
2995
3007
2963
2971
3021
3007
10000
2847
2703
2627
2401
2228
2115
1969
1913
1789
1698
1572
1461
1385
1313
1283
1190
1078
1042
953
970
870
912
790
768
750
768
676
730
576
572
604
480
516
466
458
448
448
368
428
384
324
288
400
292
304
226
272
240
224
192
10000
230
411
580
723
800
1034
1132
1226
1379
1520
1607
1685
1764
1851
1879
2046
2103
2101
2199
2305
2303
2346
2397
2451
2559
2630
2591
2651
2603
2774
2735
2687
2775
2799
2822
2827
2863
2943
2919
2895
3015
2927
2919
3051
3035
3015
2983
3027
3023
3047
10000
2925
2735
2559
2362
2279
2114
1930
1785
1719
1662
1535
1520
1346
1280
1285
1178
1068
1081
1004
993
851
901
826
836
720
705
684
645
616
529
553
532
524
521
491
462
506
400
412
340
338
384
377
284
300
292
234
289
276
260
10000
162
401
529
661
912
977
1088
1266
1419
1481
1648
1652
1762
1872
1968
2029
2108
2171
2274
2283
2327
2418
2423
2503
2542
2531
2641
2653
2703
2559
2738
2703
2743
2831
2807
2831
2859
2895
2897
2879
2883
2929
2999
2967
3015
3051
3039
2975
3013
3111
10000
2927
2714
2559
2391
2269
2130
1933
1834
1727
1648
1616
1462
1472
1288
1238
1186
1049
1105
1067
940
924
829
804
788
704
693
672
590
562
596
541
560
498
496
448
496
416
412
489
384
324
326
180
336
282
324
242
276
208
230
10000
208
362
556
691
862
986
1066
1211
1357
1497
1592
1712
1776
1870
1957
2023
2111
2194
2222
2256
2287
2359
2431
2430
2526
2591
2559
2655
2710
2667
2670
2779
2727
2813
2802
2801
2833
2927
2927
2887
3007
2962
2983
2979
3013
2931
3071
3071
3051
3023
10000
2939
2706
2512
2358
2224
2033
1968
1821
1770
1658
1556
1397
1421
1296
1248
1172
1115
1056
1034
960
878
801
816
762
761
752
713
684
624
587
576
553
592
464
468
482
432
432
400
378
312
362
288
272
320
304
198
208
256
202
10000
272
368
608
674
790
960
1078
1305
1391
1483
1553
1689
1717
1873
1955
2034
2095
2194
2223
2271
2303
2411
2449
2453
2525
2544
2667
2655
2719
2733
2743
2791
2781
2811
2871
2875
2879
2871
2935
2875
2895
2991
2993
2963
2943
3042
3022
3014
3023
3007
10000
2955
2704
2602
2397
2239
2080
1936
1910
1857
1714
1581
1524
1396
1331
1266
1226
1098
1066
950
960
907
850
828
756
740
668
640
581
618
544
532
532
525
496
488
476
424
416
416
364
345
368
336
304
288
272
236
256
233
256
10000
176
373
550
756
892
960
1175
1216
1358
1501
1648
1701
1810
1692
1959
2042
2064
2106
2230
2291
2315
2367
2442
2495
2471
2543
2551
2637
2730
2675
2735
2671
2783
2803
2807
2863
2857
2891
2915
2903
2923
2975
2999
2989
2993
3030
3054
2969
3007
3023
10000
2935
2674
2499
2355
2197
2087
2021
1887
1763
1568
1567
1419
1401
1360
1216
1207
1090
1098
936
874
972
908
871
752
801
749
712
645
644
624
585
549
473
448
459
444
426
477
410
398
336
400
326
320
353
300
329
224
216
236
10000
224
424
576
685
807
978
1072
1152
1349
1462
1597
1685
1749
1851
1921
1967
2055
2293
2238
2351
2327
2423
2352
2470
2559
2550
2619
2662
2642
2655
2751
2691
2759
2795
2829
2835
2831
2839
2859
2911
2951
2967
2967
2971
2943
3057
2992
3003
3088
3058
10000
2967
2645
2519
2399
2231
2111
2000
1894
1776
1692
1552
1449
1394
1367
1221
1105
1126
1010
1022
971
896
832
806
800
690
736
747
536
650
736
556
601
537
464
464
480
432
386
369
449
400
340
322
354
326
312
256
288
240
266
10000
272
451
594
752
818
908
1100
1339
1350
1479
1579
1712
1807
1903
1962
1990
2064
2133
2142
2256
2325
2387
2433
2433
2497
2559
2669
2635
2727
2762
2687
2755
2803
2838
2873
2927
2855
2847
2943
2903
2939
2911
3031
2991
3034
2963
2981
3039
3071
3015
10000
2918
2738
2507
2346
2246
2112
2032
1838
1769
1654
1647
1597
1459
1328
1236
1259
1091
1040
964
973
816
891
850
840
704
704
648
672
673
538
624
504
528
490
496
400
416
428
345
352
362
384
364
272
264
276
320
224
212
325
10000
208
396
528
694
832
994
1128
1251
1322
1438
1578
1703
1771
1869
1982
2058
2130
2153
2207
2262
2303
2415
2365
2493
2447
2659
2598
2609
2605
2687
2743
2667
2773
2717
2771
2831
2879
2717
2875
2911
2895
2926
2947
2999
2991
2959
3055
3007
3037
3039
10000
2967
2693
2511
2375
2215
2149
2025
1981
1749
1606
1553
1535
1392
1360
1264
1148
1097
1073
1072
968
914
858
784
797
740
686
716
624
640
614
554
544
545
474
516
402
434
338
465
344
376
352
294
320
240
256
280
264
224
242
10000
265
464
624
729
848
968
1126
1290
1365
1520
1526
1744
1824
1938
1957
1984
2123
2175
2263
2230
2359
2366
2326
2475
2510
2559
2553
2583
2653
2711
2678
2791
2767
2769
2799
2847
2867
2911
2909
2939
2967
3024
2897
2999
2978
2999
3087
3003
3037
3139
10000
2859
2741
2559
2315
2286
2096
1981
1904
1759
1650
1554
1453
1417
1347
1269
1245
1073
976
1008
947
925
896
817
786
714
688
744
709
624
632
568
498
544
461
428
448
458
458
384
400
311
297
348
354
293
288
320
273
256
256
10000
208
384
544
705
832
912
1058
1195
1442
1424
1565
1639
1719
1917
1862
2017
2087
2121
2269
2245
2335
2451
2443
2430
2514
2535
2559
2687
2709
2650
2735
2815
2795
2743
2827
2838
2871
2807
2797
2931
2919
2947
3023
2881
2995
2991
3030
2991
2995
3031
10000
2917
2731
2559
2366
2259
2094
1922
1891
1785
1664
1602
1586
1424
1374
1237
1190
1131
1004
982
976
960
834
916
768
773
676
696
592
632
552
538
534
528
500
438
474
472
384
368
355
337
356
352
288
336
322
304
304
284
240
10000
213
384
560
681
846
946
1090
1200
1329
1484
1555
1675
1722
1835
1945
2042
2101
2171
2213
2282
2353
2351
2416
2445
2549
2690
2627
2559
2629
2691
2683
2781
2775
2750
2807
2837
2933
2815
2919
2925
2931
3039
2987
2955
2981
2967
3071
3089
3045
3039
10000
2935
2687
2559
2416
2217
2167
2023
1877
1718
1599
1603
1473
1404
1302
1264
1149
1120
1021
980
973
876
868
792
758
752
720
714
688
616
586
629
598
528
528
466
476
496
432
373
328
384
400
368
300
282
352
256
268
281
218
10000
266
388
546
745
843
960
1082
1200
1406
1524
1522
1702
1727
1822
1917
2067
2055
2207
2214
2271
2339
2433
2481
2549
2595
2559
2685
2635
2647
2673
2723
2758
2807
2795
2822
2895
2770
2899
2811
2881
2967
2963
2947
2982
3007
3035
3055
2989
3025
3037
10000
2919
2759
2638
2405
2279
2098
1974
1871
1771
1648
1569
1554
1395
1343
1249
1181
1110
1090
1010
901
872
859
797
810
784
768
636
608
640
646
580
532
448
472
481
404
472
460
356
378
280
290
272
276
346
300
208
290
240
203
10000
256
432
545
713
850
972
1088
1233
1382
1450
1587
1731
1790
1919
1875
1993
2131
2210
2238
2269
2352
2355
2419
2455
2512
2549
2603
2663
2651
2727
2705
2759
2801
2773
2863
2831
2815
2927
2863
2832
3071
2999
2943
3023
3015
2971
2979
2999
3059
3047
10000
2891
2734
2583
2320
2199
2127
1899
1833
1739
1662
1555
1436
1394
1337
1232
1121
1136
1006
1019
793
844
876
816
784
738
714
706
768
656
692
571
552
552
472
540
518
464
386
412
346
400
304
304
292
282
232
258
264
233
277
10000
214
408
568
704
888
948
1134
1189
1364
1458
1568
1658
1716
1839
2041
2079
2107
2181
2254
2320
2366
2427
2435
2507
2551
2615
2640
2682
2683
2663
2703
2727
2814
2783
2821
2903
2927
2871
2943
2927
2943
2887
2939
2975
2971
2855
2967
3011
3023
3039
10000
2907
2683
2559
2434
2263
2118
1991
1849
1744
1668
1535
1451
1420
1353
1227
1211
1117
1070
973
985
944
865
748
769
720
689
662
724
576
578
514
584
496
484
480
466
409
364
384
420
362
340
372
336
264
257
256
304
149
281
10000
266
352
532
717
820
994
1100
1209
1318
1535
1598
1662
1762
1808
1951
1954
2064
2150
2197
2222
2397
2351
2413
2559
2469
2627
2531
2559
2639
2723
2713
2790
2759
2783
2859
2865
2879
2875
2915
2928
2963
2967
2957
2995
3043
3025
3006
2993
3133
3039
10000
2959
2757
2519
2359
2221
2077
1983
1929
1731
1645
1580
1488
1361
1345
1222
1135
1145
1107
978
1008
884
891
856
768
784
692
674
602
672
544
592
548
490
408
448
493
320
432
384
370
364
312
276
304
292
272
324
242
256
256
10000
256
336
556
688
809
1044
1140
1248
1434
1488
1622
1594
1815
1910
1936
2079
2189
2183
2283
2295
2335
2443
2485
2455
2519
2558
2631
2646
2715
2699
2735
2735
2735
2837
2879
2883
2895
2865
2997
2919
2960
2919
2923
2975
3022
3015
3024
3027
3043
3039
10000
2911
2733
2559
2421
2321
2125
1943
1835
1781
1683
1605
1480
1456
1360
1102
1168
1164
1018
973
976
756
832
836
816
694
832
650
656
656
613
554
548
516
494
483
408
480
352
368
368
352
356
336
297
336
328
256
281
280
320
10000
176
392
544
714
880
918
1204
1208
1386
1440
1584
1658
1755
1873
1987
2019
2101
2082
2255
2273
2334
2416
2413
2513
2510
2554
2630
2599
2669
2695
2663
2801
2783
2871
2799
2879
2847
2831
2943
2973
2959
2991
2995
2929
2971
2960
3025
3099
3023
3019
10000
2959
2747
2557
2375
2262
2083
1930
1913
1735
1517
1535
1456
1433
1345
1260
1239
1152
1088
1062
953
880
842
816
800
659
744
704
631
624
576
603
448
464
464
500
442
400
434
349
368
352
341
364
288
290
294
266
282
244
208
10000
154
340
533
693
848
953
1082
1232
1357
1476
1584
1679
1841
1796
1947
2067
2119
2116
2229
2263
2374
2384
2405
2491
2489
2586
2683
2699
2606
2727
2719
2755
2847
2834
2846
2789
2927
2835
2866
2891
2959
2934
2955
2961
2959
3019
3055
3051
3051
3039
10000
3095
2675
2659
2372
2287
2039
2035
1851
1840
1683
1535
1494
1469
1360
1264
1175
1112
1057
1040
900
906
859
841
723
729
710
674
664
598
580
456
506
468
509
476
491
458
410
406
387
306
384
293
330
236
304
266
306
272
272
10000
178
434
564
752
874
944
1122
1289
1365
1426
1594
1702
1790
1863
1905
2000
2117
2151
2263
2274
2331
2359
2405
2491
2538
2559
2513
2595
2687
2731
2755
2771
2799
2845
2834
2831
2883
2919
2927
2935
2939
2993
2999
2975
2991
2967
3047
3090
3057
3037
10000
2894
2679
2559
2399
2231
2087
1963
1840
1738
1616
1522
1486
1450
1350
1321
1114
1136
1012
955
970
950
816
864
851
805
700
704
597
674
597
612
656
492
544
481
432
448
440
352
368
336
346
293
268
306
224
288
269
256
202
10000
240
384
516
688
884
976
1072
1268
1330
1535
1527
1706
1769
1843
1945
2019
2133
2160
2214
2331
2438
2454
2453
2489
2551
2559
2591
2669
2694
2759
2779
2743
2815
2831
2783
2789
2807
2814
2933
2959
2941
2943
2871
3135
2999
2965
3047
3057
3043
3003
10000
2943
2727
2587
2373
2224
2107
1915
1871
1806
1689
1648
1456
1365
1301
1206
1154
1096
1072
998
900
901
848
824
758
752
672
668
672
589
624
624
528
528
468
464
448
397
416
354
388
384
352
307
308
296
240
304
256
274
240
10000
208
401
532
704
848
936
1104
1210
1337
1441
1574
1685
1753
1863
1959
1968
2130
2121
2229
2261
2307
2431
2442
2501
2478
2535
2559
2674
2651
2691
2694
2768
2827
2767
2847
2823
2903
2925
2927
2919
2934
3039
2975
3051
2990
2993
3058
2991
3071
2993
10000
2923
2723
2583
2327
2181
2096
2000
1904
1727
1645
1510
1474
1474
1330
1294
1158
1072
1038
944
970
930
860
848
844
730
768
677
658
650
593
664
630
592
432
464
480
468
405
385
416
361
284
330
326
306
278
280
256
244
256
10000
214
437
576
692
816
981
1130
1294
1321
1440
1518
1714
1741
1871
1939
1979
2047
2167
2238
2309
2347
2423
2463
2493
2533
2606
2663
2559
2715
2683
2735
2719
2810
2763
2879
2863
2879
2887
2961
2943
2895
2918
2929
2991
2967
2983
3025
3101
2959
3115
10000
2954
2813
2559
2431
2203
1987
2044
1842
1786
1749
1598
1474
1450
1317
1289
1165
1136
1088
994
960
920
868
816
820
721
736
649
626
608
650
612
521
555
525
458
457
442
418
432
256
353
348
297
352
233
320
272
363
242
288
10000
296
352
592
784
864
944
1117
1275
1350
1469
1589
1669
1786
1795
1913
2009
2021
2203
2239
2235
2379
2379
2430
2555
2522
2591
2608
2623
2673
2694
2730
2721
2839
2837
2823
2863
2927
2931
2895
2943
2911
2999
2967
3071
3039
2949
3071
3025
3031
3071
10000
2931
2766
2559
2347
2213
2129
1971
1878
1799
1712
1616
1440
1414
1306
1233
1286
1073
1054
976
976
930
928
816
804
742
714
732
683
582
560
592
580
532
528
400
464
488
428
448
404
364
336
328
321
266
363
260
336
256
192
10000
224
448
560
704
816
988
1088
1188
1376
1461
1530
1574
1763
1915
2015
1981
2080
2166
2235
2207
2315
2309
2411
2543
2477
2559
2608
2611
2731
2623
2799
2742
2754
2783
2833
2811
2878
2901
2940
2903
2911
2899
2949
2925
2994
3037
3027
2991
3057
3122
10000
2926
2701
2544
2419
2278
2111
2000
1865
1871
1701
1535
1492
1422
1326
1234
1200
1104
997
996
1011
966
880
722
752
704
778
682
644
682
592
610
488
538
560
460
501
436
402
400
426
336
320
360
336
288
236
276
256
338
256
10000
214
403
535
721
905
948
1124
1174
1412
1443
1577
1690
1724
1888
1951
2009
2092
2183
2246
2307
2367
2411
2437
2493
2512
2559
2603
2655
2623
2694
2757
2803
2765
2751
2778
2780
2827
2958
2943
2957
2943
2983
2993
2955
2974
3015
2919
3071
3003
3047
10000
2909
2717
2583
2399
2261
2087
1999
1891
1819
1631
1583
1472
1446
1330
1255
1106
1094
1078
1004
896
936
976
909
777
769
773
724
725
608
582
592
528
524
554
464
427
464
386
440
390
320
360
408
304
328
272
280
224
194
228
10000
184
432
490
676
840
977
1094
1185
1375
1444
1580
1710
1710
1847
1928
2000
2075
2205
2199
2272
2323
2354
2418
2547
2531
2631
2559
2659
2641
2719
2739
2763
2767
2789
2839
2863
2843
2879
2902
2901
2967
2967
3015
2987
3029
2993
3011
3071
3095
3071
10000
2961
2735
2518
2407
2263
2047
1966
1815
1847
1691
1568
1451
1410
1360
1200
1168
1114
1042
1012
942
890
832
818
848
674
680
685
664
645
624
630
534
536
480
448
416
449
362
356
396
336
304
410
336
248
288
258
230
216
212
10000
204
376
576
704
859
1002
1198
1248
1438
1532
1527
1663
1744
1863
1967
1997
2143
2139
2239
2289
2293
2363
2403
2429
2547
2547
2614
2635
2672
2737
2759
2779
2819
2821
2845
2877
2879
2935
2943
2895
2923
2959
2938
2943
3019
3003
3035
3007
2991
3057
10000
2893
2775
2543
2447
2246
2077
2001
1865
1742
1658
1594
1452
1306
1255
1266
1162
1018
1033
964
984
907
840
886
848
729
688
680
676
666
592
571
520
593
504
520
437
400
394
393
408
265
336
352
256
256
233
324
202
176
178
10000
184
388
560
706
800
992
1072
1286
1398
1449
1749
1702
1794
1875
1893
2058
2071
2186
2193
2295
2407
2384
2457
2535
2523
2543
2589
2647
2640
2614
2651
2768
2759
2731
2886
2814
2775
2843
2895
2907
2992
2943
2935
3027
2986
2963
2971
3011
2975
3051
10000
2999
2759
2559
2374
2331
2091
2047
1861
1773
1651
1601
1520
1411
1290
1280
1193
1072
1052
1005
915
890
866
776
828
708
642
706
700
613
579
480
468
554
538
448
400
496
432
397
372
361
336
292
321
257
234
289
216
270
256
10000
240
396
576
714
816
981
1077
1257
1314
1478
1535
1721
1761
1819
1899
1971
2078
2150
2235
2314
2343
2381
2410
2478
2512
2511
2623
2559
2623
2690
2699
2741
2718
2799
2799
2847
2843
2887
2959
2987
2975
2917
2943
2967
3071
2971
3051
3114
3003
3039
10000
2943
2719
2525
2287
2192
2099
2015
1840
1759
1680
1569
1534
1446
1281
1246
1202
1104
1035
1004
914
885
860
837
746
752
724
707
656
646
532
568
544
534
462
472
440
440
436
362
348
365
328
288
325
245
293
264
176
240
236
10000
197
390
578
696
824
960
1104
1226
1344
1493
1606
1651
1719
1865
1937
1956
2110
2147
2229
2291
2311
2411
2495
2543
2511
2547
2611
2667
2671
2736
2631
2707
2815
2853
2839
2831
2834
2869
2897
2957
2909
2963
2867
2930
2967
3055
2999
2975
3027
3053
10000
2971
2699
2595
2419
2278
2175
1998
1891
1790
1680
1561
1468
1399
1285
1296
1253
1140
1040
966
928
880
804
802
845
752
700
756
644
621
605
566
562
473
528
518
400
400
466
370
448
336
388
353
321
321
320
258
264
226
272
10000
168
401
621
677
853
960
1088
1200
1365
1450
1621
1712
1765
1869
1936
2046
2073
2119
2202
2259
2319
2352
2495
2455
2523
2539
2583
2607
2531
2705
2749
2719
2751
2891
2863
2815
2895
2949
2885
2879
2959
2975
2965
2957
3007
3023
3007
3051
3058
3035
10000
2959
2663
2559
2423
2250
2043
1968
1838
1774
1680
1647
1473
1406
1266
1216
1195
1130
1073
1016
930
956
801
820
800
857
710
724
752
704
588
673
592
440
472
522
432
464
400
390
322
384
320
352
320
208
256
256
288
201
256
10000
224
364
476
704
848
944
1104
1249
1360
1501
1616
1689
1773
1860
1904
2069
2117
2133
2282
2274
2299
2430
2459
2487
2670
2591
2605
2598
2662
2677
2675
2769
2736
2847
2802
2839
2838
2879
2866
2943
2909
2960
2887
2947
2955
3023
3051
3023
3025
3102
10000
2931
2743
2559
2398
2282
2131
2011
1872
1765
1712
1561
1535
1415
1293
1254
1172
1140
1122
998
918
854
846
837
848
729
689
740
624
592
576
576
568
516
533
516
440
418
400
430
420
377
344
360
325
352
273
265
288
152
228
10000
180
384
560
788
848
960
1048
1243
1397
1408
1579
1648
1774
1941
1966
1991
2098
2162
2224
2301
2335
2396
2455
2459
2535
2559
2547
2675
2639
2685
2719
2826
2767
2835
2837
2751
2911
2903
2907
2935
2943
2959
3011
2971
3037
3027
2965
3071
3027
3027
10000
2907
2659
2497
2354
2224
2063
1975
1821
1796
1681
1535
1498
1446
1312
1201
1236
1153
1162
1032
946
892
896
834
752
768
806
682
674
604
528
520
509
528
544
450
384
368
442
416
400
360
360
348
328
288
268
234
304
272
297
10000
224
369
576
704
854
976
1093
1248
1363
1521
1600
1758
1819
1894
1991
1991
2087
2211
2215
2331
2258
2351
2403
2511
2531
2515
2559
2647
2715
2707
2751
2755
2783
2727
2803
2829
2801
2821
2887
2927
2933
2989
2943
2983
3015
3021
3059
3022
3031
2997
10000
2955
2751
2551
2407
2229
2123
1937
1815
1762
1665
1595
1458
1418
1285
1290
1205
1122
1003
1008
960
896
896
805
741
731
708
680
678
608
640
544
565
504
419
493
456
436
356
394
392
325
384
368
356
368
304
282
240
231
298
10000
192
428
560
752
844
981
1072
1216
1328
1522
1527
1759
1807
1870
1876
2030
2153
2095
2241
2276
2275
2384
2437
2501
2534
2603
2559
2647
2675
2672
2726
2767
2805
2887
2879
2799
2871
2919
3003
2963
2991
2951
2943
2971
3007
3019
3029
3090
3023
2975
10000
2987
2667
2518
2335
2213
2112
1961
1904
1744
1663
1573
1558
1402
1279
1210
1101
1077
997
1018
944
912
861
785
788
756
801
704
656
644
598
528
601
533
528
496
416
393
416
355
404
337
360
347
360
272
242
244
272
242
210
10000
194
352
598
688
845
987
1088
1186
1373
1427
1597
1727
1799
1792
1979
2063
2133
2160
2256
2227
2353
2419
2439
2453
2544
2591
2706
2647
2678
2630
2839
2702
2767
2835
2831
2802
2864
2939
2923
2847
2975
2959
2903
2990
3007
2959
2991
3022
3021
3071
10000
2983
2769
2544
2320
2277
2111
1961
1878
1788
1675
1568
1472
1361
1302
1205
1172
1138
1094
948
953
904
868
813
780
744
688
704
610
651
592
553
528
531
464
473
441
432
448
332
360
368
369
321
322
266
277
256
224
272
320
10000
177
385
642
720
824
998
1110
1219
1330
1458
1535
1744
1802
1856
1904
1959
2032
2158
2159
2239
2299
2365
2435
2414
2530
2613
2627
2559
2635
2671
2675
2704
2754
2768
2830
2911
2859
2909
2943
2911
2866
2915
2997
2999
2959
3067
2983
3094
2993
3055
10000
2971
2709
2609
2339
2202
2033
1979
1822
1665
1564
1601
1408
1443
1296
1227
1168
1110
1014
1023
924
899
872
848
768
796
692
657
678
562
596
592
519
484
532
528
470
408
428
361
406
370
320
346
336
345
310
270
212
182
260
10000
245
400
592
714
820
944
1090
1168
1387
1442
1586
1696
1821
1862
1950
2007
2142
2129
2251
2293
2340
2459
2397
2477
2454
2550
2559
2611
2639
2687
2625
2735
2725
2779
2695
2864
2802
2798
2895
2919
2895
2903
2893
3011
3023
2974
3023
2951
2999
3099
10000
2943
2727
2512
2395
2279
2099
2031
1927
1791
1677
1600
1463
1433
1381
1233
1209
1104
1068
976
930
848
904
776
794
761
704
688
666
742
624
581
534
560
588
486
450
448
449
442
282
386
356
340
297
330
274
260
240
272
240
10000
208
400
466
704
832
933
1153
1271
1335
1499
1535
1634
1729
1823
1931
2000
2128
2181
2230
2270
2331
2384
2395
2479
2503
2510
2631
2703
2651
2702
2799
2743
2799
2803
2833
2839
2869
2955
2899
2961
2907
2915
2993
3011
3029
3007
2987
2997
3093
3057
10000
2867
2738
2513
2397
2262
2195
1968
1836
1766
1617
1600
1491
1420
1301
1315
1140
1104
1022
1029
976
962
822
835
838
768
726
720
592
644
630
536
584
528
496
488
420
440
448
400
300
326
300
336
280
336
305
256
256
240
160
10000
192
422
531
776
835
1002
1082
1262
1333
1451
1535
1744
1814
1837
1893
2032
2128
2222
2224
2320
2320
2364
2431
2487
2583
2559
2607
2551
2645
2671
2751
2751
2719
2763
2864
2835
2901
2899
2960
3006
2911
2897
2994
2965
2962
3107
3019
3103
3045
3071
10000
2951
2803
2514
2431
2287
2101
2011
1836
1785
1675
1520
1565
1409
1318
1264
1180
1104
1088
976
922
974
848
802
784
708
656
721
630
568
562
582
586
452
470
516
432
400
372
402
312
320
372
305
354
307
304
320
228
192
158
10000
256
377
528
722
926
944
1066
1200
1376
1490
1522
1670
1744
1851
1966
2000
2095
2205
2266
2321
2349
2355
2430
2526
2485
2512
2629
2715
2637
2683
2723
2765
2759
2863
2863
2831
2827
2847
2963
2943
2941
2979
2987
3011
3023
2983
3037
2971
3111
2991
10000
2895
2763
2495
2383
2251
2137
1975
1873
1726
1752
1535
1505
1408
1348
1210
1202
1120
1085
1005
1006
848
835
818
816
728
816
678
656
592
530
600
530
505
485
464
456
473
364
336
372
266
336
242
288
290
256
272
209
170
236
10000
169
404
568
688
889
989
1088
1222
1402
1454
1570
1680
1751
1891
1939
2027
2111
2157
2279
2339
2323
2346
2461
2527
2506
2559
2622
2667
2679
2727
2731
2703
2736
2765
2803
2815
2867
2927
2928
2939
2927
2987
3007
2935
2975
3055
3014
3025
3059
3025
10000
2971
2795
2507
2423
2145
2107
1949
1907
1806
1696
1491
1458
1391
1296
1213
1120
1078
1058
982
928
909
828
832
754
816
840
624
634
592
565
576
525
485
564
528
418
460
432
378
332
360
357
326
360
292
272
298
256
262
192
10000
272
384
592
720
880
970
1072
1210
1392
1456
1493
1657
1707
1904
1921
2000
2079
2170
2239
2235
2345
2393
2479
2449
2509
2587
2591
2667
2672
2693
2747
2671
2751
2863
2823
2842
2875
2859
2883
2898
2974
2943
3022
2971
2947
3043
3023
2979
2999
3029
10000
2930
2764
2559
2331
2154
2113
1929
1846
1712
1668
1535
1482
1334
1277
1295
1179
1088
1046
1072
898
966
912
858
850
804
784
728
640
656
578
537
578
592
437
508
448
441
384
403
403
336
320
352
280
264
336
260
236
284
208
10000
128
384
572
800
848
931
1052
1187
1381
1447
1600
1726
1843
1855
1995
1926
2096
2172
2207
2303
2343
2391
2403
2527
2503
2559
2585
2607
2699
2667
2645
2762
2795
2763
2783
2835
2935
2831
2871
2981
2896
2991
2923
2895
2947
2987
3071
2975
3067
3119
10000
3047
2671
2559
2334
2224
2155
2009
1895
1731
1697
1584
1490
1458
1307
1200
1220
1108
1028
1034
951
897
873
826
773
683
678
708
600
592
608
528
448
544
505
484
389
396
416
394
388
378
304
304
306
304
272
246
229
236
240
10000
172
432
473
694
800
912
1128
1255
1361
1498
1522
1637
1749
1825
1851
2007
2085
2155
2221
2320
2335
2411
2449
2527
2515
2545
2535
2613
2699
2703
2771
2807
2779
2839
2819
2851
2903
2935
2907
2883
2975
2959
2939
3039
2961
2933
3047
3051
3035
3071
10000
2931
2735
2551
2335
2245
2068
1933
1870
1765
1638
1566
1535
1345
1296
1262
1168
1088
1088
972
992
905
872
854
784
796
720
720
694
656
624
624
568
496
496
492
400
428
438
384
354
425
332
312
292
289
306
224
304
272
240
10000
322
392
500
688
800
1008
1097
1260
1418
1487
1564
1711
1717
1877
1947
2003
2073
2174
2213
2303
2383
2408
2309
2531
2533
2539
2625
2605
2673
2727
2671
2755
2743
2827
2851
2795
2879
2890
2959
2919
2931
2919
2911
3015
2959
2991
3027
3019
2967
3023
10000
2943
2734
2585
2352
2239
2133
1959
1867
1819
1584
1597
1441
1447
1299
1202
1127
1200
1045
1022
920
944
836
828
822
769
752
640
672
608
546
576
592
500
497
480
417
384
389
406
432
392
328
312
377
320
332
308
320
281
272
10000
240
384
576
678
794
972
1120
1243
1393
1446
1561
1646
1733
1845
1904
1935
2022
2160
2197
2257
2339
2389
2482
2448
2542
2512
2610
2611
2621
2727
2751
2759
2767
2791
2891
2895
2833
2929
2943
2895
2935
3037
2950
2967
2959
2993
2993
3011
3037
3105
10000
2859
2807
2551
2391
2167
2134
2009
1873
1775
1707
1535
1475
1421
1329
1312
1228
1152
1060
1008
889
854
922
896
716
753
692
645
640
672
548
618
548
544
453
476
432
432
364
352
400
352
346
369
310
228
274
304
288
208
220
10000
192
421
576
726
824
960
1116
1249
1395
1483
1606
1687
1796
1850
1979
2015
2129
2192
2287
2295
2350
2435
2353
2535
2531
2531
2545
2594
2727
2639
2738
2707
2771
2775
2815
2863
2832
2943
2859
2935
2943
2951
2926
3003
3007
2991
2998
2979
3003
3061
10000
2870
2708
2544
2447
2288
2163
2007
1853
1738
1712
1559
1532
1452
1354
1264
1136
1104
1055
965
1014
921
814
806
793
732
776
684
668
586
546
541
522
486
433
442
432
442
394
400
368
378
364
336
354
280
274
266
268
176
242
10000
216
400
576
741
849
929
1072
1154
1358
1502
1552
1680
1658
1890
1985
2114
2074
2171
2169
2251
2384
2373
2419
2495
2447
2539
2587
2587
2641
2667
2741
2727
2703
2839
2847
2837
2869
2935
2867
2947
2899
2983
2959
3001
2993
3035
2991
3314
3039
3119
10000
2927
2755
2519
2321
2263
2101
2015
1826
1757
1680
1535
1450
1391
1286
1267
1218
1120
1050
1040
995
925
944
832
786
741
656
777
625
561
624
540
532
557
457
488
520
433
397
368
354
386
313
313
304
256
280
240
227
258
304
10000
186
386
475
728
802
928
1072
1214
1389
1496
1520
1692
1786
1887
1957
2019
2076
2147
2220
2354
2334
2342
2447
2431
2559
2615
2631
2627
2647
2709
2707
2735
2815
2783
2775
2783
2891
2879
2896
2915
2895
2943
2917
2925
2967
2995
2992
3011
3015
3071
10000
2927
2737
2605
2384
2209
2081
1973
1863
1758
1678
1799
1520
1420
1353
1266
1211
1102
1088
996
973
864
805
858
858
770
764
752
590
614
612
398
545
521
482
464
480
392
396
448
472
388
344
336
296
320
332
274
320
204
256
10000
192
436
505
734
880
976
1022
1280
1360
1453
1562
1596
1719
1808
1923
2037
2000
2129
2191
2282
2355
2363
2447
2542
2486
2611
2635
2559
2643
2704
2767
2758
2803
2766
2835
2865
2863
2835
2894
3031
2943
2935
3063
2975
3007
3095
2942
3021
3007
3002
10000
2879
2751
2557
2374
2240
2086
1978
1819
1735
1663
1583
1584
1381
1383
1268
1226
1167
1068
985
920
857
922
821
737
768
688
640
709
672
612
606
560
530
514
464
448
464
426
334
400
265
370
384
248
304
290
280
245
230
294
10000
208
368
516
740
912
976
1147
1241
1342
1438
1556
1666
1751
1863
1735
2032
2101
2096
2199
2283
2417
2426
2447
2503
2513
2559
2595
2609
2639
2663
2727
2769
2799
2852
2862
2863
2879
2903
2899
2864
2907
2979
2929
3011
2999
2995
2967
2995
3053
3019
10000
2959
2791
2638
2431
2250
2153
1985
1885
1837
1682
1594
1535
1391
1313
1224
1168
1125
1181
968
967
948
832
860
736
720
683
720
552
595
602
581
561
528
480
459
384
402
432
424
421
344
312
352
320
268
310
272
260
244
256
10000
232
336
484
665
800
974
1154
1201
1339
1397
1602
1625
1751
1889
1990
2062
2032
2185
2175
2281
2319
2275
2421
2471
2471
2559
2589
2672
2675
2736
2723
2789
2807
2783
2891
2823
2877
2879
2869
2899
2986
2943
2895
3047
3025
3035
3095
2971
3039
3070
10000
2927
2747
2591
2430
2195
2143
2045
1874
1782
1680
1563
1474
1414
1296
1244
1200
1147
1076
1140
1034
896
899
768
780
752
761
688
618
690
609
550
484
494
461
470
514
409
432
352
364
352
352
313
289
304
304
256
200
256
264
10000
261
368
532
690
848
928
1105
1267
1315
1533
1509
1737
1771
1903
1919
2005
2087
2127
2271
2293
2352
2448
2395
2482
2539
2497
2547
2618
2627
2717
2687
2559
2743
2733
2839
2835
2918
2864
2903
3014
3024
2979
3015
2911
2983
2983
3071
3061
3055
3099
10000
2895
2743
2471
2384
2298
2111
1975
1838
1776
1728
1613
1535
1378
1322
1248
1109
1148
1014
994
909
832
832
842
732
773
724
629
686
690
624
609
538
493
480
458
452
448
418
432
353
432
346
320
362
336
322
274
242
272
240
10000
224
396
564
742
854
1060
1113
1273
1394
1569
1578
1702
1741
1872
1963
1999
2106
2173
2253
2310
2355
2335
2451
2439
2543
2559
2673
2735
2635
2685
2737
2751
2769
2829
2804
2871
2903
2915
2855
2982
2975
2970
3031
2942
3003
2982
3057
3099
3071
3057
10000
2929
2800
2515
2371
2192
2045
1983
1877
1723
1630
1605
1517
1444
1355
1237
1194
1162
970
998
956
880
904
784
804
778
704
720
621
656
608
624
586
528
504
517
444
430
420
392
358
400
376
345
353
272
320
288
298
272
256
10000
224
400
576
633
848
990
1104
1185
1309
1424
1620
1681
1795
1805
1922
2019
2094
2179
2223
2315
2335
2383
2453
2511
2559
2545
2527
2625
2678
2703
2683
2723
2799
2781
2807
2864
2871
2855
2923
2767
2957
2967
2887
2919
3024
2955
3071
3059
3063
2982
10000
2975
2759
2535
2451
2206
2090
2015
1916
1792
1669
1583
1431
1436
1411
1200
1125
1164
1002
950
944
884
835
816
804
704
707
750
610
704
586
597
570
468
486
486
482
505
400
354
390
308
320
304
304
282
272
329
300
272
216
10000
224
368
618
732
854
937
1136
1237
1359
1431
1573
1749
1762
1909
1939
1967
2073
2114
2183
2271
2317
2353
2354
2495
2517
2479
2641
2559
2640
2675
2758
2801
2774
2799
2831
2859
2847
2911
2951
2897
2887
2975
2954
2951
2991
3022
3035
3039
3055
3003
10000
2907
2731
2525
2395
2262
2119
2045
1839
1744
1591
1589
1457
1375
1362
1231
1225
1157
1069
1014
992
857
906
945
768
792
584
707
629
656
601
621
597
521
506
486
405
464
424
408
416
320
363
264
288
202
288
296
312
204
218
10000
178
402
612
656
806
944
1056
1216
1318
1473
1595
1633
1779
1950
1943
2100
2178
2146
2285
2273
2407
2331
2448
2497
2527
2539
2559
2559
2639
2702
2699
2779
2723
2727
2863
2897
2894
2687
2839
2890
2947
2919
2990
3007
2987
3051
3099
2989
3002
2965
10000
2959
2759
2559
2398
2247
2064
1996
1872
1801
1629
1535
1463
1376
1246
1256
1184
1083
1054
993
924
902
822
816
820
788
686
666
708
648
712
497
540
576
489
460
448
448
426
432
438
324
342
400
337
330
332
320
240
324
236
10000
176
390
569
631
896
976
1138
1233
1274
1403
1584
1699
1747
1824
1873
2015
2095
2101
2157
2289
2290
2350
2381
2419
2459
2519
2609
2525
2646
2729
2726
2772
2727
2839
2882
2853
2891
2967
2935
2879
2935
2941
2943
2995
2941
3007
2983
2990
3059
2963
10000
2934
2695
2609
2384
2224
2042
1995
1887
1744
1667
1515
1440
1321
1342
1287
1175
1075
1122
1040
974
909
841
816
819
816
717
674
716
588
598
549
578
640
464
448
440
416
416
373
400
308
320
321
304
272
244
261
260
268
220
10000
224
376
560
736
856
976
1101
1199
1345
1510
1661
1712
1877
1859
1927
1990
2075
2146
2277
2299
2341
2352
2473
2487
2481
2557
2607
2595
2646
2695
2731
2699
2751
2790
2805
2855
2831
2855
2863
2960
3015
2983
2939
2991
2963
3011
3071
3089
3026
3103
10000
2895
2799
2559
2396
2166
2131
2010
1818
1730
1743
1594
1488
1326
1345
1212
1217
1144
1060
1014
969
816
859
771
802
705
704
658
592
556
628
564
520
448
468
480
490
460
396
336
352
368
340
374
352
305
288
360
256
184
240
10000
198
363
594
700
832
974
1050
1266
1293
1413
1565
1594
1786
1818
1913
1982
2077
2179
2167
2307
2353
2335
2375
2450
2559
2559
2607
2559
2677
2727
2751
2727
2826
2813
2787
2807
2864
2839
2883
2915
2962
2975
3015
3063
2991
3025
3058
2959
2989
3127
10000
2879
2731
2559
2462
2211
2073
1939
1779
1767
1393
1584
1504
1423
1324
1178
1178
1152
988
998
920
920
944
876
856
810
781
704
640
578
608
581
617
614
469
412
432
424
364
364
393
352
320
340
308
304
272
322
225
200
266
10000
198
480
544
704
886
1010
1121
1217
1402
1472
1667
1715
1770
1879
1933
2010
2106
2141
2322
2286
2391
2434
2470
2559
2543
2543
2559
2623
2662
2743
2815
2683
2735
2851
2754
2862
2939
2831
2911
2864
2943
2987
2928
2974
2927
2927
3047
2965
3055
2931
10000
2906
2759
2545
2359
2238
2175
1927
1843
1865
1643
1587
1483
1408
1340
1282
1140
1169
1088
1036
932
884
784
848
696
656
688
678
666
664
564
568
496
536
492
458
474
454
390
396
466
328
308
309
342
272
320
296
322
274
216
10000
233
413
473
704
928
982
1078
1241
1342
1381
1582
1600
1742
1872
1932
2079
2090
2133
2283
2289
2320
2351
2353
2418
2559
2525
2608
2693
2719
2642
2651
2704
2738
2815
2789
2843
2869
2823
2894
2899
2899
3027
2939
2932
2975
2993
2999
2995
3031
3021
10000
2887
2626
2559
2416
2187
2062
1936
1852
1743
1557
1601
1389
1375
1326
1264
1200
1018
1074
1026
994
978
852
788
740
804
737
676
691
690
576
602
570
488
530
464
377
460
368
360
325
320
364
326
288
280
268
214
256
296
176
10000
240
377
497
722
816
880
1114
1198
1354
1486
1630
1730
1766
1902
1935
2031
2093
2171
2224
2284
2435
2318
2407
2487
2503
2608
2598
2647
2651
2678
2709
2723
2715
2786
2767
2801
2875
2883
2943
2901
2967
2903
3027
3014
2991
3071
2989
2999
3031
3071
10000
2927
2703
2475
2321
2319
2137
2075
1839
1717
1666
1615
1447
1406
1301
1251
1152
1092
1072
985
955
938
916
756
768
792
668
768
640
588
600
564
536
611
452
486
509
483
400
408
352
352
374
352
304
320
277
228
313
247
246
10000
288
320
564
704
816
1008
1154
1216
1323
1501
1582
1664
1821
1879
1968
2047
2067
2182
2270
2263
2269
2415
2417
2437
2517
2503
2589
2663
2703
2711
2703
2731
2835
2833
2834
2843
2896
2903
2927
2963
2879
2911
2947
2953
3054
2999
2991
3029
2998
2975
10000
2971
2739
2512
2375
2255
2063
1987
1808
1762
1660
1642
1428
1422
1307
1314
1170
1104
1028
1016
954
869
883
793
832
760
738
733
621
644
555
610
536
544
580
432
488
388
388
368
392
372
376
268
304
310
278
274
224
256
234
10000
200
370
508
764
816
934
1114
1222
1403
1456
1690
1635
1743
1907
1983
2061
2180
2139
2246
2315
2387
2431
2403
2461
2467
2608
2591
2591
2686
2745
2742
2695
2794
2843
2835
2833
2823
2847
2897
2891
2887
2963
2963
2989
3029
3021
3058
3055
3022
3007
10000
2935
2705
2519
2379
2223
2163
2013
1935
1777
1660
1594
1533
1328
1287
1166
1172
1052
974
976
952
954
858
858
848
812
677
723
632
720
656
576
507
532
492
476
452
454
347
432
388
345
400
320
294
354
268
268
256
210
293
10000
274
410
520
733
836
1067
1070
1233
1336
1422
1571
1692
1795
1839
1920
1995
2045
2151
2231
2251
2339
2383
2450
2473
2547
2559
2541
2615
2705
2759
2687
2751
2767
2839
2832
2851
2863
2913
2967
2897
2905
2961
2979
3023
2949
2939
2993
3059
2983
3007
10000
2895
2751
2559
2405
2259
2139
1968
1822
1815
1616
1585
1488
1381
1329
1217
1226
1171
1001
1048
944
864
844
802
786
752
698
665
626
594
608
565
546
533
465
578
392
454
340
362
298
336
338
288
320
320
276
180
224
259
308
10000
234
405
617
693
921
1019
1173
1290
1312
1513
1678
1683
1766
1867
1931
1979
2095
2173
2177
2303
2271
2407
2371
2503
2523
2531
2533
2607
2623
2667
2765
2710
2775
2805
2861
2863
2815
2847
2931
2929
2975
2935
2982
2987
3023
3025
3007
3071
3011
3071
10000
2961
2754
2513
2336
2222
2147
1943
1883
1727
1575
1552
1494
1409
1353
1202
1152
1142
982
1056
922
898
880
841
736
778
704
673
642
618
563
561
533
524
522
516
489
389
400
432
369
432
332
384
304
298
265
304
320
242
276
10000
212
408
598
680
800
976
1042
1222
1328
1432
1590
1706
1744
1840
2002
2000
2047
2224
2224
2241
2323
2374
2447
2439
2611
2609
2658
2667
2687
2705
2751
2797
2775
2771
2791
2895
2875
2864
2935
2923
2897
2961
2943
2955
2907
2957
2875
3003
3071
3047
10000
2963
2717
2559
2378
2243
2079
1985
1868
1824
1693
1523
1502
1386
1294
1238
1264
1101
1094
960
928
918
888
800
786
724
720
672
688
683
640
592
548
544
422
464
464
400
408
400
354
320
257
310
328
288
288
256
256
256
198
10000
224
388
560
680
880
976
1085
1243
1401
1488
1605
1658
1766
1881
1975
1995
2097
2144
2294
2239
2335
2419
2411
2447
2559
2591
2638
2608
2707
2631
2739
2675
2704
2735
2704
2743
2835
2847
2911
2898
2939
2975
2915
2999
2998
3017
3127
3055
3071
3088
10000
2975
2832
2535
2416
2147
2112
1972
1904
1721
1649
1555
1493
1388
1266
1291
1129
1120
1051
960
944
912
842
825
787
744
738
684
620
644
592
608
616
538
476
498
432
500
448
360
352
377
389
362
326
300
264
308
216
208
304
10000
197
420
588
720
892
897
1104
1213
1369
1405
1570
1618
1803
1909
1904
2021
2093
2111
2183
2231
2415
2384
2403
2474
2551
2531
2619
2631
2599
2719
2743
2743
2833
2751
2814
2859
2847
2829
2930
2939
2919
2992
2983
3059
2993
3023
2973
3107
2992
2886
10000
2987
2742
2607
2421
2223
2057
2063
1895
1792
1627
1519
1456
1415
1313
1217
1134
1089
1040
944
1009
896
800
788
781
812
674
720
778
604
624
562
496
464
520
442
501
480
409
337
400
320
320
358
272
292
276
248
284
256
225
10000
224
437
584
698
865
955
1072
1233
1358
1421
1599
1653
1913
1856
1986
2061
2141
2173
2186
2294
2251
2435
2453
2539
2518
2559
2559
2617
2687
2645
2702
2687
2780
2799
2939
2799
2862
2851
2847
2887
2983
2947
2992
3010
3031
3027
3007
3071
3030
2999
10000
2995
2743
2542
2448
2261
2098
2013
1847
1771
1670
1559
1535
1343
1342
1254
1161
1088
1038
978
944
998
848
845
752
731
771
676
712
626
566
624
592
528
464
538
448
410
400
432
434
324
384
332
373
272
305
304
280
236
194
10000
204
388
560
697
857
982
1081
1234
1374
1467
1531
1649
1759
1887
1979
1993
2125
2080
2197
2288
2384
2371
2455
2483
2559
2523
2722
2625
2631
2686
2682
2682
2815
2823
2783
2863
2911
2929
2961
2955
2975
2879
2955
2993
3035
2967
3027
2983
2995
3019
10000
2931
2737
2559
2357
2211
2059
1998
1845
1782
1638
1535
1463
1433
1296
1202
1276
1058
1105
934
1000
930
825
782
804
688
740
688
608
658
529
568
516
552
492
464
524
515
458
304
336
332
328
256
282
259
320
224
298
202
237
10000
218
336
556
753
784
968
1118
1197
1355
1485
1532
1667
1766
1872
1983
2007
2145
2160
2258
2235
2313
2375
2461
2519
2531
2555
2659
2687
2693
2635
2705
2705
2737
2823
2766
2843
2831
2864
2859
2959
2898
2943
2943
3024
2983
3101
3007
3043
3043
3035
10000
2903
2710
2501
2384
2205
2106
1983
1840
1759
1652
1567
1424
1401
1280
1294
1230
1108
1088
1000
949
882
876
832
771
689
706
768
656
608
612
576
520
464
528
496
467
432
392
404
393
388
384
352
298
324
345
272
224
256
232
10000
160
400
568
794
813
988
1072
1258
1333
1424
1574
1671
1762
1897
1934
2018
2105
2213
2189
2320
2274
2407
2401
2461
2559
2559
2587
2631
2679
2695
2768
2737
2775
2791
2847
2895
2871
2839
2863
2915
2886
2929
2959
2951
3007
3015
2983
2993
2929
3011
10000
2928
2711
2534
2379
2286
2078
2006
1862
1808
1712
1600
1472
1355
1273
1259
1222
1178
1056
1020
898
955
818
804
746
754
765
686
687
674
608
618
562
517
514
496
384
464
426
306
373
378
320
320
312
272
304
256
240
258
298
10000
184
368
481
773
896
980
1126
1260
1398
1424
1572
1680
1799
1835
1911
2001
2117
2166
2229
2250
2353
2361
2434
2397
2543
2606
2615
2605
2594
2655
2747
2719
2802
2757
2807
2827
2887
2851
2927
2918
2865
2991
2979
2895
3014
2983
3067
3019
3047
3007
10000
2925
2683
2483
2437
2285
2119
2005
1874
1774
1699
1600
1470
1408
1301
1218
1153
1090
994
939
896
918
920
840
784
752
740
674
690
642
592
560
560
496
523
422
452
440
432
401
304
369
396
362
300
320
256
282
288
240
192
10000
184
320
538
734
853
961
1072
1261
1369
1394
1584
1685
1731
1805
1897
1951
2103
2126
2227
2242
2359
2413
2463
2495
2543
2546
2667
2639
2641
2711
2727
2723
2797
2754
2855
2855
2855
2902
2939
2911
2934
2975
2955
2975
2991
2973
3058
3022
2947
3047
10000
2866
2674
2534
2373
2181
2064
1911
1823
1709
1712
1616
1466
1413
1301
1329
1123
1121
1042
992
978
885
890
896
813
768
778
656
631
630
632
592
552
560
454
460
461
417
430
336
428
424
306
316
370
304
240
280
240
256
299
10000
164
410
592
682
852
1029
1097
1273
1382
1507
1613
1694
1746
1920
1877
1995
2145
2187
2243
2299
2385
2385
2422
2494
2559
2495
2559
2559
2655
2651
2750
2739
2758
2757
2873
2958
2855
2883
2895
2967
2919
2971
3047
2955
3031
3023
2991
3051
3067
3071
10000
2875
2736
2523
2382
2231
2102
1990
1919
1777
1651
1574
1471
1361
1329
1296
1200
1165
1093
986
917
795
865
954
832
768
730
675
704
634
565
601
589
528
548
538
464
448
452
384
360
331
384
320
305
276
300
281
240
260
236
10000
226
397
549
738
870
1005
1109
1207
1386
1488
1535
1707
1776
1863
1938
1967
2079
2189
2190
2245
2299
2431
2511
2455
2527
2559
2621
2669
2738
2700
2719
2795
2783
2781
2803
2727
2877
2883
2938
2863
2955
2927
2910
3007
3007
2959
2973
2991
3015
2983
10000
2965
2687
2539
2365
2267
1955
2000
1909
1775
1648
1504
1452
1390
1349
1264
1213
1136
1076
1014
973
889
838
880
720
790
706
713
600
625
576
584
557
490
464
496
448
448
422
368
422
361
392
236
342
344
264
300
296
268
168
10000
160
396
568
700
788
965
1133
1248
1458
1462
1571
1697
1728
1859
1943
2087
2100
2160
2183
2263
2318
2335
2539
2426
2558
2559
2559
2653
2631
2653
2704
2805
2815
2832
2797
2887
2834
2893
2879
2943
2935
2951
2967
3023
3027
3099
2979
3091
3013
3019
10000
2927
2679
2583
2442
2224
2113
1968
1805
1755
1600
1584
1451
1347
1341
1142
1138
1131
1102
1002
956
900
852
768
780
736
720
692
640
624
474
553
535
604
480
492
458
432
432
436
336
377
373
320
296
268
304
240
288
256
272
10000
208
410
568
726
881
960
1105
1248
1336
1509
1604
1639
1779
1811
1904
1954
2103
2097
2233
2302
2363
2399
2480
2443
2525
2527
2611
2671
2673
2711
2763
2781
2754
2802
2847
2901
2883
2867
2911
2885
2935
2963
3023
2957
3003
3035
3089
3051
3003
3015
10000
2949
2693
2519
2389
2278
2066
1947
1874
1728
1674
1577
1468
1389
1234
1242
1137
1124
1097
1052
910
892
848
910
829
832
724
644
674
594
588
586
556
468
464
500
418
438
400
362
386
280
376
320
296
290
210
274
258
246
240
10000
192
408
505
773
836
962
1101
1296
1375
1513
1645
1657
1801
1931
1889
2036
2112
2143
2213
2225
2352
2365
2467
2491
2591
2517
2621
2683
2671
2749
2679
2795
2815
2779
2861
2815
2847
2855
2911
2951
2915
2951
2951
2939
3003
2923
3015
3007
3071
3007
10000
2943
2823
2465
2416
2283
2097
2003
1903
1774
1698
1532
1519
1392
1313
1226
1190
1070
1008
940
956
864
816
822
764
752
768
712
736
660
640
560
520
563
576
530
464
384
418
362
328
416
386
304
282
268
288
296
288
228
224
10000
256
361
602
720
784
949
1056
1070
1323
1408
1553
1625
1784
1849
1955
2079
2097
2180
2255
2303
2410
2439
2416
2495
2512
2559
2631
2640
2639
2687
2735
2813
2803
2815
2893
2815
2833
2865
2875
2949
2893
2929
2943
2975
2997
3021
2975
2931
2987
3131
10000
2899
2679
2527
2445
2302
2111
1971
1863
1706
1679
1594
1487
1445
1328
1285
1200
1162
1079
960
978
888
880
821
787
740
688
749
630
596
576
554
534
496
496
464
468
448
450
368
384
348
361
326
272
320
284
256
228
256
198
10000
224
337
614
712
850
996
1075
1242
1332
1437
1680
1722
1796
1819
1887
1968
2093
2161
2283
2254
2351
2419
2480
2475
2518
2591
2559
2681
2643
2755
2687
2789
2757
2823
2863
2777
2894
2847
2911
2875
2899
2906
2927
3039
2987
2967
3003
2941
3027
3015
10000
2931
2742
2651
2459
2257
2033
2012
1929
1773
1654
1556
1484
1424
1296
1211
1160
1085
974
982
946
904
828
838
758
742
720
656
656
658
596
544
544
468
498
538
428
475
420
410
368
404
352
320
300
362
256
272
274
276
300
10000
220
390
600
743
880
970
1070
1204
1382
1424
1633
1664
1776
1786
1946
1990
2060
2159
2221
2254
2294
2355
2443
2471
2384
2583
2557
2679
2705
2722
2659
2759
2799
2803
2958
2895
2853
2845
2943
2907
2891
2929
2963
2992
3031
2991
2987
3031
3071
3043
10000
2942
2755
2511
2416
2294
2098
2002
1815
1731
1714
1557
1468
1383
1264
1270
1214
1104
1040
994
1008
1008
882
855
789
742
656
668
676
682
589
608
496
448
452
456
448
522
356
434
320
350
330
256
332
320
300
236
288
210
220
10000
136
344
500
720
825
971
1142
1262
1360
1488
1614
1687
1769
1808
1919
2000
2061
2231
2229
2254
2335
2342
2401
2519
2559
2539
2605
2595
2663
2663
2691
2704
2762
2837
2819
2855
2887
2859
2879
2903
2975
2911
2935
2928
3024
2973
3021
3067
3071
3047
10000
2897
2615
2542
2369
2247
2125
1975
1917
1776
1659
1564
1463
1448
1324
1180
1120
1132
956
1002
884
926
848
832
731
796
720
634
620
604
570
536
560
508
548
444
434
368
392
352
338
402
329
340
320
333
308
268
264
260
234
10000
242
425
560
