658
816
949
1073
1186
1382
1383
1628
1648
1734
1830
1872
1983
2067
2107
2219
2221
2288
2349
2439
2459
2503
2530
2619
2631
2647
2771
2763
2651
2751
2833
2791
2890
2891
2871
2897
2918
2970
3139
2919
2943
2974
2967
2987
2991
2991
2991
10000
2963
2717
2535
2383
2257
2096
2011
1826
1706
1621
1581
1484
1430
1370
1242
1149
1096
1084
992
976
881
896
784
848
770
700
714
676
696
603
552
560
528
502
418
418
401
389
384
388
388
388
289
308
298
258
282
256
200
272
10000
352
432
544
745
833
966
1092
1276
1408
1485
1578
1743
1739
1891
1967
2047
2093
2196
2223
2319
2391
2385
2399
2479
2535
2507
2559
2651
2669
2662
2693
2803
2783
2739
2746
2903
2855
2903
2987
2895
2951
2919
3007
2928
3025
2967
3007
3043
3059
3127
10000
2951
2685
2599
2411
2313
2113
2012
1844
1776
1677
1535
1429
1431
1307
1250
1158
1134
1076
977
990
928
874
816
857
694
658
736
642
650
624
504
578
499
522
472
416
438
372
400
376
336
332
336
325
336
232
292
310
240
272
10000
188
388
592
704
850
986
1093
1194
1325
1456
1587
1648
1761
1867
1952
1983
2015
2154
2206
2319
2354
2384
2415
2431
2589
2543
2559
2666
2687
2698
2758
2740
2771
2801
2799
2911
2871
2915
2927
2897
2943
2907
2943
3025
2901
2975
2943
3035
3025
3102
10000
2943
2705
2542
2341
2241
2112
1967
1900
1750
1689
1533
1428
1393
1328
1264
1228
1142
1104
944
928
888
912
842
736
755
718
738
646
600
612
570
518
452
556
436
432
454
336
364
394
368
273
368
288
308
266
268
210
241
164
10000
192
368
541
720
882
977
1072
1270
1372
1472
1617
1701
1779
1906
1947
2017
2030
2182
2259
2250
2311
2359
2406
2471
2527
2519
2559
2641
2663
2751
2715
2733
2864
2783
2757
2815
2886
2901
2943
2943
2951
2981
2981
3025
2953
2993
3071
2979
2951
3027
10000
2915
2779
2590
2387
2310
2147
2015
1828
1750
1658
1535
1489
1381
1296
1328
1096
1104
1067
960
960
936
784
867
768
752
706
640
604
672
548
584
567
496
508
448
460
441
448
384
400
387
353
360
288
274
324
272
261
208
268
10000
180
441
570
768
868
993
1066
1174
1296
1403
1574
1682
1821
1855
1893
2007
2129
2183
2230
2311
2333
2407
2511
2503
2519
2559
2609
2643
2627
2719
2735
2765
2803
2853
2815
2894
2909
2831
2879
2959
2879
2998
2939
2979
2993
2939
2987
2939
2967
3039
10000
2962
2707
2535
2463
2239
2118
1995
1931
1733
1710
1488
1535
1374
1309
1198
1200
1101
1108
986
950
974
930
901
800
790
713
700
624
592
536
608
562
522
569
452
432
400
420
392
368
341
352
338
312
264
256
234
300
257
340
10000
277
449
522
688
864
986
1108
1219
1366
1490
1663
1715
1743
1776
1951
2059
2109
2193
2195
2319
2303
2449
2416
2448
2512
2591
2660
2595
2603
2641
2695
2679
2735
2839
2791
2879
2815
2863
2871
2951
2935
2943
2896
2951
2958
2961
3011
3063
3023
3071
10000
2903
2725
2544
2371
2221
2139
2025
1822
1817
1683
1529
1490
1364
1299
1229
1189
1132
1006
973
910
945
822
800
768
640
810
684
672
700
640
596
570
544
560
490
402
451
400
416
400
368
342
402
320
298
336
346
256
272
280
10000
212
416
564
656
826
958
1079
1222
1358
1476
1580
1682
1700
1903
1936
1985
2047
2130
2229
2242
2299
2391
2475
2429
2487
2539
2607
2642
2704
2643
2711
2747
2767
2789
2779
2928
2843
2927
2855
2931
2943
2895
2929
3007
2990
3021
2987
3007
2989
3135
10000
2891
2719
2513
2390
2223
2109
2047
1867
1861
1629
1575
1501
1440
1410
1210
1220
1125
1056
973
964
915
896
833
780
708
768
681
688
688
592
537
592
528
404
440
480
400
374
467
368
352
441
300
293
304
240
264
256
232
272
10000
256
448
560
720
850
912
1104
1241
1376
1449
1565
1728
1799
1904
1986
1930
2064
2162
2271
2283
2319
2384
2405
2418
2526
2605
2603
2595
2597
2558
2707
2709
2749
2755
2831
2835
2871
2899
3019
2903
2919
2951
2983
2883
3031
2999
3039
3051
3002
3059
10000
2959
2743
2543
2332
2241
2119
1971
1865
1820
1666
1573
1425
1380
1328
1254
1184
1146
1018
994
912
848
862
848
816
804
688
616
600
603
641
592
604
498
428
432
436
552
421
428
388
396
336
360
368
288
328
272
289
298
264
10000
288
362
584
702
834
1008
1072
1258
1360
1478
1563
1599
1732
1877
1941
2025
2075
2184
2187
2310
2309
2416
2464
2515
2548
2538
2650
2615
2659
2743
2770
2727
2769
2799
2803
2823
2935
2919
2919
2897
2887
2983
2939
2942
3003
2975
3029
3023
2947
2993
10000
2923
2671
2526
2463
2194
2095
2000
1852
1737
1746
1578
1517
1402
1357
1292
1146
1153
1141
1038
922
937
834
733
807
700
785
704
664
554
592
588
578
490
448
554
432
390
400
428
352
368
304
320
294
308
288
211
272
258
144
10000
234
416
550
752
834
968
1174
1232
1365
1424
1584
1647
1735
1942
1936
2001
2117
2203
2203
2332
2365
2371
2423
2443
2517
2547
2559
2639
2647
2674
2707
2775
2782
2736
2815
2823
2787
2875
2874
2933
2934
2991
2903
3007
2979
3007
2975
3007
3055
3015
10000
2928
2759
2631
2438
2247
2171
1951
1904
1811
1648
1600
1511
1388
1312
1243
1175
1168
997
944
986
899
862
784
721
752
714
718
691
611
598
600
576
570
482
524
488
450
424
448
452
328
400
368
358
352
304
313
288
256
212
10000
244
376
576
740
789
982
1128
1233
1350
1481
1614
1654
1822
1853
1941
2015
2118
2175
2206
2239
2285
2418
2458
2447
2469
2551
2611
2635
2691
2771
2651
2735
2786
2807
2963
2837
2891
2911
2897
2909
2973
2935
2963
3023
3143
3035
2999
2967
3029
3038
10000
2959
2683
2545
2321
2241
2099
2003
1850
1730
1695
1535
1488
1392
1330
1225
1210
1106
1056
1025
987
898
896
825
832
744
674
768
586
646
544
585
576
600
464
460
424
402
448
368
400
352
372
321
292
272
312
304
240
232
144
10000
192
400
608
773
833
992
1040
1242
1409
1433
1666
1714
1785
1883
1978
2026
2128
2142
2260
2211
2357
2416
2474
2435
2539
2513
2605
2587
2663
2714
2694
2798
2775
2781
2815
2815
2835
2895
2853
2965
2934
2883
2993
2958
2971
2994
3019
3052
3103
3071
10000
2939
2710
2546
2399
2245
2143
2039
1853
1773
1601
1500
1424
1366
1292
1232
1184
1130
1066
960
941
900
877
790
780
652
732
672
746
600
611
566
533
528
440
496
422
402
432
384
384
328
368
354
333
292
267
288
176
216
225
10000
184
356
604
685
877
912
1136
1201
1386
1387
1521
1679
1758
1879
1901
1982
2058
2142
2237
2269
2335
2406
2480
2513
2495
2517
2590
2663
2631
2787
2801
2727
2823
2875
2799
2871
2901
2780
2855
2867
2963
2879
2955
2955
2965
2958
3043
2949
3025
3003
10000
2855
2719
2509
2330
2221
2047
1971
1857
1750
1596
1504
1493
1464
1293
1284
1171
1152
1054
1065
976
900
832
784
806
771
760
718
742
627
618
584
528
428
560
384
432
416
384
377
369
408
432
356
280
290
337
256
264
292
256
10000
224
385
528
712
828
941
1117
1196
1393
1455
1589
1625
1824
1750
1939
2000
2127
2166
2203
2343
2331
2291
2417
2443
2515
2559
2623
2599
2615
2643
2635
2737
2719
2819
2864
2799
2859
2857
2930
2915
2971
2987
2916
3027
3039
2989
3007
3003
3035
3099
10000
2951
2727
2506
2353
2230
2115
1994
1833
1776
1685
1633
1456
1378
1344
1313
1129
1043
1008
1013
951
915
818
793
770
769
653
715
636
555
576
556
496
491
534
508
490
472
416
476
374
342
336
320
302
234
296
272
240
266
256
10000
246
435
451
688
845
1013
1152
1209
1378
1472
1616
1633
1718
1841
1927
2038
2091
2175
2267
2284
2351
2431
2471
2550
2519
2543
2615
2711
2667
2739
2755
2758
2827
2819
2831
2822
2827
2863
2915
2961
2899
3191
3023
3007
3043
2987
3031
2997
3071
2961
10000
2887
2739
2545
2384
2225
2128
1979
1872
1739
1613
1535
1518
1437
1360
1259
1187
1144
1056
1058
900
902
944
916
816
768
704
690
648
593
586
576
554
516
474
521
474
421
345
418
368
410
364
320
400
333
256
246
256
256
232
10000
236
416
549
704
778
992
1112
1227
1330
1389
1582
1706
1803
1885
1954
2079
2046
2160
2274
2311
2319
2369
2471
2480
2461
2608
2606
2607
2629
2635
2733
2803
2819
2745
2833
2795
2833
2898
2839
2999
2951
3027
2961
2983
3047
3027
3071
3095
3003
3071
10000
2967
2800
2527
2331
2199
2081
2033
1839
1726
1642
1589
1442
1417
1328
1206
1184
1072
1064
1006
950
896
864
864
752
708
640
670
645
692
656
518
528
536
450
464
484
429
424
451
416
392
417
348
360
304
338
240
264
278
242
10000
232
384
491
752
872
969
1105
1240
1330
1488
1525
1647
1751
1847
1904
2017
2067
2125
2177
2267
2355
2340
2459
2505
2513
2603
2646
2675
2687
2736
2737
2783
2775
2802
2860
2871
2927
2867
2905
2961
2949
2947
2939
3007
2943
2943
2973
3054
3061
3055
10000
2970
2725
2543
2352
2279
2159
1968
1897
1771
1712
1587
1438
1403
1317
1200
1238
1139
1040
1046
956
912
898
848
832
752
726
636
716
668
560
560
562
493
498
592
490
440
356
353
344
360
316
320
314
264
240
308
248
276
196
10000
226
356
384
688
877
995
1123
1254
1360
1482
1618
1713
1795
1865
1902
2010
2063
2224
2231
2287
2309
2359
2402
2503
2619
2557
2639
2603
2727
2691
2735
2704
2815
2802
2843
2783
2823
2887
3011
2911
2903
2899
2973
2951
2943
3011
2987
3088
3039
2983
10000
2863
2719
2543
2451
2206
2096
1982
1866
1779
1675
1578
1511
1365
1301
1214
1138
1097
1089
993
906
942
848
816
722
704
657
624
640
706
565
595
587
506
480
496
458
400
392
400
376
360
362
282
284
336
290
300
280
232
232
10000
304
418
569
676
816
1000
1083
1259
1315
1447
1584
1711
1786
1746
1914
1962
2100
2207
2226
2291
2339
2352
2398
2437
2545
2589
2595
2661
2631
2672
2707
2800
2827
2863
2807
2895
2911
2897
2926
2907
2911
2975
2829
2931
2959
3007
2975
3088
3103
3023
10000
2983
2709
2545
2358
2219
2077
1973
1808
1754
1647
1593
1437
1341
1360
1269
1165
1125
1004
1042
925
908
886
800
773
726
624
698
668
656
608
552
544
613
425
482
474
412
373
348
368
306
320
304
322
320
274
288
230
256
176
10000
192
416
524
691
838
974
1056
1282
1360
1479
1574
1653
1826
1824
1956
2005
2119
2177
2220
2263
2256
2334
2459
2479
2545
2559
2551
2679
2643
2671
2677
2719
2757
2794
2865
2879
2902
2879
2860
2911
2961
2919
2963
2961
2999
2949
3087
2975
3063
3019
10000
2895
2749
2559
2402
2193
2086
2002
1927
1730
1658
1584
1444
1392
1337
1264
1187
1148
1050
916
955
844
866
880
733
734
758
672
633
618
622
545
604
552
464
458
492
496
400
384
402
332
360
336
256
280
273
288
308
260
272
10000
172
352
581
717
827
1008
1130
1226
1404
1418
1568
1789
1734
1842
1931
2079
2065
2151
2245
2315
2343
2390
2387
2527
2527
2559
2647
2693
2679
2735
2706
2735
2815
2855
2767
2859
2919
2895
2927
2987
2919
2935
2943
2987
2959
2979
3063
3005
3007
3067
10000
2939
2725
2510
2299
2243
2131
1878
1884
1747
1633
1553
1519
1259
1257
1263
1146
1092
995
1044
962
896
870
844
832
714
700
720
664
628
632
561
508
481
468
413
422
402
369
416
364
308
368
321
298
263
276
256
172
184
212
10000
208
418
562
720
870
990
1154
1264
1290
1456
1591
1660
1835
1895
1923
2021
2143
2154
2286
2295
2390
2413
2405
2502
2503
2545
2595
2637
2663
2631
2774
2705
2777
2815
2871
2874
2843
2855
2830
2929
2907
2891
2961
2959
2991
2991
2999
3067
3103
3037
10000
2943
2751
2510
2369
2265
2133
2034
1859
1802
1674
1553
1476
1362
1281
1300
1104
1062
1047
968
865
875
912
800
786
738
700
757
656
678
621
576
560
576
530
484
496
432
432
336
400
331
297
336
193
272
372
260
248
265
202
10000
200
384
550
733
816
944
1165
1257
1351
1477
1617
1703
1723
1820
1991
2071
2071
2121
2235
2301
2389
2445
2461
2487
2531
2559
2667
2719
2675
2655
2766
2769
2783
2801
2863
2890
2911
2899
2899
2967
3024
2943
2995
2875
2998
2947
2943
3031
3031
3053
10000
2875
2743
2677
2311
2283
2096
2032
1840
1763
1648
1597
1466
1395
1350
1301
1262
1126
1070
889
933
944
880
822
800
706
793
700
656
656
566
528
594
484
460
466
516
426
394
418
364
372
338
360
308
304
304
276
272
246
202
10000
256
393
589
706
832
868
1120
1264
1398
1449
1599
1706
1774
1813
1994
2082
2112
2211
2210
2207
2303
2414
2415
2451
2512
2583
2549
2646
2637
2651
2735
2763
2746
2879
2839
2807
2875
2974
2887
2879
2919
2915
2994
2971
3007
3019
3053
3023
3099
3091
10000
2885
2718
2687
2337
2221
2127
1907
1888
1758
1686
1503
1485
1315
1327
1232
1184
1130
1053
944
944
913
835
716
790
768
796
705
650
608
609
528
489
473
469
524
497
400
425
406
428
360
368
344
364
330
236
280
260
256
224
10000
217
416
546
722
832
905
1069
1206
1377
1419
1605
1674
1811
1879
1959
2019
2126
2111
2223
2347
2219
2416
2439
2441
2611
2535
2655
2672
2699
2673
2705
2854
2811
2802
2786
2927
2795
2891
2935
2893
2989
2965
2911
2949
2925
2959
3023
3099
3071
3091
10000
2967
2719
2513
2385
2224
2107
2059
1920
1841
1670
1586
1518
1426
1337
1264
1225
1092
1163
976
960
851
872
866
725
720
734
728
658
682
616
616
546
502
504
448
422
404
400
400
368
336
336
334
274
322
304
424
288
265
256
10000
240
456
536
713
880
957
1126
1218
1433
1572
1600
1713
1791
1903
1968
2014
2096
2163
2212
2256
2351
2378
2427
2471
2531
2615
2589
2623
2627
2715
2768
2791
2813
2847
2815
2847
2869
2875
2906
2895
2839
2759
2943
2990
3021
3031
3039
3091
3055
3115
10000
2933
2751
2547
2385
2205
2160
2035
1849
1733
1659
1583
1438
1392
1356
1206
1202
1117
1006
995
947
917
857
783
800
748
697
666
716
658
592
628
588
544
528
484
496
468
412
394
432
396
420
306
340
326
324
290
274
272
258
10000
227
392
577
684
834
1001
1152
1208
1346
1504
1596
1617
1740
1856
1936
2034
2110
2245
2239
2285
2333
2399
2481
2512
2507
2594
2623
2619
2686
2701
2719
2751
2835
2847
2887
2799
2845
2879
2897
2918
2923
2951
3011
2901
2961
3046
2960
3059
3039
3155
10000
2918
2683
2519
2384
2289
2081
2071
1859
1876
1578
1616
1561
1393
1359
1263
1218
1126
1089
1007
884
866
916
816
792
720
768
710
624
608
624
576
560
496
424
433
409
504
416
387
336
320
298
234
328
288
312
272
256
248
260
10000
178
400
552
707
785
976
1081
1222
1385
1450
1602
1699
1833
1841
1904
1983
2087
2134
2183
2295
2351
2411
2487
2437
2530
2502
2631
2607
2673
2731
2743
2743
2687
2815
2891
2845
2861
2862
2927
2919
2927
3007
2928
2991
3018
3024
3088
3043
3055
3117
10000
2943
2747
2500
2405
2222
2064
1990
1872
1801
1680
1618
1535
1387
1318
1296
1152
1157
1054
1004
976
853
802
868
810
786
704
664
672
681
585
604
646
548
416
452
426
432
392
336
384
408
334
304
322
304
288
274
280
241
256
10000
224
368
528
725
832
970
1125
1202
1339
1458
1601
1636
1744
1883
2065
2043
2101
2203
2212
2293
2343
2384
2427
2446
2522
2609
2607
2595
2703
2667
2768
2788
2837
2855
2869
2823
2960
2884
2907
2939
2911
2887
2929
3015
2983
3011
3007
3063
3121
2963
10000
2927
2743
2514
2385
2277
2128
2011
1919
1785
1737
1564
1433
1424
1301
1256
1174
1142
1113
1008
968
904
848
849
774
761
716
696
652
581
640
545
540
490
538
496
428
441
430
428
336
304
396
308
324
264
230
266
322
200
216
10000
217
352
588
676
800
938
1088
1194
1333
1492
1599
1674
1743
1881
2000
2041
2129
2192
2283
2313
2339
2352
2434
2455
2495
2594
2559
2559
2639
2719
2751
2800
2749
2807
2851
2879
2834
2911
2815
2833
2959
3047
2999
2991
2975
3011
2983
2991
3069
3051
10000
3025
2741
2559
2331
2234
2070
1996
1872
1802
1644
1651
1600
1345
1394
1296
1184
1138
1032
1038
896
864
840
816
756
722
672
682
656
644
608
448
520
563
524
424
400
384
401
480
372
374
378
322
325
336
256
202
260
298
242
10000
208
385
516
684
901
888
1104
1216
1338
1421
1624
1680
1773
1826
1899
2033
2103
2207
2193
2350
2351
2416
2429
2507
2503
2590
2559
2693
2671
2663
2767
2810
2791
2841
2871
2864
2897
2879
2832
2847
2879
3015
2993
2991
2999
3015
2993
3007
3091
2989
10000
2961
2679
2587
2367
2257
2139
2065
1861
1765
1680
1589
1488
1428
1332
1293
1184
1064
1050
982
996
940
827
827
753
742
716
640
642
640
492
600
502
556
432
426
418
492
404
368
374
328
432
343
340
298
294
304
304
288
272
10000
214
384
577
740
824
928
1120
1281
1347
1451
1473
1703
1825
1904
1962
1981
2119
2143
2185
2261
2376
2407
2435
2448
2467
2559
2559
2691
2695
2719
2751
2719
2751
2755
2837
2907
2851
2998
2943
2909
3015
3051
2994
3015
2935
2981
2961
3095
3121
3047
10000
2883
2743
2559
2422
2210
2112
2032
1907
1762
1687
1580
1516
1418
1307
1234
1136
1120
1088
966
902
912
862
860
800
780
695
664
722
624
624
576
557
528
538
516
417
496
416
441
368
360
296
366
324
340
290
304
264
336
272
10000
144
402
520
746
866
1004
1077
1280
1326
1442
1602
1702
1811
1889
1959
2018
2063
2203
2253
2343
2416
2471
2531
2527
2497
2517
2613
2672
2670
2755
2719
2762
2783
2764
2899
2867
2864
2931
2843
2916
2967
2899
3119
3063
3059
3027
2999
3039
2975
3059
10000
2959
2742
2547
2453
2227
2131
1990
1953
1778
1643
1655
1456
1344
1305
1229
1232
1129
1144
1029
860
912
925
848
752
752
716
692
640
640
641
578
592
504
490
539
436
416
424
310
392
400
378
320
332
288
308
340
273
236
200
10000
224
384
561
736
835
1019
1102
1236
1410
1513
1635
1680
1810
1871
2015
2102
2133
2150
2222
2273
2354
2341
2416
2481
2545
2559
2523
2611
2689
2647
2749
2737
2743
2759
2919
2883
2895
2966
2911
2939
2943
2975
2947
3027
2973
3071
3071
3051
3067
3067
10000
2903
2750
2498
2381
2181
2114
2095
1910
1806
1693
1581
1495
1392
1344
1207
1168
1081
1017
1020
920
928
851
853
808
699
756
705
640
576
684
522
584
533
524
496
408
390
386
394
384
384
371
368
272
329
364
316
256
242
200
10000
176
384
616
704
852
969
1088
1154
1351
1520
1612
1664
1811
1853
1950
2032
2098
2165
2251
2289
2385
2407
2461
2526
2559
2559
2629
2673
2674
2647
2765
2781
2771
2791
2789
2832
2887
2890
2933
2931
2899
2915
2971
2961
2991
2951
3039
3087
3055
3099
10000
2931
2754
2594
2483
2323
2171
1951
1920
1744
1755
1570
1472
1440
1353
1294
1216
1174
1100
1044
969
906
865
784
816
750
678
616
592
592
576
499
529
586
485
464
452
432
464
369
338
370
368
376
288
336
265
240
218
240
240
10000
240
432
568
745
836
992
1095
1198
1327
1491
1637
1696
1761
1873
1979
1981
2089
2253
2271
2251
2285
2353
2349
2512
2483
2559
2587
2679
2722
2719
2759
2768
2791
2839
2787
2867
2843
2907
2929
2957
2959
2991
3019
2991
2995
3007
3039
3035
3123
3043
10000
3007
2769
2559
2373
2267
2098
1973
1904
1706
1635
1613
1488
1395
1328
1232
1234
1116
1046
973
890
896
803
849
788
821
721
736
664
624
616
546
613
544
492
532
464
386
400
370
357
400
338
332
330
330
256
242
274
192
256
10000
256
368
544
742
880
987
1114
1213
1365
1472
1609
1695
1758
1907
1983
2034
2077
2205
2261
2325
2351
2435
2429
2451
2535
2543
2608
2625
2631
2719
2775
2741
2831
2779
2799
2821
2893
2863
2903
2919
2927
2907
2983
2999
3011
3027
3055
2995
3014
3007
10000
2975
2705
2559
2414
2238
2141
1985
1835
1784
1737
1603
1506
1467
1360
1232
1124
1131
1114
1001
912
924
820
865
784
830
705
668
684
624
592
629
560
528
524
448
422
392
398
332
432
341
358
329
301
358
304
290
272
288
268
10000
192
388
560
722
842
1048
1152
1248
1392
1534
1653
1734
1815
1899
1975
2017
2148
2223
2299
2300
2327
2471
2437
2467
2443
2591
2631
2672
2666
2713
2695
2749
2767
2867
2835
2799
2833
2843
2931
2951
2927
2987
3015
3022
2991
3039
3093
3067
3061
3089
10000
2983
2771
2523
2384
2251
2127
1999
1910
1758
1682
1558
1488
1362
1275
1229
1258
1104
1085
977
962
906
864
860
805
775
698
691
678
626
602
608
548
496
536
516
464
488
400
426
320
352
324
362
352
320
268
387
208
274
288
10000
200
416
528
680
833
922
1104
1187
1264
1473
1632
1637
1747
1899
1894
2057
2102
2130
2187
2256
2358
2411
2417
2493
2519
2511
2631
2719
2694
2693
2701
2791
2801
2853
2823
2815
2855
2925
2935
2887
2855
2899
2991
2995
2979
3054
3051
3033
3101
3101
10000
2939
2774
2495
2359
2241
2165
2043
1922
1744
1731
1570
1472
1357
1307
1345
1194
1157
1078
1041
976
992
832
848
806
762
742
668
616
676
560
597
576
528
488
476
453
467
516
404
356
288
332
337
288
304
292
256
218
261
196
10000
242
448
544
730
810
976
1000
1305
1411
1445
1636
1710
1780
1872
1936
1966
2096
2229
2235
2285
2325
2277
2503
2505
2583
2559
2593
2703
2613
2749
2715
2791
2815
2839
2879
2835
2855
2855
2891
2903
2983
2931
3019
2991
2960
2981
3070
3071
3039
3047
10000
2995
2697
2542
2445
2183
2118
2057
1893
1705
1607
1579
1441
1360
1322
1308
1145
1075
995
1014
940
918
888
784
752
788
772
768
624
646
608
608
580
454
496
506
486
416
400
428
410
416
349
336
336
275
256
288
272
237
288
10000
201
400
554
736
832
986
1109
1175
1322
1456
1602
1712
1798
1841
1911
1990
2160
2171
2256
2295
2391
2443
2479
2541
2547
2622
2598
2615
2687
2711
2729
2765
2755
2769
2831
2819
2810
2911
2915
2990
2943
2927
2934
2942
2951
3071
3067
3058
3099
3027
10000
2958
2758
2513
2363
2284
2160
1981
1879
1735
1730
1594
1492
1461
1328
1224
1164
1099
978
995
931
923
870
846
816
729
650
632
682
641
642
537
584
530
496
385
493
448
476
384
340
360
344
325
298
352
298
229
256
256
276
10000
225
424
593
769
820
1063
1200
1312
1401
1535
1578
1754
1810
1878
1927
2006
2111
2128
2213
2256
2327
2422
2439
2463
2465
2619
2619
2663
2675
2683
2704
2671
2750
2799
2898
2911
2879
2821
2935
2895
2928
2977
2951
3023
3047
3037
3027
3056
2983
3015
10000
2929
2751
2547
2416
2224
2198
2002
1854
1828
1737
1597
1486
1437
1296
1218
1153
1093
976
953
928
922
872
832
768
785
768
720
694
660
624
548
570
486
470
460
490
516
432
421
400
337
393
336
299
298
368
240
240
236
234
10000
272
412
565
708
868
928
1184
1282
1372
1510
1574
1727
1791
1808
2015
2007
2107
2127
2239
2351
2289
2435
2399
2491
2559
2559
2669
2659
2655
2723
2736
2767
2832
2783
2811
2878
2801
2935
2895
2911
2903
2958
3015
2973
2975
3056
3107
3011
3051
3115
10000
2959
2730
2519
2346
2224
2147
1968
1946
1822
1703
1630
1506
1394
1293
1291
1187
1136
1070
1042
908
900
820
848
816
726
816
736
675
646
589
592
560
488
468
404
486
434
377
416
340
336
304
364
336
324
236
306
272
256
192
10000
256
464
585
704
833
987
1178
1208
1346
1342
1622
1664
1739
1827
1903
2074
1997
2149
2256
2291
2375
2314
2471
2462
2544
2551
2603
2606
2704
2707
2671
2751
2833
2798
2883
2839
2895
2939
2895
2903
3007
2964
2991
3027
3067
2991
3059
3062
3057
3031
10000
2961
2831
2546
2320
2259
2079
1994
1859
1729
1671
1591
1456
1388
1355
1306
1176
1036
1068
961
908
898
856
872
816
788
748
720
682
616
597
588
540
580
597
464
432
436
409
364
448
395
336
336
400
388
240
309
314
280
248
10000
132
411
520
746
868
976
1113
1226
1360
1490
1554
1676
1747
1891
1965
2007
2129
2160
2141
2355
2367
2419
2487
2535
2544
2608
2643
2623
2659
2715
2765
2750
2863
2783
2843
2875
2859
2887
2882
2935
2897
3010
3039
2979
2911
2963
3053
3019
3023
2979
10000
2929
2703
2481
2346
2289
2131
1957
1954
1766
1584
1585
1495
1479
1326
1253
1251
1116
1012
925
976
945
832
844
842
782
736
704
598
609
584
572
524
576
520
466
434
416
400
384
377
328
320
354
264
320
232
296
288
234
240
10000
216
400
524
745
816
1022
1168
1235
1440
1535
1647
1747
1859
1923
2026
2091
2134
2191
2288
2369
2334
2387
2480
2493
2623
2599
2602
2629
2654
2709
2711
2687
2810
2815
2735
2899
2854
2925
2951
2935
2901
2967
3007
3039
2989
3007
3007
3101
3007
3059
10000
2983
2743
2544
2403
2254
2169
1999
1872
1714
1639
1503
1424
1378
1281
1210
1220
1165
1008
1035
936
889
874
841
803
752
755
645
640
652
622
500
556
560
544
448
480
464
480
400
328
304
368
336
279
304
293
298
288
224
240
10000
224
378
544
720
864
949
1123
1253
1376
1535
1616
1744
1774
1866
2001
2082
2089
2183
2224
2266
2391
2437
2423
2530
2486
2555
2646
2655
2682
2707
2783
2831
2827
2815
2791
2867
2903
2911
2807
2911
2867
2967
2896
3019
3057
3007
3127
3023
2981
3139
10000
2951
2758
2559
2352
2186
2032
1923
1879
1744
1651
1527
1438
1352
1300
1181
1069
1098
1040
976
944
821
850
800
695
746
688
662
642
675
556
576
528
548
484
528
469
408
404
336
412
352
308
329
320
320
212
292
209
261
232
10000
272
358
583
816
912
1061
1152
1376
1486
1522
1667
1781
1859
1942
1994
2140
2195
2241
2288
2333
2401
2446
2439
2523
2539
2543
2615
2719
2679
2747
2751
2737
2787
2802
2774
2837
2871
2903
2973
2979
2961
2957
3011
2991
3039
3095
3023
3127
3055
3039
10000
2929
2741
2557
2363
2254
2091
1937
1835
1815
1580
1575
1486
1363
1301
1226
1073
1034
1041
992
947
996
850
756
684
736
715
636
640
688
524
576
622
544
472
464
464
426
432
384
400
304
322
352
364
310
320
304
211
294
228
10000
214
362
568
696
891
1014
1148
1275
1421
1520
1593
1734
1806
1934
2059
2019
2149
2219
2257
2300
2354
2410
2527
2519
2603
2605
2603
2719
2629
2747
2739
2813
2803
2801
2901
2897
2895
2943
2956
2930
2883
2966
2967
2967
3027
3031
3015
3029
3101
3071
10000
2951
2704
2543
2333
2192
2082
1968
1894
1778
1619
1514
1463
1426
1339
1253
1128
1148
1040
960
932
880
784
793
713
818
709
656
682
596
520
496
516
468
432
506
476
450
386
352
330
352
384
344
272
304
304
272
272
182
256
10000
281
458
625
755
944
1048
1194
1275
1421
1578
1680
1767
1906
1911
2035
2150
2171
2244
2259
2378
2355
2427
2503
2449
2559
2691
2651
2647
2717
2769
2723
2767
2831
2875
2787
2859
2871
2853
2923
2915
2943
2993
3035
2981
3071
3039
3119
3071
3207
3207
10000
2943
2755
2471
2384
2224
2033
1925
1856
1723
1616
1553
1406
1317
1253
1216
1108
1057
1004
984
854
852
864
768
724
720
656
630
632
608
602
528
528
516
544
432
448
432
368
480
394
309
432
340
344
300
306
230
304
232
276
10000
240
412
593
850
909
1040
1201
1406
1429
1523
1726
1794
1857
2001
2010
2167
2261
2158
2320
2373
2415
2514
2534
2642
2599
2671
2687
2711
2800
2863
2863
2791
2800
2801
2855
2895
2897
2935
2960
2918
2971
2919
2993
3019
3061
3089
3063
2943
3023
3095
10000
2867
2626
2491
2257
2118
1983
1938
1761
1589
1602
1447
1384
1348
1216
1133
1152
1069
992
934
873
880
858
790
784
676
576
688
561
592
536
544
425
480
476
402
376
384
332
352
324
340
328
321
284
272
210
293
276
204
272
10000
200
553
746
889
1010
1264
1376
1569
1584
1722
1815
1919
2079
2125
2082
2229
2227
2342
2387
2395
2451
2511
2559
2559
2639
2597
2742
2733
2783
2711
2803
2799
2855
2975
2897
2894
2955
2987
2981
2979
2981
3057
3045
3063
3055
2989
2981
3121
3181
3163
10000
2719
2559
2383
2170
2095
1965
1776
1693
1554
1472
1322
1319
1190
1121
1168
1008
900
918
848
784
802
820
752
689
652
700
585
640
560
521
520
459
448
452
496
416
500
416
336
370
322
276
340
296
256
256
256
262
226
152
10000
152
576
832
1037
1171
1376
1478
1475
1705
1771
1900
2032
2103
2167
2315
2391
2395
2399
2531
2471
2559
2639
2711
2673
2767
2765
2847
2864
2901
2865
2947
2928
2891
3027
3035
3023
2971
3007
3071
2983
3046
3071
3091
3159
3131
3303
3149
3199
3187
3179
10000
2603
2228
1959
1807
1648
1460
1371
1254
1078
1045
912
928
822
658
989
716
673
668
593
578
508
484
448
420
270
469
338
378
354
312
313
264
282
272
224
236
204
64
240
152
208
96
165
96
66
32
84
16
86
2
10000
32
1072
2023
2591
2863
2991
3155
3291
3213
3109
3467
3359
3443
3563
3447
3343
3479
3413
3567
3441
3475
3463
3391
3423
3431
3375
3409
3461
3919
3471
3427
3435
3568
3431
3503
3439
3559
3623
3575
3555
3606
3583
3697
3583
3659
3767
3583
3439
3487
3807
10000
2422
1593
950
722
546
393
336
225
128
240
176
134
136
128
36
2
48
72
0
53
0
208
16
0
0
0
16
0
0
0
0
0
0
0
35
0
0
0
0
0
50
48
0
0
0
0
32
4
0
0
10000
0
720
1498
2469
2719
3025
3071
3119
3263
3199
3315
3367
3373
3395
3335
3435
3303
3411
3375
3311
3507
3631
3439
3343
3365
3267
3463
3503
3376
3454
3511
3455
3719
3621
3503
3627
3639
3627
3709
3637
3683
3621
3697
3727
3679
3719
3679
3634
3631
3687
10000
2273
1532
1050
662
426
342
320
202
216
146
0
96
48
74
76
72
0
0
0
0
0
0
0
98
88
0
0
25
0
20
0
32
57
18
0
108
76
0
80
0
0
0
0
422
100
48
40
0
0
81
10000
0
920
1711
2384
2719
2915
3059
3186
3167
3343
3295
3358
3255
3407
2871
3339
3419
3375
3279
3475
3303
3499
3463
3503
3571
3607
3583
3703
3635
3735
3695
3475
3611
3631
3835
3783
3735
3711
3583
3771
3583
3643
3663
3621
3501
3647
3583
3643
3519
3615
10000
2391
1845
780
666
538
370
320
164
140
64
112
82
144
48
100
145
48
112
112
89
64
104
40
54
100
0
277
268
146
0
112
0
80
0
8
0
0
0
4
0
0
0
0
48
0
0
0
0
0
0
10000
0
707
1638
2280
2743
2878
2971
3063
2987
3239
3287
3293
3479
3323
3327
3478
3431
3563
3615
3539
3575
3631
3683
3538
3183
3807
3703
3767
3727
3723
3573
3691
3583
3639
3647
3695
3647
3503
3647
3479
3505
3623
3631
3725
3503
3423
3647
3567
3663
3381
10000
2416
1529
1075
770
564
432
472
304
232
256
220
76
56
1
540
210
218
152
92
64
80
16
22
66
33
26
72
51
0
0
20
10
0
0
0
16
16
0
4
0
0
8
0
0
18
0
0
0
0
0
10000
0
730
1577
2258
2679
2943
2993
3119
3281
3379
3379
3527
3503
3415
3509
3536
3935
3455
3551
3637
3479
3623
3583
3535
3511
3663
3543
3575
3511
3567
3455
3483
3483
3455
3563
4019
3315
3455
3411
3445
3419
3406
3533
3511
3755
3671
3709
3675
3623
3731
10000
2527
1659
998
597
618
528
384
352
177
224
164
64
166
112
154
96
64
8
16
84
84
16
32
0
16
0
0
26
0
0
88
112
0
16
0
0
0
0
0
0
0
0
0
0
0
0
0
0
0
0
10000
4
816
1746
2335
2767
2923
3135
3199
3248
3583
3383
3377
3311
3367
3379
3439
3505
3583
3441
3537
3475
3487
3621
3507
3391
3499
3519
3583
3103
3441
3451
3455
3479
3455
3495
3637
3671
3607
3535
3607
3703
3655
3823
3741
3583
3518
3583
3303
3814
3547
10000
2461
1616
1078
773
538
400
314
288
277
194
80
52
24
160
0
16
9
1
52
91
0
219
24
0
0
0
0
0
0
0
1
0
0
0
0
0
0
0
0
0
0
0
0
0
0
0
36
0
0
0
10000
48
1019
2047
2655
2829
3015
3178
3295
3339
3323
3206
3338
3398
3315
3463
3391
3375
3479
3375
3398
3487
3445
2907
3511
3483
3375
3431
3487
3511
3519
3535
3661
3559
3603
3839
3839
3551
3839
3583
3671
3611
3455
3775
3607
3767
3931
3645
3679
3647
3751
10000
2518
1567
1042
698
560
418
288
176
197
184
322
296
26
80
0
36
32
24
26
0
0
16
0
74
23
48
0
32
0
32
0
74
65
0
90
80
0
0
0
0
0
0
0
66
48
26
80
10
8
0
10000
0
842
1739
2259
2693
2859
3025
3127
3147
3253
3341
3173
3391
3408
3246
3283
3307
3319
3358
3287
3413
3415
3383
3571
3487
3583
3519
3527
3567
3729
3491
3727
3567
3119
3779
3803
3683
3575
3575
3687
3499
3579
3687
3619
3633
3537
3659
3583
3543
3533
10000
2455
1871
920
673
493
368
342
256
196
192
100
48
145
72
269
32
109
64
196
128
90
40
76
80
50
0
0
332
96
154
80
37
32
20
0
16
0
0
16
0
0
28
0
0
68
0
0
0
0
0
10000
0
704
1679
2289
2672
2647
2879
2923
3175
3285
3191
3135
3315
3455
3409
3471
3430
3503
3519
3527
3639
3571
3559
3511
4021
3631
3502
3697
3567
3637
3519
3539
3507
3807
3511
3583
3559
3467
3533
3491
3487
3495
3567
4095
3359
3534
3493
3535
3539
3563
10000
2327
1667
1152
892
662
416
432
329
401
200
277
256
88
244
310
256
160
108
120
100
64
0
4
0
64
64
16
24
4
0
0
0
28
36
16
0
0
0
0
0
0
0
0
0
56
48
0
0
0
0
10000
0
723
1610
2266
2608
2855
3157
3251
3219
3271
3351
3431
3567
3639
3319
3323
3519
3607
3667
3619
3567
3559
3563
3711
3583
3455
3551
3506
3567
3503
3415
3475
3505
3615
3645
3343
3427
3487
3535
3539
3583
3551
3535
3623
3511
3647
3671
3579
3679
3869
10000
2407
1658
1105
868
665
560
457
333
293
224
176
224
112
216
53
64
88
96
16
132
0
10
0
0
0
0
20
0
32
144
88
48
0
0
0
0
0
0
0
0
0
0
0
0
0
0
0
0
0
16
10000
0
778
1663
2423
2687
2935
3175
3199
3983
3439
3407
3475
3351
3511
3407
3573
3493
3219
3539
3503
3471
3583
3547
3511
3503
3462
3647
3703
3473
3455
3607
3487
3547
3559
3495
3619
3727
3659
3697
3727
3725
3678
3739
3863
3685
3647
3335
3903
3806
3879
10000
2589
1627
1069
896
624
482
389
336
292
284
172
132
128
58
118
80
130
0
240
42
48
0
0
40
8
40
32
0
0
48
0
0
0
0
48
48
96
64
0
80
16
114
16
0
82
16
0
0
0
369
10000
16
1082
1988
2439
2837
3007
3099
3215
3249
3437
3411
3455
3351
3439
3427
3377
3519
3627
3543
3327
3565
3573
3391
3619
3567
3679
3651
3719
3697
3819
3791
3791
3999
3799
3791
3711
3771
3826
3923
3807
3677
3807
3915
3839
3633
3735
3863
3789
3831
3727
10000
2459
1665
1135
758
688
624
282
264
201
201
224
204
136
176
176
140
134
176
112
118
128
133
169
184
192
145
120
96
0
436
276
184
244
112
204
106
96
118
180
162
196
112
128
138
192
89
144
112
140
144
10000
140
1141
2112
2655
2887
3043
3373
3435
3567
3711
3707
3931
3895
3835
3863
4095
4063
4015
4095
3987
4095
4095
4095
4095
4095
4095
4063
4095
4095
3983
4095
4095
4095
4095
4095
4005
4071
4087
4039
4095
3743
3935
4047
4095
4095
4095
4095
4095
4095
4095
10000
2715
1977
1452
1200
966
852
784
730
912
718
544
560
524
490
449
361
300
368
396
400
360
378
257
288
227
260
233
230
304
336
344
48
176
272
208
195
330
208
176
256
176
218
299
288
274
256
275
240
264
240
10000
228
1425
2164
2767
3109
3231
3487
3487
3695
3765
3799
3823
3758
3767
3751
3723
3725
3783
3755
3959
3943
3887
3771
3783
3827
3871
4023
3870
3799
3959
3923
3959
4015
4095
3903
4095
4095
4095
4095
4095
4015
4095
4007
3959
4095
3907
4019
4095
4011
3927
10000
2607
1788
1189
860
747
610
610
472
416
332
216
304
288
296
192
208
192
176
216
176
176
98
240
169
192
168
144
200
108
208
164
192
176
9
328
144
208
218
166
128
96
140
114
96
80
24
64
112
0
0
10000
34
1132
1968
2515
2722
2995
3439
3123
3173
3319
3415
3371
3399
3519
3571
3509
3615
3719
3639
3799
3799
3835
3827
3755
3763
3499
3695
3893
3839
3879
3695
3719
3857
3583
3795
3559
3751
3718
3751
3787
3567
3647
3655
3697
3751
3582
3575
3571
3615
3701
10000
2403
1675
1180
902
684
544
532
500
484
384
234
269
224
192
108
272
248
280
193
72
152
96
112
78
64
32
120
44
4
145
28
0
57
0
0
0
48
0
16
48
26
42
26
0
0
0
16
0
0
0
10000
0
758
1645
2262
2695
2895
3024
3123
3203
3319
3335
3551
3327
3415
3413
4051
3639
3535
3637
3517
3499
3471
3583
3519
3574
3655
3535
3567
3583
3527
3447
3633
3483
3639
3807
3375
3399
3487
3487
3575
3615
3459
3579
3633
3719
3615
3619
3731
3711
3887
10000
2418
1666
982
994
688
608
440
368
300
256
172
224
168
80
56
84
112
21
0
0
0
32
0
0
0
0
0
0
0
0
64
0
0
1
0
0
0
0
0
0
0
0
0
0
0
0
0
0
0
0
10000
22
972
1808
2325
2751
2887
3045
3099
3243
3635
3519
3339
3287
3431
3391
3345
3431
3367
3555
3509
3479
3303
3403
3447
3391
3455
3435
3473
3405
3263
3375
3366
3351
3443
3317
3431
3463
3471
3549
3474
3543
3579
3635
3679
3567
3487
3511
3123
3807
3635
10000
2330
1647
1060
748
555
352
322
219
294
148
64
80
48
0
112
106
48
16
32
216
0
0
0
0
0
0
0
0
0
0
0
0
0
0
0
0
0
0
0
0
0
0
0
0
0
0
0
0
0
0
10000
0
770
1584
2055
2637
2846
2959
3103
3098
3207
3311
3283
3135
3143
3347
3351
3239
3279
3263
3383
3299
3550
3691
3327
3423
3261
3377
3294
3339
3423
3359
3439
3511
3485
3703
3615
3583
3667
3505
3583
3567
3466
3519
3511
3695
3559
3671
3615
3499
3519
10000
2406
1584
1152
687
476
416
256
208
114
176
130
0
116
64
0
0
32
0
0
0
44
0
32
0
0
0
0
0
0
0
0
0
0
0
0
0
0
0
64
0
0
0
0
0
0
0
0
307
0
0
10000
0
800
1520
2294
2659
2769
2927
3071
3071
3135
3231
3279
3118
3199
3187
3255
3409
3152
3215
3282
3335
3183
3487
3406
3281
3463
3463
3415
3469
3703
3519
3473
3515
3709
3415
3583
4095
3487
3615
3583
3469
3527
3767
3345
3567
3519
3527
3551
3579
3471
10000
2357
1573
1040
627
679
256
220
76
18
69
82
48
32
0
0
0
0
0
16
24
0
0
32
116
0
0
0
0
0
0
0
0
0
0
0
0
0
272
44
0
0
0
0
16
56
0
0
0
0
0
10000
0
704
1580
2157
2609
2790
2869
2991
3015
3151
3237
3583
3199
3223
3175
3255
3375
3255
3275
3387
3359
3499
3603
3423
3503
3519
3461
3583
3583
3583
3391
3411
3701
3887
3619
3527
3487
3509
3679
3519
3539
3583
3547
3455
3507
3408
3511
3527
3473
3633
10000
2331
1680
960
656
448
364
244
265
208
224
68
192
96
192
64
64
68
0
112
42
17
24
0
0
272
276
150
118
0
0
36
0
0
0
0
0
52
0
0
0
0
0
0
0
0
0
0
0
0
0
10000
0
768
1561
2219
2360
2813
2705
2846
3071
3255
3183
3407
3403
3495
3407
3435
3455
3563
3508
3723
3775
3575
3423
3902
3505
3559
3683
3655
3647
3647
3615
3603
3515
3695
3603
3679
3539
3507
3499
3523
3567
3793
3903
3419
3443
3463
3563
3455
3487
3651
10000
2395
1683
1145
754
564
476
448
404
268
256
192
224
277
204
160
36
176
16
72
56
48
104
100
104
22
113
0
64
0
0
0
0
0
0
0
25
0
0
0
0
34
200
64
0
0
0
0
0
0
0
10000
0
760
1663
2259
2711
2927
3111
3187
3271
3311
3503
3470
3543
3435
4047
3443
3635
3487
3639
3655
3711
3575
3575
3546
3527
3583
3583
3495
3519
3479
3471
3575
3659
3871
3475
3551
3423
3567
3671
3475
3583
3701
3671
3703
3581
3831
3691
3727
3719
3679
10000
2483
1456
1077
848
592
442
384
364
320
282
272
232
48
128
48
45
0
16
0
18
48
130
0
48
0
16
16
174
96
16
3
0
0
0
0
0
2
0
0
40
0
0
0
0
0
0
0
45
0
0
10000
0
829
1727
2416
2759
2958
2855
3227
3435
3455
3327
3379
3387
3423
3543
3467
3447
3543
3431
3411
3463
3327
3519
3455
3455
3659
3543
3447
3507
3569
3583
3547
3483
3643
3551
3703
3719
3761
3631
3735
3679
3697
3573
3743
3575
3891
3735
3839
3691
3743
10000
2482
1699
1061
787
625
436
276
328
224
148
112
116
132
72
74
280
78
57
12
0
0
48
0
0
0
0
0
0
0
8
0
0
0
0
44
0
48
20
120
0
0
0
32
0
0
0
0
0
0
0
10000
180
1339
2167
2609
2893
3007
3183
3311
3475
3295
3447
3431
3383
3231
3371
3339
3441
3485
3551
3439
3283
3471
3441
3467
3583
3451
3519
3535
3655
3671
3551
3743
3603
3507
3679
3567
3583
3275
3886
3707
3623
3607
3643
3635
3675
3627
3557
3603
3711
3859
10000
2301
1490
915
682
484
416
0
344
104
216
185
120
64
48
48
40
72
50
37
128
0
22
80
106
50
93
36
90
32
48
88
48
84
0
228
40
64
32
0
16
52
0
0
0
0
0
0
0
0
0
10000
102
1337
2110
2530
2831
2987
3047
3175
3339
2987
3287
3251
3415
3303
3375
3383
3407
3441
3533
3410
3655
3469
3667
3687
3695
3579
3775
3691
4095
3711
3635
3659
3651
3583
3795
3695
3823
3727
3567
3455
3663
3623
3527
3669
3526
3733
3711
3989
3399
3511
10000
2379
1535
1050
674
656
464
404
388
196
212
208
178
176
80
58
144
64
52
0
560
192
128
164
130
73
0
0
64
0
0
0
48
32
0
0
20
0
0
0
0
0
0
0
0
0
0
0
0
0
0
10000
0
915
1743
2263
2639
2879
3039
3121
3159
3343
3283
3423
3447
3403
3563
3423
3739
3623
3575
3451
3855
3687
3579
3575
3667
3667
3499
3479
3543
3583
3567
3719
3665
3567
3559
3607
3579
3711
3663
3215
3527
3527
3439
3441
3473
3571
3527
3619
3635
3583
10000
2413
1664
1156
826
730
452
384
264
612
264
176
204
192
160
256
112
192
144
0
98
0
0
57
72
16
0
0
18
0
0
0
0
0
0
0
0
8
96
48
0
2
0
0
0
0
0
0
0
0
0
10000
0
821
1725
2405
2814
2983
3227
3375
3391
3383
3351
3359
3071
3727
3519
3511
3453
3607
3435
3487
3479
3515
3495
3505
3607
3615
3583
3631
3631
3487
3519
3919
3575
3535
3563
3559
3567
3759
3543
3511
3543
3583
3541
3679
3695
3825
3815
3697
3807
3711
10000
2415
1648
1157
864
612
394
370
272
192
208
232
128
164
112
112
16
52
24
52
20
48
2
10
154
164
16
0
0
10
0
16
0
0
0
0
0
0
22
0
0
26
36
34
0
0
0
0
0
32
64
10000
0
850
1744
2275
2651
2955
3155
3231
3319
3279
3312
3283
3391
3423
3443
3455
3527
3487
3429
3391
3407
3451
3633
3506
3579
3487
3383
3407
3439
3487
3687
3551
3533
3567
3471
3543
3703
3455
3639
3583
3631
3615
4095
3743
3703
3691
3763
3671
3743
3635
10000
2423
1594
1016
796
600
441
322
204
181
164
160
316
226
130
20
0
0
16
24
96
0
0
0
32
0
41
0
16
24
0
0
0
0
0
12
0
4
0
0
0
0
0
24
0
0
298
144
74
32
0
10000
48
1056
2001
2463
2883
2951
2975
3115
3191
3305
3216
3287
3303
3325
3463
3391
3395
3439
3413
3391
3472
3475
3759
3639
3455
3719
3631
3755
3679
3671
3727
3827
3697
3563
4095
3707
3695
3727
3975
3711
3635
3575
3663
3887
3583
3438
3647
3485
3583
3623
10000
2462
1665
667
784
544
448
376
264
232
229
160
108
168
112
136
74
89
130
156
48
136
64
38
144
0
42
0
508
208
0
88
76
68
0
0
96
0
0
20
0
0
24
0
0
0
0
0
0
0
0
10000
0
694
1618
2180
2651
2927
3007
2934
3071
3219
3287
3314
3343
3471
3383
3775
3583
3499
3789
3694
3647
3667
3567
3479
3583
3647
3739
3847
3765
3797
3799
3551
3699
3615
3647
3511
3647
3643
3615
3551
3663
3567
3547
3535
3175
3375
3411
3629
3607
3639
10000
2416
1616
1136
810
696
560
450
336
261
202
236
256
84
117
438
176
166
96
91
108
56
50
58
32
76
0
0
72
0
0
52
0
0
0
0
0
0
0
0
0
0
32
0
0
0
0
0
105
0
0
10000
0
662
1467
2127
2551
2895
3031
3155
3109
3317
3371
3582
3571
3471
3375
3431
3199
3519
3679
3537
3629
3571
3471
3583
3447
3503
3579
3535
3551
3583
3349
3423
3451
3431
3575
3543
3487
3551
3517
3383
3493
3515
3533
3559
3675
3615
3563
3775
3695
3723
10000
2442
1607
1108
705
747
562
469
296
288
256
116
112
114
80
89
49
2
64
52
0
0
8
0
16
44
0
0
0
0
0
0
0
48
48
89
0
0
0
0
0
0
0
0
0
0
0
0
0
0
0
10000
0
544
1749
2193
2723
2767
2999
3189
3211
3179
3571
3479
3411
3439
3539
3455
3538
3631
3438
3455
3473
3471
3391
3346
3531
3515
3515
3407
3483
3831
3251
3343
3463
3463
3437
3345
3461
3442
3477
3635
3583
3423
3699
3711
3550
3583
3759
3663
3317
3791
10000
2431
1616
1085
821
560
452
298
244
212
140
256
16
0
0
64
64
0
0
0
36
32
128
144
0
16
0
0
0
0
0
0
0
0
0
0
0
0
0
2
0
0
0
0
0
16
0
0
0
0
0
10000
0
730
1652
2318
2407
2959
3119
3071
3167
3279
3301
3319
3559
3443
3335
3319
3295
3407
3347
3451
3519
3471
3479
3867
3376
3335
3579
3479
3583
3558
3503
3675
3787
3519
3487
3823
3583
3663
3703
3667
3691
3667
3439
3727
3894
3867
3583
3703
3550
3679
10000
2391
1586
1152
850
624
478
324
256
240
214
93
109
448
164
70
0
64
24
48
36
16
0
48
0
0
0
0
12
0
0
72
0
16
42
48
0
64
69
68
18
0
0
0
0
0
53
0
10
0
6
10000
0
768
1643
2347
2555
2843
2911
3151
3157
3327
3159
3355
3199
3303
3455
3729
3386
3349
3431
3515
3475
3359
3759
3547
3535
3647
3679
3583
3583
3711
3803
3727
3687
3773
3583
3659
3827
3763
3615
3695
3527
3903
3679
3551
3547
3579
3654
3635
3583
3663
10000
2379
1666
1061
784
530
432
308
274
264
84
48
76
1
98
114
0
44
184
98
80
6
128
32
10
74
4
0
18
0
52
0
388
100
64
10
0
0
0
0
24
0
0
0
0
0
0
0
0
0
0
10000
16
949
1725
2095
2670
2861
2949
3215
3071
3245
3343
3261
3327
3339
3440
3419
3579
3435
3579
3686
3695
3543
3551
3699
3607
3679
3583
4095
3623
3643
3711
3655
3831
3637
3663
3659
3735
3502
3411
3635
3605
3615
3631
3539
3583
3551
3793
3351
3583
3547
10000
2469
1600
1106
832
720
444
432
440
277
400
298
220
112
160
96
0
20
16
130
192
82
166
52
0
64
88
38
0
26
24
0
0
0
0
0
0
45
0
0
0
0
0
0
0
0
0
0
0
0
0
10000
0
768
1584
2346
2623
2791
2927
2983
3191
3207
3335
3399
3447
3583
3487
3615
3743
3607
3579
3743
3537
3647
3519
3491
3575
3647
3583
3671
3583
3555
3531
3473
3675
3631
3477
3445
3487
3615
4051
3571
3411
3391
3557
3531
3519
3531
3467
3575
3634
3583
10000
2466
1620
1170
818
681
520
388
656
325
276
148
176
176
152
128
24
32
48
64
8
0
68
0
0
16
0
0
32
0
0
0
16
8
16
0
65
216
136
0
0
0
0
0
0
0
0
0
0
0
0
10000
0
742
1610
2358
2559
2831
3011
3119
3259
3275
3253
3088
3473
3503
3439
3583
3451
3515
3479
3583
3555
3535
3487
3455
3557
3463
3583
3583
3537
3403
3765
3431
3313
3511
3499
3471
3645
3551
3583
3695
3515
3775
3623
3567
3631
3731
3793
3559
3699
3569
10000
2535
1649
1123
804
602
416
458
372
278
128
133
80
108
32
0
0
17
2
16
32
0
0
33
0
344
128
0
12
0
0
80
0
0
0
0
0
0
0
0
0
0
0
0
0
0
0
0
0
16
0
10000
64
1014
2064
2531
2543
3041
3191
3215
3311
3375
3487
3413
3509
3407
3326
3373
3534
3531
3527
3431
3391
3439
3423
3487
3423
3313
3423
3405
3583
3675
3583
3375
3631
3423
3653
3607
3707
3734
3723
3762
3807
3665
3661
3999
3839
3703
3631
3711
3473
3575
10000
2453
1617
1090
709
576
376
300
272
194
132
100
137
256
236
64
112
16
0
48
0
0
0
32
66
0
0
5
0
40
0
16
0
0
0
112
0
48
0
20
0
16
0
0
0
0
168
141
57
0
0
10000
28
1098
1917
2521
2767
3111
3063
3223
3231
3159
3343
3271
3291
3455
3327
3291
3327
3271
3455
3419
3455
3409
3505
3479
3451
3573
3501
3511
3518
3527
3543
3775
3679
3619
3261
3791
3751
3669
3661
3463
3679
3527
3827
3559
3627
3679
3571
3495
3487
3535
10000
2475
1552
1272
642
500
372
344
220
196
140
156
112
114
128
116
80
49
144
128
152
48
64
38
112
0
40
0
0
108
99
128
0
0
108
32
0
0
16
0
0
0
0
0
0
0
0
0
0
0
0
10000
0
584
1616
2213
2586
2863
2714
2951
3007
3127
3275
3391
3349
3287
3391
3377
3503
3487
3491
3439
3583
3551
3687
3571
3535
3943
3659
3615
3655
3679
3539
3687
3551
3583
3487
3743
3583
3511
3485
3519
3606
3455
3517
3535
3967
3407
3527
3519
3711
3533
10000
2421
1706
1164
816
684
569
496
400
292
320
224
192
80
48
0
585
145
98
96
21
20
0
40
52
24
64
24
0
0
36
0
0
64
32
0
0
0
0
0
0
0
0
0
0
0
0
0
0
0
26
10000
0
696
1532
2255
2525
2807
2951
3171
3295
3259
3387
3339
3383
3491
3462
3487
3495
3363
3495
3702
3583
3639
3539
3571
3495
3551
3583
3543
3575
3519
3475
3493
3503
3451
3663
3575
3623
3567
3443
3503
3537
3419
3615
3543
3631
3655
3623
3615
3535
3701
10000
2467
1716
1271
878
688
683
536
400
324
233
164
214
142
118
112
172
8
0
4
0
0
64
0
0
0
0
0
0
0
16
0
0
0
0
2
144
48
0
0
0
0
0
0
0
0
0
0
0
0
0
10000
0
664
1520
2275
2624
2851
3063
3155
3163
3191
3325
3943
3503
3407
3427
3399
3379
3555
3535
3495
3439
3523
3519
3463
3551
3447
3501
3431
3583
3667
3647
3299
3519
3359
3535
3455
3551
3375
3679
3347
3583
3583
3583
3723
3751
3645
3687
3575
3583
3311
10000
2515
1663
1143
848
612
386
489
294
256
208
176
68
104
144
0
0
0
32
0
0
0
0
0
0
196
8
0
0
0
0
0
0
0
0
0
0
0
0
0
0
0
0
0
0
0
0
0
0
0
21
10000
4
730
1643
2244
2611
2673
2951
3263
3191
3246
3315
3307
3451
3407
3399
3483
3375
3398
3443
3519
3517
3379
3427
3568
3619
3583
3344
3391
3615
3471
3559
3486
3483
3647
3603
3567
3533
3771
3583
3613
3795
3647
3727
3633
3823
3751
3735
3727
3570
3527
10000
2525
1648
1098
744
592
370
268
208
96
128
116
90
19
98
242
148
45
0
5
0
25
0
0
0
0
0
8
64
0
0
0
0
0
0
24
16
0
44
0
0
0
0
0
0
0
0
0
0
0
0
10000
0
822
1743
2331
2630
3023
3087
3221
3139
3207
3251
3311
3442
3313
3291
3295
3367
3445
3569
3415
3409
3195
3283
3379
3375
3395
3375
3483
3527
3419
3647
3583
3653
3621
3541
3619
3635
3519
3623
3699
3583
3551
3583
3543
3647
3535
3639
3639
3583
3499
10000
2503
1584
1090
736
548
388
596
288
80
46
0
18
57
64
0
32
32
0
48
0
53
104
0
50
53
18
0
4
48
68
48
8
16
48
0
0
0
8
18
44
0
0
0
0
48
0
0
0
0
0
10000
32
640
1139
1598
2000
2175
2335
2499
2599
2606
2769
2787
2775
2802
2815
2863
2899
2989
2993
3047
3035
3063
3071
3139
2975
3152
3089
3119
3215
3117
3099
3311
3231
3223
3216
3247
3247
3247
3119
3247
3221
3171
3195
3157
3167
3229
3127
3279
3135
3344
10000
2727
2175
1756
1561
1276
1146
1004
897
872
747
720
632
610
547
506
448
457
396
345
256
212
260
325
256
268
260
181
277
256
154
156
144
92
128
112
92
74
16
96
16
20
0
0
32
48
80
96
40
0
0
10000
16
432
976
1264
1584
1802
1983
