2693
2698
2737
2734
2687
2800
2771
2782
2795
2815
2939
2861
2927
2921
2971
2928
2927
2918
2967
2971
3006
10000
2831
2673
2491
2278
2070
2043
1802
1712
1616
1559
1409
1329
1184
1149
1136
989
917
907
857
878
752
756
752
616
624
552
581
536
522
461
429
432
402
386
321
308
320
326
300
256
225
262
176
178
182
160
144
96
234
160
10000
112
272
368
672
754
922
996
1138
1243
1445
1535
1627
1759
1846
1849
2031
2114
2085
2214
2231
2320
2415
2427
2515
2447
2544
2559
2704
2726
2687
2667
2782
2846
2783
2827
2805
2883
2885
2831
2877
2959
2866
3003
2811
2960
3015
2995
2967
3071
3143
10000
2895
2651
2470
2243
2224
2031
1939
1742
1671
1580
1442
1390
1320
1217
1160
1093
1026
994
860
979
824
714
729
678
626
516
601
564
576
500
384
465
444
421
372
352
336
419
346
289
292
240
256
236
258
240
234
264
160
132
10000
153
352
528
651
777
945
1048
1200
1404
1460
1616
1687
1789
1877
1969
2071
2133
2150
2146
2350
2349
2454
2503
2475
2467
2608
2687
2674
2677
2755
2771
2699
2847
2847
2865
2855
2897
2987
2939
2962
2915
2995
2983
3071
3015
3049
2955
3099
3071
3071
10000
2951
2774
2499
2383
2278
2035
1939
1826
1705
1584
1505
1449
1319
1286
1232
1136
1072
928
899
864
841
778
761
756
685
624
624
602
588
616
516
465
436
425
386
368
376
352
310
328
320
312
270
294
256
320
238
272
224
210
10000
192
378
498
656
832
981
1096
1313
1414
1488
1642
1729
1757
1856
1963
1968
2202
2258
2289
2383
2371
2505
2455
2544
2605
2650
2613
2682
2703
2803
2758
2839
2823
2887
2901
2893
2815
2971
2961
2985
2891
2943
2995
3003
3031
3027
3023
3043
2991
3059
10000
2928
2751
2605
2363
2277
2128
1938
1820
1710
1535
1469
1442
1321
1193
1159
1072
1138
1014
920
867
813
816
717
640
664
614
604
544
569
450
524
464
500
416
384
372
368
376
288
304
320
274
266
208
208
202
196
216
276
272
10000
198
368
528
685
780
1027
1144
1212
1392
1477
1599
1691
1858
1947
1922
2127
2157
2176
2267
2317
2442
2535
2517
2589
2611
2591
2677
2674
2719
2725
2751
2795
2803
2835
2823
2894
2875
2927
2963
2959
2983
3015
2975
2993
2989
3007
2997
2995
3003
3027
10000
2896
2830
2559
2334
2202
2111
1917
1762
1663
1611
1535
1392
1303
1289
1098
1114
1014
974
896
906
788
713
773
640
688
640
656
598
577
560
504
480
477
384
432
422
330
416
354
344
228
292
304
258
258
232
192
224
224
282
10000
200
400
588
733
845
974
1040
1220
1434
1476
1565
1733
1765
1872
1957
2061
2147
2209
2256
2367
2390
2515
2559
2583
2597
2683
2637
2590
2759
2755
2771
2791
2886
2883
2895
2863
2853
2957
2929
2939
3024
3057
2991
3046
3023
3007
3107
2983
3119
3045
10000
2891
2763
2509
2413
2215
2111
1911
1843
1678
1552
1450
1471
1344
1264
1188
1136
992
1040
956
896
776
772
720
696
740
722
652
616
609
520
464
480
432
432
465
346
352
362
284
288
300
256
258
256
304
264
227
138
196
210
10000
236
310
477
652
834
973
1084
1216
1392
1504
1584
1661
1857
1921
1999
2105
2135
2211
2262
2343
2451
2395
2503
2551
2622
2527
2663
2667
2739
2703
2715
2823
2815
2838
2933
2837
2903
2903
2967
2967
3014
3007
2961
3011
3055
3047
3055
3045
3091
3051
10000
2897
2703
2558
2371
2239
2096
2000
1917
1751
1575
1554
1385
1360
1199
1216
1146
1047
998
886
919
802
780
848
680
644
624
617
610
560
507
468
534
508
434
496
360
332
425
328
312
320
257
256
304
242
208
288
240
194
160
10000
196
352
577
664
881
994
1083
1185
1328
1525
1616
1759
1779
1917
1950
1973
2194
2288
2371
2371
2384
2551
2447
2539
2559
2535
2615
2653
2751
2686
2787
2821
2875
2855
2845
2899
2903
2928
2943
2897
2869
2927
2983
2995
3071
3089
3063
3067
3051
3037
10000
3003
2768
2499
2383
2141
2127
1981
1840
1767
1669
1513
1446
1366
1263
1174
1091
1103
934
993
880
814
810
752
692
644
626
576
608
522
496
484
518
457
458
402
364
336
374
336
316
290
296
278
241
218
161
224
256
210
242
10000
176
304
533
668
776
952
1072
1280
1425
1390
1634
1659
1872
1887
1969
2065
2151
2214
2288
2319
2411
2439
2455
2523
2599
2685
2619
2678
2683
2705
2797
2831
2815
2883
2909
2864
2951
2883
2914
2990
3003
3023
3015
3035
3005
3059
3057
3091
3071
3071
10000
2975
2711
2512
2387
2221
1959
1942
1837
1723
1591
1488
1423
1250
1218
1152
1037
1088
962
924
944
784
752
716
793
672
624
645
576
528
528
490
520
444
420
450
412
353
320
326
304
312
257
312
256
244
208
161
230
192
256
10000
192
304
509
712
893
944
1092
1202
1370
1518
1594
1785
1776
1895
1993
2073
2199
2249
2282
2369
2403
2491
2467
2559
2559
2715
2679
2783
2722
2853
2865
2805
2867
2803
2787
2869
2903
2966
2939
3012
3007
2971
2967
3027
3089
3007
3035
3090
3099
3119
10000
2981
2754
2597
2413
2193
2032
1921
1760
1690
1634
1535
1535
1378
1253
1232
1136
1073
976
956
896
846
821
768
677
652
645
634
632
585
540
560
488
496
336
394
364
448
320
392
328
288
300
240
256
208
272
208
230
212
230
10000
140
365
489
680
789
977
1138
1226
1376
1510
1598
1753
1797
1862
2037
2129
2151
2273
2293
2315
2349
2512
2487
2525
2587
2559
2711
2751
2743
2759
2815
2800
2793
2867
2866
3003
2915
2949
2959
3031
3071
2963
3026
2951
3095
3071
3057
3011
3149
3071
10000
2999
2704
2559
2403
2299
2178
1907
1860
1690
1575
1510
1402
1396
1287
1280
1117
1078
989
995
886
912
812
822
784
744
640
624
552
544
538
480
464
472
448
428
400
416
368
322
306
326
344
298
322
272
224
228
234
208
268
10000
165
436
538
644
836
964
1072
1236
1389
1477
1584
1773
1799
1936
2079
2131
2141
2227
2309
2421
2383
2448
2515
2619
2641
2599
2691
2725
2758
2761
2783
2851
2903
2864
2959
2915
2910
2927
2943
2957
2987
3039
2999
3101
2960
3007
3119
3088
3055
3087
10000
2959
2735
2607
2303
2235
2161
1931
1854
1728
1554
1442
1440
1370
1350
1227
1128
1136
1040
1052
898
726
448
345
246
298
296
216
256
224
192
274
218
224
209
184
164
176
128
234
82
188
138
85
120
120
112
160
96
121
100
10000
66
1056
1754
1977
2225
2363
2364
2459
2522
2559
2711
2687
2738
2751
2771
2735
2657
2830
2768
2823
2815
2865
2901
2871
2979
2875
2974
2863
2999
2981
2959
3071
3055
2967
3047
2991
3088
2927
3007
2995
3071
3217
3155
3135
3175
3055
3093
3151
3127
3127
10000
1454
1591
1216
1106
1028
883
848
780
760
688
588
658
560
624
497
505
442
440
510
416
452
488
432
400
384
305
322
320
337
300
257
328
312
304
372
288
272
266
304
244
208
216
160
176
192
228
209
208
168
196
10000
86
1120
1783
2098
2314
2391
2463
2503
2591
2623
2677
2695
2686
2791
2711
2768
2799
2896
2879
2891
2910
2885
2923
2743
2934
3010
2939
2989
2959
2987
3071
3059
3071
3019
3046
3071
3071
3119
3087
3099
3023
3133
2903
3115
3151
3139
3167
3199
3143
3135
10000
1472
1659
1324
1155
961
944
771
752
686
704
650
608
636
640
588
458
630
412
480
500
412
488
368
448
368
425
321
432
300
368
304
354
340
240
241
304
272
370
308
258
176
245
261
213
224
185
176
232
236
170
10000
80
1200
1730
2123
2343
2375
2495
2591
2587
2639
2683
2671
2711
2775
2783
2855
2782
2815
2831
2871
2865
2861
2959
2929
2911
3062
2961
3003
3019
3007
3047
3063
3115
3055
3056
3055
3043
3071
3103
3152
3215
3119
3135
3135
3183
3231
3239
3051
3185
3091
10000
1480
1578
1238
1107
993
936
884
829
726
725
685
624
576
592
536
493
474
480
464
388
488
528
458
401
352
424
409
336
384
321
272
368
347
396
220
338
292
240
298
274
282
192
273
226
245
185
199
266
160
245
10000
52
1171
1824
2134
2303
2407
2451
2517
2589
2555
2634
2749
2659
2687
2795
2803
2831
2831
2832
2837
2891
2866
2899
2879
2943
2943
3002
3023
3011
2942
3019
3094
3071
3071
3023
3111
3071
3023
3071
3071
3071
3119
3071
3159
3093
3171
3216
3121
3131
3291
10000
1475
1562
1306
1141
981
962
864
816
755
716
682
632
720
682
600
628
634
544
498
424
448
437
388
417
368
400
448
436
356
352
336
314
306
288
292
282
290
312
266
308
224
242
212
298
224
276
192
172
178
214
10000
97
1153
1837
2133
2285
2303
2458
10003
2743
2703
2351
2193
2094
1967
1793
1679
1629
1533
1475
1386
1305
1308
1136
1056
1008
1008
904
869
825
753
720
749
640
656
592
557
534
546
520
336
498
448
464
464
362
392
356
352
297
297
368
320
216
292
180
297
180
10000
204
448
576
775
834
1088
1153
1270
1456
1610
1667
1687
1903
1923
2071
2017
2175
2319
2269
2415
2431
2435
2553
2559
2589
2687
2767
2687
2770
2775
2704
2863
2875
2879
2811
2867
2947
2897
2891
2964
3007
2897
2965
3087
2992
3095
3071
3127
3037
3131
10000
2875
2771
2559
2351
2231
2119
1936
1833
1744
1535
1523
1510
1344
1266
1280
1197
1036
1001
912
928
872
833
806
770
705
660
660
624
617
560
536
576
497
544
425
416
440
348
409
358
384
372
354
270
328
273
216
240
196
232
10000
176
294
488
712
822
976
1110
1270
1469
1439
1694
1713
1826
2010
2061
2119
2273
2208
2295
2379
2431
2446
2459
2559
2559
2618
2687
2677
2719
2735
2835
2797
2918
2832
2791
2887
2865
2961
2957
3031
3030
2943
3029
2999
3027
2967
3047
3051
3127
3063
10000
2983
2719
2513
2401
2263
2129
1958
1872
1689
1665
1506
1456
1375
1333
1193
1088
1092
1040
969
877
864
848
740
800
713
656
554
576
592
524
576
492
442
408
440
481
416
384
372
336
372
320
312
329
336
273
242
242
232
192
10000
200
437
600
726
898
956
1197
1232
1350
1520
1563
1775
1835
1941
2064
2079
2151
2274
2281
2279
2347
2415
2505
2559
2559
2659
2663
2603
2710
2743
2831
2815
2882
2827
2847
2910
2891
2919
2931
2895
2943
2975
3007
2919
3055
3030
2941
3059
3034
3055
10000
2967
2757
2589
2350
2239
2087
1987
1837
1673
1570
1533
1384
1392
1263
1110
1232
1040
980
938
905
925
864
698
792
696
752
722
610
613
521
578
484
520
469
358
388
330
438
368
273
352
293
288
280
242
232
272
352
160
256
10000
257
424
560
730
794
1010
1178
1297
1427
1580
1731
1775
1713
1979
2131
2128
2143
2192
2288
2352
2426
2429
2523
2513
2583
2605
2682
2699
2722
2805
2806
2735
2789
2847
2865
2907
2855
2918
2999
2939
2909
3071
2961
3051
2975
3067
3071
3051
3069
3151
10000
2991
2815
2498
2303
2183
2103
1931
1831
1686
1594
1488
1198
1287
1292
1163
1104
1056
998
922
953
802
750
791
738
736
670
608
614
496
590
496
578
482
408
470
400
505
384
424
370
314
308
272
256
298
304
236
234
202
224
10000
212
400
568
723
884
1001
1105
1296
1391
1535
1634
1751
1828
1956
2015
2131
2151
2269
2306
2323
2421
2413
2507
2593
2529
2647
2650
2687
2687
2751
2829
2786
2799
2879
2869
2967
2895
2966
2871
2983
2919
2963
2951
2939
2987
2999
3011
2999
3103
3127
10000
2827
2755
2559
2343
2153
2115
1957
1808
1725
1664
1589
1421
1317
1365
1216
1127
994
1008
944
897
889
800
761
780
720
640
672
612
672
548
557
411
496
468
422
426
358
354
288
368
360
293
272
344
256
246
240
218
210
244
10000
220
395
586
718
883
1004
1092
1277
1369
1571
1701
1792
1878
1969
2033
2059
2256
2235
2279
2326
2351
2431
2467
2559
2559
2533
2623
2775
2661
2706
2715
2799
2879
2839
2894
2901
2849
2895
2907
2903
2981
2897
2997
3035
2973
3059
3063
3101
3043
3055
10000
2963
2782
2598
2363
2254
2066
1938
1760
1726
1631
1535
1426
1345
1250
1136
1138
1088
941
1008
896
848
842
704
646
693
672
608
659
576
609
550
490
538
536
490
332
344
384
396
337
304
344
348
282
298
285
328
236
272
258
10000
202
481
496
696
836
1104
1104
1280
1436
1609
1645
1648
1866
1950
1997
2071
2145
2239
2239
2379
2415
2449
2527
2679
2559
2715
2666
2743
2705
2703
2736
2769
2791
2815
2832
2847
2883
2901
2959
2959
2975
2943
2992
3011
3027
3051
3039
3067
2991
3071
10000
2929
2736
2503
2379
2247
2061
1929
1782
1749
1602
1520
1535
1350
1258
1248
1082
1091
965
954
885
923
784
782
699
720
640
720
624
560
586
560
484
522
460
441
396
418
292
320
336
332
312
324
300
283
234
267
256
289
230
10000
323
392
500
676
838
1061
1177
1262
1370
1535
1663
1732
1866
1968
2032
2138
2205
2294
2339
2320
2429
2491
2459
2559
2608
2615
2655
2701
2661
2718
2754
2835
2823
2867
2831
2859
2887
2883
2939
2963
2971
2947
2964
3025
3071
3063
3043
3103
2931
3089
10000
2935
2699
2595
2375
2243
2070
1943
1885
1770
1731
1483
1424
1360
1323
1162
1125
1006
1018
978
905
786
824
816
784
689
656
588
588
624
536
554
508
508
496
528
372
408
424
400
282
309
336
376
321
308
272
224
256
208
146
10000
168
346
528
708
852
1001
1128
1232
1455
1552
1637
1715
1807
1962
2031
2074
2155
2269
2309
2277
2443
2494
2479
2512
2627
2685
2603
2719
2831
2723
2773
2805
2835
2929
2903
2855
2973
2885
2927
3003
2915
2993
2939
2971
3007
3027
3015
3039
2975
3107
10000
2929
2687
2529
2335
2190
2059
2000
1869
1859
1657
1566
1394
1314
1252
1238
1174
1074
1014
908
843
796
838
802
736
680
682
597
568
544
587
494
496
480
464
432
456
429
338
339
336
368
312
288
304
272
240
326
288
272
272
10000
240
356
564
705
859
1011
1168
1205
1385
1527
1637
1774
1835
1983
2002
2032
2171
2303
2286
2351
2404
2397
2549
2599
2591
2703
2701
2663
2643
2767
2771
2829
2837
2797
2864
2902
2963
2929
3015
2911
2915
2959
3051
2995
3003
3039
3031
3063
3067
3063
10000
2919
2762
2512
2369
2212
2064
1979
1838
1761
1648
1535
1478
1335
1296
1193
1184
1056
979
1008
833
845
768
816
768
648
668
640
634
614
528
508
448
454
473
400
416
432
400
368
440
372
293
244
224
266
229
210
220
256
136
10000
208
456
524
686
848
910
1088
1258
1376
1558
1579
1696
1921
1927
1983
2112
2159
2235
2311
2398
2365
2391
2507
2559
2643
2627
2667
2655
2731
2766
2735
2766
2827
2826
2839
2851
2951
2911
2971
2983
2942
2939
3095
2999
3030
2991
3013
2929
3007
3057
10000
2891
2782
2539
2320
2251
2047
1931
1827
1750
1524
1534
1439
1347
1292
1177
1123
1033
1001
936
816
832
740
828
688
690
668
636
624
528
522
554
526
450
418
391
368
368
409
436
292
257
352
280
269
80
210
240
290
276
192
10000
256
390
592
746
912
954
1104
1291
1430
1502
1647
1726
1834
1922
2032
2047
2128
2208
2223
2391
2453
2449
2525
2518
2545
2671
2643
2691
2733
2742
2835
2751
2903
2799
2864
2893
2915
2942
2975
2935
2959
3014
3023
3031
2975
3150
3071
3120
3019
3111
10000
3051
2693
2513
2320
2243
2017
1987
1930
1750
1535
1461
1388
1294
1258
1120
1092
1104
1008
864
960
832
800
723
700
664
688
652
665
656
578
518
549
548
500
441
400
400
352
310
408
320
283
304
256
197
294
296
314
266
208
10000
244
390
592
781
865
954
1134
1273
1369
1457
1660
1787
1791
1904
2047
2077
2125
2241
2327
2334
2365
2455
2511
2546
2591
2657
2587
2679
2768
2667
2783
2795
2815
2823
2879
2961
2902
2907
2863
3023
3071
3023
2959
2965
2995
3023
3117
2989
3103
3039
10000
2971
2717
2498
2325
2239
2058
2073
1830
1739
1606
1481
1409
1377
1337
1148
1154
1075
955
986
861
915
848
790
756
692
668
678
604
560
586
480
544
528
525
384
408
356
416
430
290
386
336
282
264
160
195
240
192
192
192
10000
213
320
592
714
890
977
1104
1292
1392
1520
1617
1735
1776
1917
1930
2039
2171
2320
2295
2319
2416
2495
2455
2522
2559
2543
2615
2715
2742
2683
2711
2767
2815
2794
2847
2879
2859
2807
2927
2975
2947
2959
3005
2962
2929
3031
3007
3103
3095
3103
10000
2927
2662
2527
2395
2196
2119
1965
1863
1689
1616
1586
1504
1369
1233
1110
1106
1058
966
920
949
837
857
752
784
715
676
596
566
602
515
489
464
490
426
469
396
424
384
377
392
312
368
313
280
304
200
276
256
256
192
10000
274
482
544
692
896
976
1162
1309
1389
1513
1597
1653
1871
1965
2042
2070
2159
2211
2320
2395
2341
2405
2539
2531
2535
2667
2641
2734
2699
2747
2811
2763
2779
2947
2899
2867
2967
2995
2895
2919
2957
3026
2907
2962
2979
2991
3062
3103
3123
3101
10000
2955
2731
2559
2289
2189
2071
1923
1806
1755
1658
1488
1483
1264
1292
1117
1150
1029
971
976
916
842
845
792
710
686
658
715
596
576
586
568
524
448
448
384
422
384
336
404
336
352
322
284
358
300
272
256
264
256
280
10000
184
346
538
742
838
1044
1174
1312
1399
1576
1680
1694
1873
1849
1983
2149
2251
2257
2246
2334
2491
2367
2469
2534
2559
2657
2637
2715
2697
2703
2839
2832
2799
2837
2870
2833
2895
2859
2959
2935
3039
2967
3071
3011
3023
2979
3098
3071
3089
2991
10000
2823
2669
2481
2351
2224
2123
1963
1845
1770
1568
1583
1393
1329
1177
1232
1070
1122
1040
957
890
884
784
730
774
820
592
603
592
616
456
524
520
489
434
476
376
404
370
437
204
272
282
210
356
265
264
240
224
292
232
10000
128
420
592
675
832
1008
1168
1273
1392
1535
1641
1791
1868
1936
2069
2057
2134
2277
2318
2385
2391
2469
2462
2503
2530
2623
2679
2716
2719
2765
2823
2805
2741
2827
2899
2839
2967
2907
2923
2975
2943
3125
2961
3007
3055
3054
3071
3111
3045
3095
10000
2941
2791
2629
2327
2175
2041
1904
1839
1683
1585
1508
1488
1306
1280
1216
1222
1052
1028
976
912
741
742
756
736
736
666
650
596
616
595
556
498
518
396
420
416
336
434
336
362
320
288
276
256
260
240
306
217
213
234
10000
172
312
496
761
880
1000
1168
1294
1499
1535
1635
1797
1819
1938
2113
2096
2239
2176
2298
2352
2421
2390
2462
2635
2603
2647
2657
2703
2718
2709
2783
2779
2786
2775
2815
2883
2891
2887
2959
2931
2941
2963
3013
3007
2966
3023
3107
3021
3071
3030
10000
2992
2715
2535
2367
2241
2146
1991
1781
1718
1584
1557
1453
1392
1230
1200
1069
1104
1040
917
833
918
754
712
724
724
712
616
586
529
576
576
466
500
484
480
472
384
464
360
374
320
324
368
297
304
225
275
240
304
208
10000
152
400
528
656
912
990
1170
1288
1407
1499
1566
1693
1825
1914
2019
2029
2127
2214
2305
2341
2384
2471
2487
2509
2587
2559
2623
2699
2751
2737
2810
2767
2783
2791
2827
2855
2865
2981
2943
2959
2871
3055
3014
2981
2935
3115
3099
3007
2911
3015
10000
2915
2683
2603
2351
2259
2118
1883
1837
1729
1610
1535
1477
1343
1184
1227
1200
1149
960
936
928
856
848
833
818
674
720
676
624
634
640
496
518
488
456
410
372
369
420
368
304
267
308
242
228
324
258
168
272
224
216
10000
224
377
624
716
896
880
1162
1249
1427
1493
1731
1760
1830
1929
1936
2127
2175
2157
2249
2352
2447
2407
2517
2507
2511
2687
2619
2634
2630
2739
2823
2775
2768
2859
2871
2831
2879
2859
2989
2871
2941
2967
2943
2974
2974
2991
3015
2991
3067
3053
10000
2896
2736
2587
2397
2187
2079
2019
1849
1775
1589
1478
1384
1434
1252
1116
1104
1042
972
922
888
832
880
704
753
752
632
656
614
596
560
544
496
564
450
432
418
336
338
340
406
306
336
280
280
228
299
282
248
240
292
10000
165
388
572
774
906
979
1168
1232
1406
1506
1530
1702
1840
1947
1949
2042
2135
2166
2247
2320
2371
2471
2535
2495
2597
2559
2625
2673
2702
2831
2742
2770
2815
2891
2791
2871
2879
2901
2927
2895
2927
2943
2979
3029
2991
2935
3006
3039
3059
3071
10000
2960
2763
2502
2343
2189
2135
2015
1906
1764
1578
1535
1408
1359
1317
1204
1112
1104
937
981
929
853
834
768
770
708
724
632
640
576
553
557
524
474
408
464
416
373
320
365
314
394
336
308
272
272
272
292
282
288
272
10000
179
384
592
757
913
996
1088
1353
1389
1558
1616
1723
1776
1911
1981
2099
2143
2171
2290
2375
2379
2485
2446
2545
2549
2559
2631
2655
2730
2731
2738
2865
2802
2775
2863
2886
2878
2903
2923
2987
2967
2967
3059
3015
3059
3007
3015
3135
3095
3063
10000
2943
2719
2471
2303
2191
2127
1918
1815
1711
1608
1534
1404
1400
1227
1168
1157
1093
1010
880
922
808
784
749
747
752
664
613
682
548
601
592
420
388
464
372
432
368
387
338
390
290
293
337
310
306
300
224
262
213
232
10000
212
352
608
718
848
952
1089
1275
1418
1488
1634
1757
1833
1941
2000
2039
2125
2250
2362
2381
2405
2483
2454
2559
2559
2587
2644
2659
2704
2704
2735
2707
2791
2815
2814
2887
2939
2927
2927
2927
2975
2911
2979
2927
3163
3021
2983
2983
2999
3023
10000
2833
2663
2501
2342
2231
2071
1966
1810
1712
1633
1476
1354
1322
1284
1186
1104
1041
972
995
934
885
848
768
758
817
661
576
655
586
496
488
553
390
436
401
393
450
401
344
384
348
305
336
264
240
262
260
304
299
256
10000
112
433
492
828
784
1057
1202
1280
1489
1493
1599
1788
1875
1934
1984
2107
2145
2247
2267
2339
2325
2435
2497
2559
2554
2611
2663
2705
2679
2768
2800
2807
2761
2803
2864
2915
2927
2887
2935
2971
2931
2981
3021
2981
3093
3043
2963
3157
3035
3121
10000
2951
2750
2551
2386
2262
2047
2011
1840
1682
1584
1529
1392
1352
1322
1205
1181
922
1042
929
912
768
796
768
817
732
749
632
688
669
610
544
580
502
465
486
389
392
400
432
340
348
312
345
332
304
208
193
289
276
144
10000
169
408
596
716
816
944
1152
1203
1359
1533
1642
1733
1843
1943
1971
2059
2143
2187
2321
2366
2337
2431
2542
2559
2559
2559
2665
2651
2709
2791
2791
2750
2775
2851
2891
2864
2839
2851
2897
2974
2915
2943
2991
2901
2995
3047
2987
2998
3071
3027
10000
2928
2749
2489
2431
2285
2112
1968
1795
1715
1616
1507
1423
1392
1203
1201
1088
1124
1004
982
912
884
816
784
752
698
664
744
608
544
598
522
492
493
410
436
433
388
393
332
314
288
333
304
272
242
240
200
276
264
290
10000
144
384
560
746
870
954
1136
1224
1450
1478
1609
1759
1776
1986
1968
2099
2167
2243
2288
2288
2399
2447
2483
2512
2527
2646
2687
2673
2770
2723
2768
2843
2823
2799
2847
2928
2867
2903
2865
2887
2986
2959
2993
3038
2998
3011
2978
3071
2999
3039
10000
2983
2815
2503
2419
2254
2128
1945
1856
1719
1561
1439
1430
1344
1328
1184
1118
1074
1082
948
912
819
845
749
768
729
640
698
570
576
633
528
570
496
452
448
394
410
400
400
326
312
342
384
256
300
272
256
224
200
258
10000
164
480
560
752
784
960
1126
1250
1435
1470
1603
1762
1813
1926
1990
2098
2167
2203
2282
2320
2439
2461
2507
2532
2543
2759
2663
2650
2731
2787
2710
2799
2835
2815
2832
2811
2923
2943
2885
2939
2903
2995
2951
3063
3019
2987
2955
3039
3007
3123
10000
2921
2654
2499
2383
2245
2125
1978
1808
1744
1590
1613
1392
1350
1306
1228
1144
1032
1112
978
896
820
860
848
736
752
659
652
571
580
624
528
468
466
436
452
400
396
428
393
338
406
308
330
308
256
288
268
224
209
241
10000
272
354
481
652
864
1013
1193
1293
1455
1573
1679
1783
1848
1999
1997
2064
2093
2215
2293
2326
2367
2414
2435
2544
2522
2555
2663
2739
2559
2733
2731
2871
2791
2795
2823
2855
2879
2895
2975
2840
2919
3019
2999
3058
2991
3019
3003
3057
3147
3071
10000
2959
2802
2455
2356
2210
2009
1963
1856
1730
1605
1477
1426
1306
1244
1171
1191
1004
1067
934
836
864
784
800
768
704
700
640
600
464
570
562
544
468
508
498
472
493
362
400
346
320
272
330
308
276
244
256
296
242
154
10000
280
356
600
739
869
1008
1118
1300
1415
1535
1626
1775
1782
1925
1967
2133
2223
2181
2275
2339
2417
2487
2481
2487
2543
2650
2681
2629
2783
2727
2807
2814
2779
2867
2755
2947
2867
2943
2959
2943
2887
2995
2950
3015
3021
3011
3007
3031
3031
3131
10000
2994
2673
2503
2377
2260
2080
1998
1809
1787
1603
1488
1456
1337
1266
1226
1108
1098
928
930
986
912
896
794
746
725
757
668
592
576
456
594
498
496
448
388
496
352
368
354
352
284
313
288
275
298
260
226
218
219
256
10000
176
364
544
761
854
998
1056
1296
1495
1605
1664
1725
1886
1917
2018
2086
2159
2156
2271
2365
2367
2359
2469
2535
2555
2602
2663
2659
2695
2735
2823
2739
2847
2835
2807
2851
2923
2882
3007
3027
2906
2933
2959
2943
3039
3071
3151
3088
2991
3015
10000
2943
2779
2512
2342
2290
2115
1987
1852
1737
1632
1466
1405
1314
1260
1160
1108
1112
964
896
914
848
820
832
740
710
634
692
560
610
592
560
572
461
492
384
464
448
348
400
386
368
320
309
240
196
298
244
208
284
200
10000
194
394
592
652
868
882
1107
1240
1332
1566
1595
1664
1810
1958
2022
2065
2182
2160
2267
2301
2403
2416
2480
2607
2639
2623
2673
2619
2775
2677
2855
2738
2832
2864
2801
2877
2896
2907
2943
2995
2975
3007
2963
3053
3015
3005
3063
2958
2983
3021
10000
2949
2733
2490
2303
2183
1990
1998
1851
1710
1655
1555
1381
1357
1315
1200
1092
948
1091
976
878
912
757
780
738
785
708
672
612
560
506
497
474
486
481
416
430
424
416
328
400
320
304
288
292
308
268
237
192
208
192
10000
172
384
516
718
880
936
1121
1328
1371
1557
1725
1680
1872
1926
2011
2093
2060
2141
2346
2374
2375
2427
2431
2448
2487
2595
2595
2655
2783
2687
2835
2823
2843
2823
2871
2833
2959
2911
2901
2943
3035
3007
2993
2941
3091
3023
2983
3055
3101
3087
10000
2883
2783
2559
2352
2299
2070
1939
1781
1865
1617
1561
1441
1393
1306
1184
1088
1098
965
1002
849
812
812
752
734
736
642
675
602
562
528
480
432
480
456
448
432
426
410
371
376
336
358
246
288
304
240
276
228
204
229
10000
176
336
538
707
924
1042
1104
1325
1461
1494
1578
1729
1791
1921
2000
2071
2155
2251
2319
2277
2395
2457
2498
2501
2586
2654
2768
2731
2739
2743
2731
2847
2831
2855
2943
2909
2835
2863
2911
2895
2991
2915
2941
2955
3007
2843
2935
2998
3111
3047
10000
2855
2687
2470
2372
2175
2163
1942
1838
1733
1673
1535
1446
1361
1312
1193
1110
1113
1004
992
924
802
848
836
770
680
624
618
694
582
533
480
546
400
440
332
460
354
402
432
304
372
258
288
256
292
224
304
256
240
232
10000
256
372
582
768
880
1033
1152
1327
1441
1575
1706
1698
1953
1934
2058
2096
2145
2221
2324
2385
2301
2448
2511
2512
2591
2655
2671
2677
2741
2773
2757
2733
2847
2871
2914
2934
2879
2845
2961
2959
2915
3047
2978
3119
2987
3063
3063
3058
2991
3055
10000
2966
2781
2559
2421
2182
2083
1805
1853
1740
1569
1535
1340
1346
1250
1178
1170
1020
976
1002
848
874
822
795
688
720
688
650
626
556
544
528
456
452
488
496
362
420
361
384
299
322
348
276
256
292
320
309
182
256
194
10000
258
304
604
684
842
974
1159
1273
1344
1535
1594
1712
1783
1869
2005
2031
2146
2151
2294
2379
2357
2391
2507
2490
2587
2607
2677
2631
2655
2719
2699
2860
2800
2847
2799
2967
2863
2835
2951
2851
2967
2963
2884
3007
2939
3091
2955
3023
3099
3071
10000
2935
2686
2505
2343
2255
2064
1985
1889
1700
1552
1535
1442
1381
1252
1257
1204
1059
1004
936
940
875
796
758
774
706
710
626
644
570
612
484
572
467
481
476
368
400
336
384
400
326
336
256
277
192
272
321
228
248
176
10000
156
410
528
796
873
931
1162
1318
1376
1554
1585
1728
1935
2000
2118
2095
2229
2261
2309
2352
2339
2411
2431
2534
2559
2542
2598
2642
2671
2704
2759
2815
2732
2829
2815
2855
2975
2879
2879
2927
2959
2943
3031
2991
3071
3011
2979
3063
3059
3003
10000
2955
2719
2515
2415
2177
2091
1953
1830
1712
1571
1485
1384
1301
1263
1187
1158
1069
1037
860
907
864
774
768
692
762
659
597
592
576
528
528
464
506
546
472
430
416
353
436
312
321
320
276
241
289
272
260
290
196
194
10000
184
356
496
784
898
992
1121
1250
1414
1493
1595
1683
1817
1935
1966
2078
2175
2222
2253
2363
2471
2431
2481
2599
2559
2641
2597
2703
2613
2695
2821
2757
2859
2819
2847
2867
2833
2895
2928
2947
2983
2971
2943
2975
2939
3007
2997
3021
3099
3035
10000
2895
2769
2479
2310
2193
2118
1996
1845
1680
1635
1586
1493
1256
1226
1264
1194
1072
936
937
930
923
853
730
760
694
672
690
525
570
562
491
548
496
494
400
433
394
412
364
342
331
336
256
304
324
282
268
324
208
197
10000
220
449
592
731
967
994
1056
1307
1441
1521
1702
1775
1853
1890
1983
2096
2149
2239
2288
2258
2334
2459
2547
2439
2559
2591
2661
2683
2710
2783
2746
2797
2865
2783
2807
2791
2907
2918
2898
2930
2855
2959
2997
3046
2999
3071
3089
3043
3115
2983
10000
2903
2763
2589
2352
2198
2107
1989
1921
1711
1600
1519
1518
1392
1248
1130
1075
1158
1008
992
891
881
816
786
750
713
656
553
610
576
608
517
464
481
416
401
480
396
419
390
332
284
344
300
256
260
260
240
240
240
289
10000
208
437
528
730
852
954
1078
1264
1394
1520
1664
1664
1821
2119
1951
2086
2111
2202
2314
2211
2363
2481
2515
2525
2535
2559
2672
2667
2695
2742
2741
2783
2821
2855
2903
2790
2893
2899
2879
3023
2935
2899
3011
2995
3047
3055
3007
3013
2999
3071
10000
2903
2749
2486
2431
2221
2068
1949
1955
1728
1649
1533
1453
1392
1289
1192
1138
1035
963
992
854
896
852
812
760
682
656
680
656
580
556
506
509
384
377
452
529
425
369
362
304
320
384
278
288
236
288
224
226
277
240
10000
170
358
584
739
859
981
1134
1259
1379
1552
1584
1703
1824
1941
2102
2098
2235
2279
2285
2339
2419
2447
2429
2637
2559
2539
2630
2717
2640
2667
2795
2770
2800
2851
2847
2867
2895
2879
2965
3055
2993
2965
2959
3057
2947
3023
3001
3071
3071
3089
10000
2987
2737
2551
2371
2195
2105
1927
1869
1584
1600
1535
1400
1318
1264
1244
1116
1136
992
896
930
848
794
722
718
621
704
665
656
682
565
497
484
504
450
464
433
448
438
404
356
268
329
305
320
180
256
280
260
264
280
10000
160
448
640
720
858
975
1094
1236
1442
1516
1632
1770
1889
1895
1967
2147
2131
2266
2256
2354
2383
2395
2495
2449
2511
2609
2609
2749
2879
2763
2719
2734
2830
2831
2815
2864
2877
2933
2899
3015
2959
2982
2979
3039
2919
3006
2927
3013
3047
3103
10000
2935
2693
2559
2423
2186
2137
1933
1802
1766
1572
1584
1444
1296
1223
1222
1200
1090
992
961
960
928
849
865
782
706
698
676
664
608
560
518
576
474
496
448
510
384
340
360
332
384
234
362
272
308
288
200
234
256
208
10000
162
364
565
690
870
1058
1138
1275
1437
1535
1617
1737
1853
1916
2127
2064
2234
2315
2299
2385
2415
2470
2491
2510
2559
2547
2659
2749
2695
2763
2767
2719
2799
2815
2911
2859
2895
2887
2906
2923
2959
2991
3023
3059
3055
3039
3011
3011
3070
3071
10000
2957
2725
2559
2352
2224
2041
1956
1837
1713
1623
1591
1397
1355
1116
1139
1188
1018
1056
1046
838
850
866
800
724
640
672
624
634
604
484
514
434
548
490
464
452
432
384
344
400
308
359
363
322
208
256
230
256
290
218
10000
130
401
552
752
880
930
1107
1229
1412
1495
1662
1758
1802
1915
2017
2127
2133
2198
2239
2326
2343
2415
2431
2481
2583
2631
2703
2635
2736
2806
2671
2723
2743
2835
2907
2875
2883
2893
2919
2999
2931
3023
3030
3019
3123
3015
3005
3071
3149
3039
10000
2891
2691
2487
2335
2171
2095
1904
1854
1761
1616
1535
1424
1376
1296
1193
1136
1122
1043
974
896
896
940
768
789
636
640
685
578
604
560
472
493
544
434
401
428
402
384
377
305
320
346
304
236
272
288
256
269
248
208
10000
218
328
510
905
846
1061
1220
1222
1459
1535
1555
1776
1819
1863
2001
2128
2211
2209
2277
2367
2331
2448
2442
2559
2547
2673
2607
2699
2643
2739
2807
2815
2843
2807
2885
2863
2883
2879
2957
2909
2975
2967
3005
3061
2917
2963
3071
3045
3123
2999
10000
2927
2783
2545
2385
2192
2168
1964
1825
1728
1578
1494
1454
1365
1284
1206
1136
1008
1029
930
885
832
864
850
694
709
652
707
593
576
532
536
467
482
422
484
410
408
368
384
368
304
320
320
307
308
281
257
300
312
136
10000
196
388
538
717
839
995
1175
1264
1312
1499
1578
1680
1768
1915
1988
2030
2186
2251
2247
2287
2433
2391
2479
2515
2623
2638
2623
2674
2736
2702
2754
2703
2799
2839
2909
2903
2959
2907
2931
2979
3011
3043
2981
3063
3025
2983
2995
3004
3053
3023
10000
2955
2763
2491
2353
2227
2063
1933
1831
1654
1645
1604
1420
1357
1257
1232
1139
1008
956
952
944
823
865
837
756
752
752
640
633
592
626
476
496
436
464
486
416
384
326
401
392
330
347
280
292
314
240
230
240
258
264
10000
184
368
590
682
896
956
1153
1280
1390
1559
1641
1762
1840
1935
1979
2065
2227
2246
2255
2273
2307
2383
2547
2527
2519
2630
2643
2695
2701
2691
2832
2835
2867
2759
2783
2927
2864
2929
2943
2982
2959
3003
2949
3007
3059
2991
3101
3019
3175
3058
10000
2917
2723
2647
2351
2255
2147
1984
1893
1629
1718
1504
1442
1360
1257
1242
1152
996
994
928
916
816
792
768
752
718
736
660
672
656
592
576
568
470
476
506
484
368
432
336
336
348
369
340
336
306
256
264
256
245
256
10000
204
341
576
784
928
1028
1192
1317
1421
1523
1615
1754
1844
1938
1984
2077
2147
2319
2293
2371
2407
2401
2453
2544
2547
2707
2643
2641
2735
2815
2835
2787
2829
2833
2807
2859
2867
2935
2997
2983
2979
2902
2949
3089
2961
2991
3043
3071
3071
3091
10000
2887
2751
2547
2270
2215
2085
1914
1797
1847
1593
1602
1438
1370
1276
1172
1069
1102
1012
986
924
904
827
780
816
758
688
666
658
592
557
589
580
474
520
464
368
400
411
386
336
362
352
304
218
280
208
204
282
288
208
10000
208
396
562
640
916
1010
1133
1293
1411
1573
1649
1742
1904
1935
2033
2035
2151
2226
2256
2294
2463
2427
2543
2487
2559
2591
2666
2671
2704
2687
2783
2795
2800
2855
2841
2931
2895
2919
2943
2799
2867
2957
3005
2991
3071
3071
3109
3027
3037
3047
10000
2979
2799
2543
2389
2259
2071
1853
1803
1731
1658
1557
1474
1402
1239
1168
1072
1056
1040
932
923
816
817
792
692
734
663
630
598
630
576
576
500
496
476
501
400
416
330
312
340
342
373
236
356
316
242
256
301
309
234
10000
148
425
592
752
848
976
1090
1216
1422
1534
1637
1694
1781
1939
1987
2127
2199
2257
2269
2307
2421
2403
2487
2511
2526
2635
2647
2687
2737
2693
2751
2775
2815
2847
2722
2895
2910
2951
2911
2959
3053
2963
2973
2995
3023
3063
2995
3051
3071
3122
10000
2939
2731
2495
2369
2215
2094
1982
1854
1733
1605
1634
1409
1328
1205
1184
1236
1098
965
982
938
846
898
786
720
784
685
669
657
665
589
470
480
508
426
425
456
448
368
398
352
297
320
320
240
312
139
216
224
224
204
10000
260
304
564
656
882
942
1153
1205
1462
1432
1615
1827
1776
1866
1998
2035
2178
2271
2255
2325
2339
2355
2525
2513
2583
2649
2640
2673
2687
2764
2771
2807
2834
2843
2837
2800
2871
2882
3015
3007
2919
2965
3007
2928
3007
3071
3071
3039
3155
3071
10000
2975
2663
2535
2283
2223
2039
2007
1794
1711
1603
1530
1473
1362
1232
1182
1165
1113
992
944
925
852
886
790
728
732
640
644
624
560
656
570
528
528
448
448
394
405
361
320
352
336
406
336
296
336
268
296
320
196
220
10000
240
436
588
745
929
1040
1155
1262
1450
1535
1616
1739
1883
1947
2000
2058
2159
2149
2275
2347
2386
2511
2511
2559
2559
2603
2639
2671
2730
2799
2757
2737
2845
2864
2821
2995
2878
2899
3029
2875
2955
2979
3127
2987
2943
2973
3071
2991
3071
3103
10000
2843
2719
2465
2289
2209
2086
1959
1839
1755
1587
1494
1456
1296
1300
1230
1168
1062
1005
905
897
858
777
784
802
716
624
629
569
577
590
610
532
500
448
368
368
368
329
352
353
280
320
304
288
256
210
260
272
224
208
10000
212
448
549
709
864
1040
1201
1345
1482
1584
1682
1808
1917
1983
2075
2013
2215
2256
2291
2431
2480
2455
2541
2549
2599
2607
2663
2739
2783
2742
2815
2815
2767
2823
2865
2941
2907
2943
2903
2943
3015
3031
3021
2999
3055
3023
3087
3021
3043
3133
10000
2975
2733
2455
2282
2172
2061
1920
1769
1554
1526
1445
1358
1213
1245
1115
1104
1001
964
852
806
864
840
770
749
690
681
609
576
557
517
491
518
494
387
481
432
408
396
409
376
304
296
313
216
304
256
208
298
165
200
10000
144
394
668
792
912
1056
1323
1459
1513
1719
1792
1819
1963
2035
2089
2171
2199
2239
2301
2447
2421
2533
2559
2625
2599
2643
2767
2723
2731
2737
2839
2907
2943
2845
2927
2894
2832
2955
3019
2911
2927
2979
2935
2979
2981
2983
3087
3057
2955
3115
10000
2803
2627
2415
2176
2047
1875
1807
1675
1594
1440
1346
1418
1194
1186
1057
1005
954
912
880
896
792
757
829
698
714
665
571
608
510
570
498
481
437
440
426
403
384
298
280
267
240
306
288
256
154
224
197
236
178
208
10000
128
566
698
864
1152
1296
1418
1563
1680
1707
1793
2061
2111
2143
2162
2246
2371
2354
2497
2451
2615
2629
2736
2639
2675
2672
2751
2673
2834
2815
2877
2893
2975
2847
2899
2951
3007
3027
2963
3039
3101
3039
3131
3095
3167
3111
3159
3171
3184
3135
10000
2751
2439
2174
2021
1808
1610
1532
1506
1326
1168
1038
992
929
960
836
752
858
720
718
652
534
576
544
584
449
432
420
404
385
309
296
356
304
282
313
336
304
224
224
241
300
186
208
268
192
184
186
138
212
192
10000
88
724
1186
1605
1845
2093
2203
2389
2450
2475
2679
2779
2738
2731
2751
2865
2907
2858
2975
2983
3051
3103
3088
3167
3183
3167
3243
3327
3215
3383
3387
3403
3519
3410
3535
3255
3473
3615
3455
3567
3531
3559
3647
3537
3543
3455
3463
3435
3571
3509
10000
2375
1586
944
721
400
400
234
288
224
228
264
156
160
64
90
130
44
128
80
8
49
0
0
0
228
48
80
0
0
16
0
0
0
0
0
0
0
0
0
0
0
0
0
0
0
0
0
0
0
0
10000
0
664
1614
2321
2687
2867
2959
3071
3151
3247
3071
3255
3327
3463
3313
3363
3499
3491
3543
3455
3483
3543
3495
3487
3887
3555
3663
3533
3583
3583
3471
3615
3453
3559
3511
3487
3495
3517
3551
3407
3423
3499
3471
3111
3451
3431
3327
3535
3411
3447
10000
2325
1584
929
640
466
394
288
224
273
180
112
87
96
0
208
168
80
36
96
16
0
4
8
40
0
64
0
0
0
0
0
0
0
0
0
0
0
0
0
0
0
0
0
0
0
0
0
0
230
90
10000
0
744
1648
2286
2642
2963
3119
3131
3285
3263
3353
3399
3279
3541
3227
3543
3407
3191
3583
3563
3505
3663
3647
3427
3535
3319
3503
3519
3615
3607
3455
3518
3443
3479
3367
3495
3511
3503
3291
3351
3439
3463
3575
3427
3571
3467
3567
3607
3526
3473
10000
2367
1582
1074
616
464
792
418
312
272
200
142
172
128
144
0
104
56
32
0
36
0
0
24
0
0
0
0
0
20
0
0
0
0
0
26
0
0
0
0
0
0
0
0
0
0
0
0
0
0
0
10000
0
800
1703
2315
2751
2897
3120
3263
3311
3280
3279
3759
3455
3515
3379
3575
3635
3429
3503
3510
3491
3563
3549
3583
3503
3419
3499
3551
3487
3583
3931
3319
3431
3526
3511
3423
3651
3583
3763
3519
3583
3639
3583
3639
3709
3615
3647
3663
3615
3295
10000
2494
1606
1062
747
584
405
292
176
96
144
180
153
84
16
128
0
16
96
0
0
0
26
0
160
112
38
0
0
0
0
8
0
0
0
0
0
0
64
0
0
68
52
0
0
0
0
0
48
0
0
10000
0
852
1746
2447
2539
3071
3223
3319
3391
3407
3343
3471
3341
3475
3411
3363
3547
3383
3551
3447
3447
3467
3477
3827
3339
3471
3415
3475
3467
3519
3477
3559
3503
3795
3639
3531
3759
3831
3782
3927
3731
3687
3619
3655
3571
3767
3711
3663
3823
3671
10000
2447
1559
1106
656
552
364
336
177
154
104
112
52
256
168
96
80
40
0
0
4
0
0
32
0
44
80
0
19
8
0
42
16
48
0
0
25
0
16
50
0
68
68
0
0
0
140
80
64
0
64
10000
0
944
1860
2390
2783
3011
3011
3295
3227
3359
3280
3407
3267
3345
3415
3727
3391
3419
3399
3399
3563
3519
3437
3551
3647
3632
3507
3677
3743
3647
3506
3743
3747
3455
3227
3871
3729
3799
3851
3731
3863
3667
3573
3695
3687
3631
3731
3695
3647
3443
10000
2339
1641
1262
641
384
266
164
181
224
8
150
64
169
113
120
96
112
116
128
128
50
56
80
68
112
8
36
0
368
171
89
20
56
34
0
0
0
64
0
0
0
0
0
0
0
0
0
34
0
0
10000
0
809
1744
2333
2795
3056
2663
3093
3103
3121
3207
3303
3358
3319
3519
3567
3366
3471
3623
3479
3483
3751
3679
3647
3493
3583
3583
3731
3675
3583
3669
3615
3567
3679
3607
3563
3515
3519
3583
3571
3387
3407
3483
3535
4031
3319
3455
3415
3575
3487
10000
2423
1581
1037
712
510
368
326
280
196
80
150
108
98
49
0
0
152
141
88
84
98
0
16
16
16
44
64
0
74
0
0
0
0
0
0
0
0
0
0
0
0
0
0
0
0
0
0
2
0
100
10000
0
674
1638
2345
2559
2864
3091
3189
3207
3327
3435
3391
3319
3391
3537
3527
3475
3511
3941
3579
3605
3583
3653
3551
3409
3486
3623
3571
3455
3631
3605
3502
3387
3449
3627
3505
3603
3911
3327
3377
3413
3469
3455
3483
3623
3727
3651
3647
3611
3767
10000
2430
1645
1143
732
515
314
441
288
259
211
176
92
128
84
116
96
152
37
36
20
52
10
8
96
0
0
0
0
0
0
0
0
0
24
0
52
26
0
0
0
0
0
0
0
0
0
0
0
0
0
10000
0
717
1770
2389
2719
2999
3239
3263
3191
3367
3223
4083
3511
3523
3583
3583
3483
3645
3441
3665
3575
3391
3455
3679
3467
3473
3359
3565
3487
3539
3839
3409
3411
3473
3535
3603
3479
3527
3575
3655
3665
3793
3727
3551
3879
3663
3739
3519
3631
3263
10000
2589
1616
1117
784
554
336
288
202
264
192
92
8
4
88
80
52
0
16
45
16
0
36
0
69
0
184
16
0
0
0
0
4
0
8
0
0
0
0
0
0
0
0
0
0
0
66
0
0
0
0
10000
21
1031
1899
2399
2631
2896
2907
2971
3039
3035
2923
3071
3054
2941
2959
2943
2843
2811
2768
2923
2903
2755
2853
2877
2750
2991
2943
2870
3039
2893
3027
3047
3031
2961
2911
3007
3071
3103
3110
3107
3049
3141
3055
3165
3167
3255
3215
3135
3139
3143
10000
2911
2539
2337
2039
1821
1654
1427
1297
1147
1098
1046
950
802
752
794
673
640
592
556
523
544
466
442
464
400
408
392
320
398
320
296
320
280
256
204
208
280
212
233
176
138
192
220
176
112
113
156
102
176
115
10000
81
443
565
792
993
1280
1423
1535
1762
1789
2005
2090
2192
2263
2387
2431
2418
2559
2587
2705
2651
2730
2718
2810
2813
2859
2957
2959
2850
3005
2929
2990
3061
2963
3015
3057
3029
2975
3031
3139
3071
3069
3090
3057
3251
3045
3222
3167
3102
3093
10000
2863
2609
2443
2135
1977
1951
1679
1535
1392
1360
1189
1194
1010
1072
940
816
930
848
724
728
672
576
644
536
528
528
544
538
448
432
400
389
416
378
304
240
280
276
320
256
272
184
212
168
256
200
214
176
192
176
10000
98
384
707
854
1034
1218
1467
1605
1721
1829
1955
2130
2147
2247
2255
2390
2447
2625
2559
2598
2623
2667
2640
2755
2765
2795
2833
2896
2871
2928
2927
2928
2891
3023
3058
3007
3057
3088
3167
2989
2997
3055
3055
3101
2998
3153
3163
3127
3255
3121
10000
2899
2695
2403
2198
2000
1814
1708
1535
1398
1322
1116
1136
1091
960
1027
828
846
736
752
686
640
666
634
646
570
560
509
492
426
448
436
384
384
368
356
368
384
340
288
298
304
224
197
182
128
132
213
192
180
192
10000
264
435
690
949
1008
1183
1456
1582
1696
1827
1903
1979
2111
2251
2207
2299
2377
2461
2439
2547
2621
2626
2591
2655
2719
2767
2827
2754
2714
2823
2787
2801
2851
2923
2865
2955
2939
2990
3067
2983
2907
2961
2973
2975
2963
2989
3055
3031
3055
3143
10000
2942
2613
2419
2183
2177
1942
1809
1742
1602
1421
1345
1304
1230
1159
1136
1058
917
897
886
841
757
724
724
680
656
595
560
576
448
464
592
452
524
480
416
360
306
348
378
308
300
282
272
224
256
242
265
176
176
208
10000
117
400
608
816
922
1056
1217
1420
1559
1602
1761
1910
1985
1970
2047
2224
2265
2303
2341
2431
2448
2614
2590
2629
2653
2650
2595
2687
2751
2727
2815
2875
2847
2935
2957
2871
2931
2931
3017
3027
3054
3053
2989
3143
3093
3117
3071
3063
3071
3103
10000
3007
2726
2495
2288
2222
2034
1867
1739
1698
1498
1404
1358
1281
1251
1214
1079
1037
956
881
896
834
808
770
722
614
589
617
564
640
586
560
536
596
464
468
314
448
408
340
384
385
376
316
330
320
208
282
256
224
218
10000
114
409
601
704
908
1008
1161
1253
1424
1598
1670
1838
1880
1984
2042
2187
2141
2231
2299
2451
2484
2453
2623
2555
2655
2655
2672
2733
2815
2743
2769
2759
2791
2839
2865
2955
2897
2863
3007
2943
2971
2991
3007
3095
3011
3071
3043
3054
3043
2995
10000
2987
2559
2501
2331
2162
2077
1920
1776
1648
1670
1590
1420
1236
1229
1293
1072
1096
974
1006
913
888
809
768
778
704
672
640
581
504
506
593
553
546
448
500
464
384
328
352
326
397
324
400
294
256
296
324
228
197
224
10000
176
416
530
809
976
1081
1138
1287
1535
1695
1776
1806
1971
2047
2011
2161
2228
2225
2313
2395
2427
2433
2559
2515
2609
2671
2655
2671
2737
2807
2763
2863
2853
2869
2911
2987
2891
2887
2943
2993
2975
2960
3027
3107
2959
3003
3039
3142
3120
3071
10000
2923
2731
2550
2362
2160
2074
1930
1824
1709
1680
1499
1412
1370
1217
1232
1110
992
1042
992
861
850
854
752
805
686
654
704
560
544
576
560
496
448
461
432
384
442
346
416
338
408
312
292
272
256
290
309
272
304
241
10000
220
402
592
722
917
1042
1218
1341
1472
1600
1618
1829
1863
2000
2087
2107
2173
2239
2319
2359
2507
2383
2494
2557
2559
2667
2671
2673
2719
2800
2820
2767
2847
2917
2853
2907
2879
2987
3035
2959
2987
2919
2967
3015
2979
3103
3023
2995
3091
3127
10000
2981
2731
2559
2335
2182
2064
1893
1815
1744
1615
1582
1424
1270
1280
1282
1232
1214
986
928
944
850
862
852
768
768
736
728
656
576
548
509
566
480
540
432
470
460
393
340
408
320
320
294
368
245
290
232
304
224
208
10000
232
420
564
796
902
1049
1146
1328
1431
1651
1727
1808
1903
1963
2017
2103
2245
2256
2349
2322
2445
2546
2545
2547
2589
2663
2595
2759
2783
2768
2759
2861
2832
2833
2903
2879
2939
2911
2971
2997
2947
3022
3099
3119
2822
3103
3038
3056
3039
3019
10000
2951
2793
2511
2384
2273
2139
2019
1795
1633
1529
1562
1456
1392
1325
1190
1189
1104
1028
969
853
864
806
743
752
680
697
592
626
640
528
554
520
520
448
416
429
420
392
336
325
360
338
340
338
332
224
273
240
243
162
10000
256
501
561
674
948
1076
1200
1280
1447
1535
1679
1775
1884
2002
2064
2055
2203
2297
2370
2352
2387
2451
2559
2550
2599
2583
2661
2733
2803
2803
2762
2839
2830
2847
2919
2896
2863
2879
2967
2963
2979
2993
3035
2975
2999
3014
3043
2971
3063
3175
10000
2927
2779
2559
2251
2279
2066
2007
1857
1756
1635
1565
1428
1323
1366
1241
1142
1089
1061
976
948
869
832
826
736
698
610
688
624
600
540
568
459
526
448
421
438
368
281
368
369
418
345
296
376
288
320
277
214
228
240
10000
256
509
576
760
869
1074
1124
1330
1488
1574
1703
1744
1872
1911
2023
2146
2131
2239
2303
2323
2463
2419
2522
2459
2613
2641
2611
2640
2687
2786
2799
2763
2805
2801
2934
2931
2847
2878
2971
2929
2967
2938
3023
3011
3059
3067
3023
3149
3057
3091
10000
2966
2795
2471
2371
2187
2123
1935
1829
1597
1606
1481
1472
1379
1239
1136
1175
1122
1008
954
880
978
818
770
855
723
669
704
656
528
496
528
594
537
464
502
544
384
400
348
336
264
346
288
258
272
280
256
208
208
228
10000
232
364
546
690
928
1014
1150
1287
1364
1568
1513
1793
1767
1902
1967
2096
2164
2210
2262
2399
2355
2434
2502
2479
2543
2642
2705
2659
2726
2711
2727
2847
2800
2839
2815
2823
2899
2930
2891
2931
2947
2918
3007
2959
2935
3088
2983
3011
3047
2997
10000
2991
2735
2499
2384
2258
2043
1951
1787
1719
1583
1566
1461
1332
1252
1229
1152
1104
942
944
825
880
788
780
794
726
683
592
576
528
546
492
624
492
520
416
368
352
336
368
368
352
272
358
304
396
265
301
212
280
262
10000
186
417
548
763
832
1053
1227
1307
1373
1615
1630
1791
1842
1883
2059
2083
2115
2206
2279
2371
2367
2426
2487
2471
2559
2635
2646
2739
2687
2767
2724
2751
2798
2820
2803
2819
2909
2915
2941
2927
2975
2943
3007
2987
2943
2999
2950
3006
3057
3054
10000
2987
2763
2551
2399
2160
2150
1968
1919
1689
1568
1563
1470
1380
1266
1159
1072
1002
928
1002
882
880
768
747
732
657
688
690
640
608
493
573
492
509
434
453
440
416
336
384
304
368
322
272
266
310
292
212
262
256
228
10000
176
378
532
751
933
976
1120
1292
1333
1535
1594
1769
1840
1883
2061
2094
2175
2230
2290
2310
2352
2463
2459
2543
2527
2673
2695
2677
2763
2800
2751
2863
2671
2863
2895
2886
2855
2955
2883
2981
2943
2896
3030
3031
3014
2951
3031
3062
3095
3043
10000
2959
2711
2533
2351
2227
2075
1930
1839
1714
1671
1486
1405
1328
1325
1184
1170
1040
1011
932
907
880
768
922
752
720
684
672
632
608
554
458
490
514
461
480
368
400
430
314
352
360
320
236
300
240
272
246
272
211
264
10000
147
432
592
725
857
1026
1164
1280
1423
1555
1658
1797
1907
2001
1937
2035
2128
2197
2310
2352
2399
2400
2543
2559
2559
2559
2551
2675
2757
2755
2831
2847
2779
2865
2783
2941
2843
2993
2935
2919
2943
2975
2959
3071
3013
3051
2967
3138
3057
3023
10000
2883
2704
2527
2382
2258
2032
1921
1831
1726
1667
1535
1360
1417
1254
1120
1081
1033
995
1056
904
896
869
784
688
686
770
731
644
578
562
602
541
528
496
460
376
352
336
348
384
274
274
290
289
304
256
236
144
241
176
10000
256
368
562
694
884
920
1040
1254
1408
1474
1616
1751
1841
1926
1979
2151
2101
2263
2317
2352
2381
2395
2501
2511
2543
2609
2718
2743
2671
2739
2703
2774
2783
2831
2845
2947
2842
2903
2966
2929
2983
2859
3039
2955
3059
3051
3127
3046
3056
2992
10000
2950
2711
2543
2413
2224
2122
1987
1792
1793
1584
1535
1584
1410
1334
1209
1102
1012
1066
979
906
884
794
848
640
712
720
656
620
608
518
554
443
528
436
418
442
360
384
401
336
297
332
288
240
292
273
232
240
208
256
10000
224
464
608
698
827
1066
1147
1304
1441
1488
1586
1759
1906
1930
2015
2145
2160
2227
2262
2342
2383
2323
2498
2493
2519
2623
2677
2719
2815
2767
2779
2767
2815
2851
2815
2831
2855
2897
2863
2893
2983
2991
3062
3015
3051
3135
3027
3039
3039
3069
10000
2928
2646
2559
2311
2198
2093
1968
1827
1735
1574
1458
1442
1289
1125
1246
1154
1040
1040
930
920
802
809
809
720
656
647
662
596
544
569
496
602
454
524
451
432
466
461
402
345
360
360
296
322
288
260
266
216
224
200
10000
244
364
568
644
817
1072
1136
1352
1424
1530
1561
1775
1824
1861
2033
2099
2176
2225
2295
2365
2447
2443
2517
2667
2591
2675
2675
2741
2711
2751
2759
2768
2823
2843
2835
2805
2857
2939
2903
2911
2943
2887
2975
2991
3051
3031
3019
3023
3047
2967
10000
2829
2647
2527
2359
2202
2083
1943
1876
1740
1658
1594
1433
1344
1291
1216
1149
1053
1018
902
865
858
834
796
704
678
665
658
672
601
528
560
557
488
442
460
448
424
400
352
331
316
337
368
312
274
248
272
304
256
288
10000
248
388
634
720
960
1056
1141
1233
1392
1616
1616
1778
1806
1922
1862
2086
2173
2203
2325
2337
2367
2431
2429
2483
2607
2615
2651
2699
2703
2751
2762
2737
2791
2835
2831
2902
2951
3024
2943
3011
2943
2971
3031
2955
2997
3007
3059
3045
3013
3135
10000
2895
2711
2479
2327
2191
2037
1965
1854
1702
1653
1522
1442
1296
1283
1252
1170
1100
1011
935
906
880
816
784
768
745
661
