614
640
561
580
624
476
576
416
532
388
400
418
338
336
322
338
298
361
228
272
229
240
224
248
10000
136
384
546
866
848
928
1124
1243
1421
1552
1657
1716
1780
2043
2000
2082
2069
2227
2243
2307
2411
2395
2549
2531
2559
2599
2705
2715
2747
2736
2731
2791
2823
2831
2801
2965
2909
2931
2971
2929
2943
2993
2930
3091
3043
3024
3037
3007
3057
3103
10000
2943
2695
2531
2307
2157
2035
1853
1790
1741
1520
1474
1344
1361
1200
1174
1110
1136
1040
902
872
888
782
706
712
692
646
620
632
584
520
457
418
432
442
408
400
360
376
353
334
354
300
240
240
288
225
272
272
256
240
10000
256
368
576
705
946
1072
1209
1381
1471
1664
1647
1776
1899
1936
2119
2163
2129
2213
2345
2323
2495
2423
2483
2553
2627
2598
2655
2674
2767
2802
2766
2827
2830
2851
2833
2910
2933
2971
2943
3031
2935
2995
2989
2987
3047
3055
2983
3011
3027
3038
10000
2845
2559
2507
2303
2202
1970
1917
1798
1609
1575
1488
1416
1230
1212
1104
1142
1037
930
882
890
869
845
706
662
669
681
640
704
640
596
546
612
464
528
404
422
360
386
384
336
336
288
301
290
224
256
152
176
140
164
10000
184
400
612
771
850
1038
1253
1344
1345
1557
1727
1831
1824
1971
2096
2106
2246
2239
2342
2318
2483
2539
2603
2543
2641
2649
2747
2687
2775
2736
2751
2805
2809
2755
2895
2931
2927
2926
2891
2887
2928
2927
2957
3103
3051
3095
3047
3045
3043
2983
10000
2863
2647
2439
2403
2179
2106
1941
1779
1693
1523
1506
1395
1408
1312
1184
1114
1032
969
853
896
944
806
741
713
704
614
668
588
496
592
570
492
528
458
428
372
376
352
416
324
292
304
322
272
256
268
208
294
282
256
10000
186
472
576
704
964
1017
1202
1322
1404
1570
1685
1815
1900
1965
2061
2241
2178
2283
2367
2387
2397
2448
2493
2543
2643
2607
2702
2607
2727
2719
2839
2718
2757
2823
2855
2959
2859
2935
2958
2891
2999
3027
2975
2983
2959
2995
3054
3054
3071
3024
10000
2885
2733
2481
2374
2165
2005
1889
1767
1593
1623
1515
1354
1318
1193
1114
1100
1056
1022
937
896
901
812
734
684
712
646
660
684
592
548
578
528
514
448
533
440
464
432
402
331
260
320
294
240
289
272
284
260
258
160
10000
172
322
586
816
874
1084
1186
1333
1449
1605
1703
1787
1867
1905
2064
2111
2222
2261
2320
2334
2439
2543
2544
2463
2611
2559
2659
2731
2735
2735
2742
2751
2883
2979
2819
2862
2854
2931
2863
3007
2967
2943
2951
3024
3051
3007
3027
3043
3039
3055
10000
2957
2726
2512
2403
2128
2082
1979
1795
1654
1640
1571
1469
1328
1274
1252
1091
1050
946
875
856
822
754
784
708
704
656
640
594
576
560
555
544
491
432
425
430
364
355
384
309
356
276
274
308
272
266
322
314
246
224
10000
210
449
582
768
868
1052
1136
1307
1435
1594
1598
1823
1841
1989
2015
2065
2227
2195
2331
2319
2389
2507
2475
2493
2647
2542
2646
2660
2743
2815
2775
2815
2804
2821
2879
2983
2879
2927
2940
2971
2895
2995
2933
3031
2975
3025
2999
3013
3038
3023
10000
2903
2667
2546
2322
2201
2015
1926
1830
1670
1662
1451
1424
1419
1224
1266
1113
1046
1000
944
944
852
811
800
748
712
624
704
624
640
488
556
537
472
498
440
384
432
316
440
337
362
288
336
336
194
272
224
242
256
192
10000
240
416
570
748
876
1061
1195
1296
1456
1617
1680
1739
1856
1936
2038
2111
2160
2258
2241
2417
2381
2406
2543
2557
2559
2594
2615
2691
2783
2768
2851
2835
2839
2800
2939
2911
2895
2871
2919
2935
2967
2927
3005
3007
2965
3071
2993
3093
3023
2983
10000
2923
2719
2539
2446
2227
2027
1937
1806
1725
1709
1451
1397
1339
1202
1228
1153
1054
876
1032
912
874
825
772
704
729
754
656
656
624
488
496
496
488
485
432
370
364
336
342
341
320
406
281
292
194
226
282
194
304
275
10000
240
452
566
746
880
1019
1195
1243
1393
1518
1649
1808
1865
2031
2058
2163
2151
2320
2245
2347
2429
2431
2512
2621
2546
2599
2627
2679
2689
2719
2759
2769
2727
2833
2811
2859
2907
2911
2901
2931
2975
3005
2967
2963
3003
3031
3025
3059
3035
3027
10000
2879
2686
2486
2375
2207
2133
1956
1840
1634
1587
1517
1468
1312
1312
1210
1106
1044
976
915
976
864
778
778
730
742
664
673
676
576
528
604
550
480
528
544
448
420
336
416
384
336
352
336
274
268
256
280
197
257
256
10000
140
390
554
752
796
970
1134
1239
1418
1499
1617
1648
1830
1919
1948
2128
2131
2199
2289
2361
2338
2417
2480
2587
2539
2619
2531
2669
2655
2741
2695
2907
2839
2815
2823
2891
2763
2805
2911
2911
2987
2967
2878
3005
2930
3019
2991
2983
2993
3039
10000
2838
2715
2510
2383
2247
2128
1964
1776
1759
1669
1508
1463
1330
1233
1221
1186
1046
960
966
922
910
820
716
745
752
699
568
580
562
491
580
498
460
498
380
342
337
392
352
368
194
368
336
272
328
324
224
353
258
240
10000
182
384
599
752
881
1034
1090
1309
1434
1505
1671
1702
1842
1957
1959
2055
2101
2225
2174
2327
2339
2403
2454
2546
2559
2674
2633
2677
2699
2759
2719
2811
2864
2799
2863
2832
2895
2768
2885
2927
2911
3061
2983
2887
3035
3027
3071
3025
3051
3007
10000
2911
2636
2512
2308
2127
2130
1947
1808
1669
1571
1489
1322
1322
1209
1180
1210
1108
1008
946
896
842
880
824
698
698
656
660
708
578
592
564
500
448
528
412
460
408
378
369
336
368
304
344
288
184
217
288
240
180
192
10000
120
308
528
688
843
1046
1091
1350
1354
1500
1641
1721
1801
1909
1991
2085
2171
2255
2224
2333
2439
2414
2434
2478
2623
2559
2647
2773
2661
2695
2765
2775
2747
2827
2863
2839
2878
2861
2923
2911
2822
3010
2951
3047
2987
2942
3023
3051
2989
3031
10000
2927
2678
2533
2441
2287
2063
1994
1844
1759
1616
1564
1480
1426
1308
1296
1072
1104
954
961
930
802
802
827
756
775
696
682
594
628
568
588
482
532
418
432
418
432
368
362
368
338
352
322
305
260
340
256
292
240
184
10000
214
384
617
741
928
1040
1220
1290
1390
1559
1674
1765
1763
1936
1972
2019
2187
2195
2266
2351
2375
2415
2479
2503
2519
2559
2651
2631
2640
2640
2711
2751
2755
2831
2791
2843
2835
2897
2909
2867
2959
3007
2959
3053
3025
2987
2943
3011
2965
3071
10000
2939
2747
2559
2448
2221
2035
1990
1810
1687
1680
1582
1467
1396
1258
1200
1205
1070
1062
947
919
896
828
846
801
797
667
720
624
626
584
544
528
440
474
442
436
414
368
402
356
298
339
372
304
288
245
242
201
168
240
10000
266
384
598
661
870
966
1134
1310
1358
1430
1555
1706
1829
1798
1926
1963
2139
2194
2241
2211
2290
2383
2503
2519
2539
2607
2554
2701
2843
2607
2770
2690
2801
2845
2889
2789
2879
2835
2859
2943
2923
2983
2967
2955
3015
3030
3015
3025
2943
3023
10000
2887
2750
2545
2383
2209
2046
1923
1867
1829
1577
1565
1422
1392
1296
1238
1112
1122
1104
1046
925
900
800
780
784
704
737
666
617
604
576
537
550
496
480
538
432
438
406
428
482
294
293
272
320
273
278
320
208
233
312
10000
276
470
588
720
889
1040
1196
1254
1404
1493
1562
1711
1795
1898
1935
2018
2127
2130
2241
2266
2379
2398
2383
2501
2481
2661
2559
2646
2646
2611
2671
2755
2795
2769
2899
2885
2879
2959
2862
2903
2935
2951
3021
2987
3021
3063
3003
3067
2999
3055
10000
2931
2695
2483
2350
2203
2060
1897
1797
1712
1530
1504
1481
1350
1314
1156
1164
1152
1008
945
949
996
886
768
834
712
780
688
688
651
560
544
564
576
564
464
434
417
412
420
384
384
310
320
276
268
352
301
195
324
272
10000
237
448
498
736
826
1005
1072
1231
1360
1519
1650
1729
1813
1815
2042
2095
2014
2179
2210
2307
2389
2362
2439
2543
2609
2559
2559
2620
2671
2695
2729
2731
2743
2801
2759
2870
2879
2943
2857
2895
2863
2975
3005
2935
2931
2987
3043
3006
3088
3093
10000
2899
2711
2529
2390
2237
2075
2006
1840
1751
1607
1581
1488
1434
1303
1264
1200
1076
1091
923
934
852
870
839
780
714
802
691
624
560
596
544
556
452
453
456
428
416
396
320
342
360
336
320
276
290
272
301
312
290
248
10000
272
360
560
816
906
972
1161
1264
1408
1524
1645
1790
1809
1909
1951
1981
2119
2157
2203
2294
2327
2358
2545
2503
2446
2547
2549
2659
2615
2735
2667
2739
2813
2791
2799
2858
2927
2867
2864
2925
2943
3127
2990
2987
2989
3057
3007
3007
3007
3063
10000
2853
2769
2531
2417
2375
2083
1963
1845
1754
1623
1597
1451
1366
1259
1181
1218
1086
1016
960
880
896
944
848
804
724
778
664
656
564
576
544
520
496
496
410
384
448
384
370
362
294
320
276
290
316
160
288
276
213
240
10000
208
421
524
720
810
944
1041
1225
1351
1458
1531
1663
1769
1941
1986
2057
2183
2191
2256
2357
2337
2337
2451
2491
2515
2545
2638
2623
2698
2755
2731
2882
2810
2847
2822
2847
2919
2839
2895
2907
2838
2871
2943
2997
2995
2951
2961
2957
3031
3103
10000
2871
2807
2599
2309
2230
2080
1933
1902
1793
1643
1682
1456
1403
1252
1214
1152
1193
1048
980
1034
882
790
796
792
704
652
608
601
600
546
608
552
464
532
452
404
448
368
368
352
419
360
368
345
328
272
256
240
256
224
10000
208
394
536
690
826
1005
1191
1296
1401
1510
1640
1644
1807
1887
1962
2100
2029
2175
2213
2305
2346
2375
2447
2463
2533
2643
2559
2559
2672
2771
2751
2802
2786
2759
2887
2800
2867
2963
2951
2935
2991
2911
2959
3039
3007
2923
3127
3071
3051
2998
10000
2885
2675
2543
2381
2255
2090
1905
1811
1822
1635
1514
1440
1446
1308
1233
1256
1131
1051
954
944
928
816
793
784
674
750
688
641
592
568
586
602
448
484
497
416
439
373
400
389
304
352
338
384
224
228
177
240
273
257
10000
128
307
576
740
848
980
1163
1241
1402
1428
1564
1670
1808
1883
1969
1998
2064
2282
2266
2335
2369
2359
2469
2487
2447
2559
2631
2671
2707
2687
2733
2711
2768
2815
2863
2797
2925
2935
2832
2843
2911
2879
2929
2911
2943
2998
2974
2992
3071
3089
10000
2870
2737
2525
2451
2239
2128
1914
1811
1782
1721
1461
1462
1392
1328
1218
1196
1112
1034
1000
839
870
804
804
752
720
736
656
697
596
553
535
592
448
452
440
422
325
400
345
330
357
388
324
256
274
292
240
268
192
241
10000
216
418
549
669
816
932
1107
1271
1364
1439
1600
1655
1831
1872
1916
1941
2106
2154
2238
2335
2331
2373
2429
2447
2559
2551
2659
2650
2659
2687
2723
2775
2779
2770
2774
2839
2938
2862
2923
2975
2930
2987
2883
2927
3025
3021
3037
3059
2991
2951
10000
2943
2855
2499
2285
2231
2017
1983
1854
1724
1682
1491
1392
1456
1333
1248
1104
1121
981
1029
946
924
852
858
729
750
624
666
600
629
586
592
565
496
562
466
412
480
474
384
354
324
361
293
336
314
296
282
276
281
240
10000
298
374
570
691
866
976
1171
1237
1362
1460
1614
1645
1776
1901
2005
2105
2091
2169
2261
2327
2352
2390
2478
2535
2512
2531
2623
2647
2687
2751
2743
2785
2747
2879
2805
2855
2847
2943
2859
2859
2935
2975
2955
3024
3007
3039
2991
3023
3057
3051
10000
3023
2747
2559
2450
2263
2173
1904
1890
1784
1635
1618
1488
1509
1350
1264
1117
1170
1082
960
920
896
824
808
778
787
752
691
646
649
586
576
548
472
484
459
474
441
425
452
400
368
346
336
359
306
260
256
260
230
304
10000
153
420
566
722
860
986
1142
1282
1309
1472
1577
1663
1807
1827
1910
2151
2143
2069
2238
2253
2303
2384
2437
2444
2519
2490
2543
2594
2655
2727
2727
2815
2736
2815
2805
2847
2863
2865
2859
2959
2961
2991
3019
3025
3057
3023
2962
3031
3023
3067
10000
2950
2791
2555
2461
2159
2113
1985
1718
1776
1682
1552
1501
1348
1278
1264
1185
1152
1062
964
1012
884
846
814
841
784
777
714
612
620
577
601
521
560
496
493
416
480
428
345
384
384
320
322
276
192
260
296
256
256
224
10000
236
338
613
560
760
912
1040
1207
1300
1521
1616
1666
1825
1858
1963
2093
2167
2213
2322
2275
2335
2422
2483
2435
2494
2583
2625
2675
2703
2646
2711
2762
2719
2839
2811
2799
2866
2845
2915
2887
2955
2957
3037
2943
3007
3071
3071
3095
3153
3023
10000
2911
2723
2559
2412
2319
2151
2023
1908
1802
1649
1604
1493
1460
1377
1245
1171
1134
1084
980
928
784
887
819
780
778
710
664
592
680
586
547
510
588
488
456
425
448
336
364
400
400
448
308
258
272
354
322
314
296
233
10000
224
432
533
748
832
944
1092
1241
1391
1398
1630
1634
1776
1840
1984
1999
2118
2149
2263
2303
2337
2322
2403
2463
2531
2555
2613
2691
2671
2739
2771
2757
2767
2831
2875
2870
2895
2993
2965
2925
3015
2943
3061
3022
2943
3071
3045
2927
3118
3091
10000
2895
2765
2551
2401
2279
2035
2017
1797
1745
1621
1581
1400
1406
1302
1254
1092
1170
1072
986
893
928
869
912
761
801
762
742
581
616
592
560
593
548
492
454
432
501
392
418
392
360
362
320
324
320
320
276
216
216
208
10000
224
370
552
688
800
905
1131
1168
1363
1493
1613
1663
1840
1952
1911
2006
2177
2107
2331
2286
2384
2399
2470
2513
2559
2559
2583
2630
2675
2655
2693
2702
2775
2831
2843
2832
2914
2896
2915
2951
2918
2951
2979
2943
3031
3023
3023
3047
3007
3039
10000
2982
2734
2559
2405
2285
2160
1985
1803
1763
1680
1535
1486
1458
1301
1232
1152
1125
1099
1008
946
834
802
800
712
656
736
690
680
640
576
480
452
576
482
460
428
397
396
352
336
309
313
352
281
296
288
224
240
192
216
10000
178
400
546
656
810
934
1096
1264
1296
1433
1578
1576
1770
1894
1901
2019
2170
2142
2207
2320
2335
2332
2354
2375
2475
2537
2535
2608
2695
2690
2695
2699
2769
2835
2815
2855
2815
2799
2831
2911
2953
2951
3021
2961
2991
3021
2995
3055
3047
3062
10000
2919
2703
2559
2367
2190
2097
1907
1814
1726
1661
1555
1441
1444
1277
1138
1144
1123
1064
1014
1008
848
860
776
768
688
720
608
620
600
540
528
496
501
395
454
418
360
402
384
370
304
336
368
328
264
266
152
160
234
256
10000
168
386
521
624
906
1009
1076
1228
1479
1392
1581
1694
1775
1915
1869
2076
2032
2227
2277
2305
2391
2455
2407
2435
2559
2559
2615
2619
2649
2623
2777
2739
2751
2835
2791
2831
2813
2811
2815
3023
2866
2907
2983
2929
2983
2951
3023
3027
3019
3007
10000
2887
2691
2512
2401
2299
2085
1982
1886
1801
1683
1553
1462
1385
1312
1259
1023
1104
1063
1040
860
820
820
752
742
516
709
664
592
592
598
485
488
456
448
464
421
360
336
482
392
352
256
320
256
304
314
218
228
218
208
10000
130
346
480
686
800
938
1065
1213
1306
1490
1525
1671
1741
1808
1887
2019
2069
2096
2171
2303
2259
2401
2406
2487
2495
2559
2623
2557
2559
2741
2735
2703
2867
2855
2891
2927
2911
2862
2923
2957
2973
3003
3015
2935
3039
2999
3025
3071
2949
3103
10000
2927
2864
2519
2384
2206
2095
2011
1903
1817
1583
1535
1424
1294
1360
1200
1113
1130
1073
1018
1056
848
884
880
784
705
734
720
640
626
546
500
508
562
516
506
458
384
396
352
308
368
320
259
264
192
240
284
210
240
256
10000
176
384
555
704
762
938
1074
1172
1296
1441
1675
1731
1836
1872
1936
2011
2096
2192
2288
2256
2303
2403
2463
2487
2503
2454
2615
2703
2647
2707
2695
2731
2591
2821
2887
2791
2855
2875
3043
3021
2943
2951
2991
2915
3011
3067
3035
3062
3015
2975
10000
2979
2767
2608
2457
2303
2161
1957
1872
1789
1641
1535
1472
1429
1292
1270
1165
1138
1081
993
954
870
864
769
730
704
700
710
658
633
576
528
548
482
464
450
409
361
425
416
420
344
368
340
304
328
320
280
296
261
257
10000
122
454
523
752
816
984
1072
1182
1306
1497
1526
1618
1711
1817
1902
2031
2107
2111
2192
2303
2358
2371
2410
2447
2623
2469
2595
2602
2693
2671
2769
2717
2751
2737
2871
2799
2885
2911
2803
2941
2925
2981
2974
2951
3015
2987
2963
3006
3071
3051
10000
2903
2743
2501
2375
2319
2114
1983
1866
1777
1649
1535
1489
1435
1328
1292
1195
1057
1045
1003
920
921
840
858
858
755
688
640
656
576
566
568
588
562
449
474
485
448
364
428
374
336
256
336
336
276
218
288
300
176
208
10000
136
278
560
665
854
969
1120
1133
1305
1440
1591
1696
1724
1838
2077
1971
2077
2186
2224
2263
2369
2421
2381
2559
2603
2557
2655
2642
2634
2734
2751
2673
2742
2839
2843
2865
2847
2851
2933
2899
2959
2919
2967
3063
2999
2990
3007
3059
3099
3149
10000
2835
2789
2527
2416
2278
2093
2139
1934
1745
1646
1535
1521
1412
1341
1314
1206
1088
942
1019
996
915
848
836
816
739
666
668
608
704
596
533
554
470
424
421
496
452
420
408
354
372
372
328
256
322
320
236
225
264
192
10000
256
386
486
640
882
883
1074
1232
1365
1441
1577
1707
1728
1823
1925
2061
2035
2170
2175
2235
2349
2407
2431
2480
2495
2515
2597
2603
2701
2672
2746
2815
2815
2815
2935
2855
2974
2867
2939
2943
2869
2893
2983
3013
3023
2959
3063
3055
3039
3039
10000
2885
2715
2545
2353
2347
2143
1985
1936
1713
1652
1510
1440
1345
1267
1300
1216
1125
948
1040
897
914
870
880
796
736
756
688
656
522
565
592
502
547
562
460
432
464
420
320
368
363
304
280
330
208
240
360
272
240
257
10000
209
343
560
720
884
1035
1097
1268
1409
1432
1535
1771
1825
1843
1936
1995
2126
2138
2261
2359
2338
2470
2448
2495
2523
2631
2651
2559
2585
2717
2691
2759
2769
2791
2787
2829
2803
2891
2960
2967
2893
2939
2927
2958
2935
2983
3063
3039
3111
3054
10000
3025
2731
2525
2406
2245
2141
1997
1843
1769
1710
1588
1506
1503
1327
1216
1130
1086
1044
970
869
950
916
780
784
720
684
592
640
556
608
640
516
494
516
464
464
496
340
352
352
386
364
320
322
269
306
224
265
269
240
10000
169
368
596
728
832
964
1085
1242
1328
1456
1561
1702
1744
1877
1899
1969
2101
2133
2207
2215
2307
2373
2384
2447
2507
2539
2687
2687
2719
2699
2695
2805
2831
2851
2827
2943
2863
2943
2887
3039
2962
2959
2987
3055
3031
3029
2927
2939
3007
3070
10000
2927
2755
2483
2425
2199
2107
1953
1878
1710
1623
1525
1469
1425
1299
1238
1088
1104
1038
996
928
908
816
809
770
790
696
700
593
658
592
577
561
528
480
448
464
518
376
368
365
352
340
258
277
296
296
309
236
226
217
10000
192
384
604
624
825
960
1017
1154
1306
1437
1558
1714
1776
1891
2003
2069
2170
2177
2177
2224
2319
2389
2471
2513
2469
2621
2598
2710
2679
2739
2735
2746
2743
2731
2899
2891
2803
2870
2871
2922
2897
2986
2863
2943
2975
3051
2951
3023
3019
3057
10000
3023
2787
2553
2384
2259
2138
2029
1879
1809
1727
1645
1535
1424
1296
1221
1193
1168
1068
992
912
912
816
864
754
710
646
650
688
584
602
536
520
496
508
488
450
448
432
336
369
388
344
320
329
304
272
293
205
304
294
10000
128
418
594
634
848
928
1012
1230
1264
1394
1590
1643
1696
1783
1903
1936
2101
2082
2151
2279
2343
2352
2413
2499
2501
2615
2629
2679
2609
2701
2791
2739
2735
2765
2801
2871
2867
2861
2859
2903
2903
2967
2895
3087
2999
3071
3059
2957
2943
2983
10000
2867
2763
2591
2399
2155
2124
1917
1871
1759
1616
1493
1421
1337
1305
1194
1098
1088
1088
978
912
868
819
728
747
678
616
482
576
522
544
448
472
480
476
448
410
417
330
322
300
240
266
248
273
256
178
216
208
204
176
10000
176
362
528
567
744
882
1033
1108
1248
1401
1468
1586
1662
1840
1872
2000
2010
2159
2119
2273
2326
2371
2407
2426
2437
2475
2541
2523
2587
2613
2647
2631
2735
2723
2635
2781
2773
2833
2811
2859
2815
2821
3051
2923
2901
2855
2923
2975
3023
3055
10000
2883
2672
2545
2352
2198
2107
2009
1870
1712
1595
1556
1474
1360
1234
1216
1170
1085
992
953
891
912
748
720
618
656
652
661
632
544
546
474
618
488
469
418
386
354
340
368
336
336
329
275
264
224
216
260
208
176
152
10000
144
336
510
650
808
953
1094
1102
1154
1488
1523
1648
1701
1835
1847
1995
2103
2141
2235
2299
2298
2373
2419
2477
2519
2531
2589
2703
2707
2671
2707
2815
2897
2871
2795
2965
2910
2879
2982
2963
2959
2951
3071
3024
3039
3103
3063
3030
3131
3071
10000
3011
2830
2594
2467
2253
2078
2006
2039
1807
1718
1600
1535
1370
1408
1272
1232
1145
1160
1047
1008
956
929
832
816
820
800
756
736
604
586
624
544
620
506
496
440
448
368
452
376
400
306
320
312
308
260
256
184
209
134
10000
176
368
552
651
816
969
1028
1180
1359
1396
1565
1644
1789
1793
1987
2018
2025
2206
2165
2191
2391
2335
2375
2450
2497
2529
2590
2589
2603
2704
2739
2703
2786
2739
2769
2813
2863
2823
2821
2935
2879
2933
2941
2947
2965
2947
2939
3111
3015
2971
10000
2957
2791
2597
2397
2224
2192
1995
1948
1790
1712
1664
1450
1328
1367
1203
1203
1170
1073
1072
992
928
845
870
786
728
686
664
704
704
608
528
532
560
449
456
528
464
416
432
432
441
352
352
362
356
320
304
290
368
265
10000
240
464
621
725
858
1003
1179
1280
1306
1535
1598
1710
1824
1866
1904
2064
2099
2139
2299
2309
2391
2431
2515
2514
2555
2651
2598
2646
2703
2699
2805
2919
2811
2895
2875
2815
2897
2879
2885
2971
2947
2825
2993
3011
3059
3003
2987
3003
3103
3103
10000
2915
2719
2521
2422
2263
2123
1967
1930
1771
1635
1587
1535
1410
1360
1280
1185
1214
1114
1037
948
888
868
838
816
740
733
668
697
611
642
569
586
508
504
393
464
432
400
457
368
352
332
340
276
217
346
258
322
256
168
10000
226
334
572
662
816
914
1056
1092
1360
1424
1555
1713
1783
1886
1937
1993
2111
2151
2224
2267
2321
2342
2415
2493
2478
2559
2607
2631
2659
2631
2669
2768
2779
2787
2833
2787
2879
2899
2943
2895
2927
3030
2907
2959
2967
3071
3006
3111
3037
3139
10000
2963
2835
2499
2463
2299
2211
2000
1968
1685
1632
1632
1488
1535
1334
1280
1237
1132
1144
1040
962
896
896
842
822
850
773
673
649
730
617
611
642
500
534
480
534
508
432
441
416
432
354
400
354
360
328
308
292
304
336
10000
242
409
592
704
880
1008
1152
1275
1424
1479
1619
1728
1744
1894
1959
2059
2127
2175
2241
2275
2378
2416
2486
2559
2652
2559
2647
2735
2667
2731
2787
2731
2867
2815
2897
2847
2878
2943
2909
2943
3007
2961
2947
2991
2947
3046
3135
3071
3107
3071
10000
2909
2725
2511
2401
2259
2161
1962
1906
1837
1671
1650
1381
1385
1264
1245
1104
1118
1002
1050
1002
845
797
838
736
730
797
712
640
528
528
560
516
564
496
514
352
468
362
368
336
358
322
320
304
248
288
276
278
232
211
10000
246
362
588
684
832
996
1078
1253
1398
1415
1605
1680
1829
1890
2009
1973
2128
2215
2279
2271
2321
2431
2494
2491
2559
2659
2640
2631
2607
2736
2736
2758
2779
2813
2863
2867
2899
2859
2819
2935
2910
2955
2957
2963
3095
3043
3027
2987
3014
3057
10000
2863
2799
2619
2416
2213
2145
1937
1817
1819
1650
1531
1458
1323
1356
1275
1120
1141
1041
1008
909
869
800
758
801
704
722
626
676
624
539
501
544
448
416
450
464
396
454
416
340
373
406
276
396
324
288
256
224
272
208
10000
177
444
586
704
854
922
1084
1198
1353
1439
1519
1677
1839
1814
1884
1995
2035
2151
2190
2290
2307
2403
2443
2487
2603
2559
2709
2515
2613
2719
2715
2799
2863
2831
2805
2843
2863
2923
2999
2955
2919
2909
3055
3011
3043
2979
3035
3025
3135
3087
10000
2951
2711
2515
2455
2225
2171
2019
1909
1741
1697
1600
1525
1426
1400
1249
1133
1113
992
973
937
907
861
808
850
816
688
752
696
602
640
572
565
522
548
544
424
433
400
370
384
388
384
297
282
245
290
266
272
260
230
10000
148
396
496
712
801
908
1130
1243
1390
1488
1606
1716
1735
1879
1973
2061
2115
2196
2217
2277
2386
2363
2431
2465
2559
2559
2608
2635
2703
2738
2711
2619
2797
2759
2887
2859
2927
2864
2863
2928
2961
2999
2887
2951
3071
3019
3027
2987
3057
3051
10000
2971
2710
2559
2371
2277
2147
1997
1905
1833
1683
1614
1505
1354
1371
1200
1223
1127
988
977
982
928
832
818
800
752
720
636
656
592
658
588
586
432
476
434
420
464
406
400
418
384
371
328
330
293
258
288
320
224
280
10000
272
448
622
684
822
913
1114
1262
1394
1418
1535
1664
1709
1872
1833
2003
2101
2139
2311
2271
2319
2367
2335
2487
2461
2531
2623
2667
2671
2701
2747
2806
2821
2747
2896
2863
2887
2781
2837
3015
2903
3026
2925
3003
2967
3051
3047
3043
2999
3047
10000
2930
2801
2587
2469
2266
2139
1986
1841
1749
1642
1563
1503
1378
1271
1276
1217
1079
1099
1012
896
882
891
835
800
752
709
704
706
640
612
560
510
586
506
416
450
400
368
368
312
281
378
304
256
272
244
170
280
208
204
10000
168
384
434
706
817
943
1042
1269
1376
1424
1525
1643
1755
1843
1933
2042
2085
2137
2147
2317
2417
2374
2467
2442
2480
2545
2609
2635
2695
2691
2714
2768
2786
2800
2767
2805
2975
2863
2971
2911
2943
2943
2930
3035
2991
2965
3071
3007
2989
3053
10000
2963
2735
2687
2399
2256
2091
2007
1843
1827
1660
1566
1466
1386
1314
1248
1114
1057
992
996
912
929
813
884
754
692
690
706
652
624
586
580
497
560
570
442
498
394
369
384
378
418
304
404
304
272
322
221
288
193
282
10000
132
368
565
672
832
960
1049
1218
1296
1424
1484
1611
1806
1678
1934
2046
2093
2205
2210
2259
2315
2359
2419
2497
2538
2514
2679
2559
2671
2805
2699
2799
2851
2775
2743
2879
2833
2815
2895
2871
2847
2931
2959
2935
3015
2959
3003
2995
2943
3007
10000
2934
2719
2511
2386
2211
2019
1919
1843
1744
1618
1518
1426
1358
1277
1211
1226
1053
1053
929
952
884
872
848
772
704
728
624
625
553
560
608
484
520
506
466
400
386
336
336
354
256
384
240
240
241
276
224
256
244
196
10000
181
340
544
730
716
918
1116
1196
1299
1369
1591
1612
1662
1840
1877
2034
2039
2175
2176
2321
2353
2371
2431
2518
2503
2507
2599
2559
2623
2695
2701
2733
2800
2809
2769
2863
2847
2911
2895
2911
2931
3019
2943
3007
2981
2955
2975
3053
3095
3019
10000
2915
2707
2539
2399
2310
2091
1979
1887
1709
1579
1598
1358
1376
1251
1293
1160
1066
1008
997
957
890
888
752
710
810
677
708
576
643
624
544
594
504
480
448
458
416
391
384
332
392
304
300
384
336
272
306
226
244
304
10000
242
357
561
696
761
924
1069
1190
1344
1398
1535
1642
1824
1893
1887
1965
2087
2123
2195
2269
2327
2383
2498
2479
2487
2543
2640
2627
2643
2719
2763
2763
2791
2751
2787
2854
2911
2929
2855
2837
2961
2967
3039
2983
2995
2927
3054
2975
3053
3031
10000
2939
2686
2477
2410
2229
2090
1939
1891
1762
1655
1532
1499
1386
1269
1232
1159
1100
1026
960
896
846
800
828
795
784
704
520
531
544
592
481
464
464
442
456
352
400
394
352
329
298
240
304
289
176
256
172
180
204
192
10000
128
364
496
704
734
876
1062
1120
1316
1410
1520
1673
1799
1811
1875
1979
2074
2127
2199
2251
2375
2399
2423
2489
2559
2519
2525
2651
2637
2646
2741
2736
2805
2790
2797
2755
2863
2903
2907
2875
2906
2827
2907
2975
2954
2961
2999
3007
3003
2963
10000
2898
2815
2607
2431
2235
2075
1985
1938
1785
1605
1575
1445
1393
1392
1185
1032
1072
978
1011
880
868
768
739
749
688
662
616
565
554
537
432
518
456
432
352
393
405
352
352
384
336
298
256
272
297
208
176
176
192
262
10000
176
280
458
645
740
878
960
1185
1196
1365
1455
1567
1641
1790
1847
1965
2021
2032
2183
2267
2221
2289
2414
2457
2415
2491
2559
2559
2641
2673
2723
2710
2723
2704
2806
2896
2879
2830
2855
2823
2863
2853
2943
2895
2975
2911
3007
2891
2951
2891
10000
2815
2736
2491
2335
2192
2083
1859
1884
1737
1510
1555
1458
1349
1232
1203
1131
1112
976
928
896
856
852
768
708
664
664
626
644
570
544
492
448
496
453
438
410
392
290
376
384
288
256
277
240
208
210
192
154
204
201
10000
64
204
464
582
779
858
972
1178
1254
1417
1459
1558
1683
1738
1875
1951
2032
2035
2115
2187
2194
2347
2307
2367
2307
2473
2398
2641
2479
2559
2639
2687
2607
2735
2646
2771
2687
2847
2707
2799
2863
2831
2919
2893
2927
2919
2949
3023
2943
2896
10000
2878
2699
2445
2263
2237
2045
2003
1824
1766
1674
1535
1400
1314
1312
1202
1078
976
939
929
880
878
810
817
760
697
650
586
592
544
533
488
531
422
514
384
400
336
358
320
320
360
256
304
272
264
161
272
196
160
160
10000
144
360
428
652
762
966
1037
1143
1206
1392
1477
1575
1702
1766
1925
1992
2096
2094
2192
2192
2235
2331
2443
2427
2483
2531
2507
2559
2611
2659
2725
2759
2731
2737
2827
2846
2882
2799
2850
2903
2879
2917
2991
2959
2959
2983
2923
3007
2966
2991
10000
2897
2695
2551
2357
2224
2013
1986
1802
1744
1607
1488
1426
1340
1309
1180
1136
1085
1036
898
983
806
781
770
749
704
672
666
555
562
560
534
496
478
460
400
377
418
368
365
336
304
288
224
192
264
240
272
201
160
268
10000
154
328
504
626
716
908
968
1233
1328
1364
1531
1700
1764
1791
1879
1977
2095
2108
2195
2215
2350
2379
2414
2523
2525
2559
2678
2639
2695
2691
2715
2722
2770
2719
2775
2879
2899
2943
2951
2895
3003
3007
2923
2983
3011
3151
3167
3071
3030
3115
10000
2991
2855
2663
2471
2371
2193
2031
1937
1837
1670
1642
1535
1453
1408
1312
1191
1180
1146
1061
988
914
896
838
788
788
780
701
745
644
674
549
586
565
580
444
524
464
465
496
472
376
450
432
388
384
310
264
336
305
272
10000
208
418
592
771
832
941
1161
1280
1350
1392
1588
1693
1771
1875
1993
2009
2091
2163
2293
2271
2331
2402
2418
2475
2635
2611
2608
2687
2751
2739
2762
2751
2821
2915
2871
2891
2907
2981
2959
2983
2955
2969
3035
3059
3071
3011
3089
3111
2939
3203
10000
2975
2795
2523
2333
2333
2139
2043
1943
1817
1682
1535
1576
1408
1306
1316
1174
1132
1058
1052
914
896
941
777
866
826
742
748
696
666
600
608
544
570
474
506
448
434
400
354
420
448
322
400
240
280
262
288
244
214
197
10000
197
416
595
728
828
962
1168
1250
1386
1436
1535
1724
1773
1835
1897
2046
2012
2195
2219
2301
2384
2451
2421
2512
2510
2651
2671
2587
2711
2759
2799
2833
2759
2854
2829
2783
2887
2926
2811
3007
2975
2983
3047
2959
3043
3059
3043
3094
3115
3039
10000
2942
2847
2631
2471
2310
2210
2027
1958
1852
1743
1617
1522
1433
1422
1254
1264
1072
1062
1018
946
917
806
812
800
757
730
750
704
688
652
577
608
585
560
496
484
400
420
464
388
474
320
361
348
352
322
320
304
304
264
10000
272
496
624
720
885
945
1114
1235
1344
1535
1584
1716
1859
1863
1876
1973
2082
2191
2315
2386
2385
2391
2466
2559
2559
2623
2627
2731
2736
2727
2827
2755
2791
2800
2871
2815
2893
2979
2955
2975
2987
2929
2987
2981
2959
3035
3154
3055
2951
3059
10000
2989
2767
2491
2421
2291
2079
1968
1917
1776
1743
1586
1485
1392
1307
1286
1194
1152
1145
1069
934
912
896
746
762
790
752
610
660
640
652
546
576
532
528
432
480
384
432
405
407
308
348
320
340
333
320
296
224
224
264
10000
218
410
504
728
768
992
1145
1212
1388
1535
1628
1696
1826
1841
1958
2123
2122
2173
2224
2306
2331
2493
2413
2503
2598
2559
2611
2653
2683
2711
2703
2731
2703
2711
2834
2855
2866
2863
2926
2854
3015
2923
2974
2965
3024
3011
2959
3031
3027
3010
10000
2971
2780
2603
2437
2333
2145
1995
1991
1840
1679
1665
1487
1520
1329
1293
1184
1071
1101
1038
926
880
802
862
808
726
720
640
676
586
616
592
557
539
528
456
496
480
424
408
426
368
330
402
400
336
280
320
304
232
256
10000
200
373
560
752
842
994
1017
1207
1334
1415
1531
1672
1743
1881
1943
2017
2063
2239
2303
2291
2389
2449
2491
2463
2615
2583
2555
2719
2703
2691
2775
2839
2751
2797
2901
2895
2854
2886
2911
3039
3021
2991
3071
3035
3071
3091
3007
3035
3013
3088
10000
3011
2802
2519
2398
2273
2114
2000
1907
1861
1674
1585
1506
1361
1294
1314
1238
1202
1152
1032
933
861
937
832
850
838
720
624
656
626
556
567
546
464
496
462
482
423
464
432
370
257
356
296
320
310
256
280
242
256
232
10000
212
392
585
704
864
946
1136
1328
1264
1520
1585
1714
1835
1838
1918
2070
2128
2175
2249
2326
2411
2391
2462
2395
2487
2559
2619
2631
2703
2559
2751
2719
2799
2770
2813
2823
2838
2959
2887
2925
2965
3019
2993
2983
3015
2991
3035
3023
3103
3099
10000
2999
2791
2530
2453
2278
2126
2032
1943
1840
1730
1633
1518
1442
1385
1269
1202
1154
1084
1008
896
881
784
784
773
741
677
730
599
620
584
528
624
465
464
480
448
416
492
384
384
388
348
308
304
362
288
245
268
240
196
10000
256
416
464
712
804
940
1126
1170
1387
1457
1566
1669
1763
1863
1936
2086
2032
2160
2175
2226
2395
2339
2421
2479
2559
2503
2635
2731
2735
2719
2773
2774
2839
2813
2895
2799
2855
2893
2943
2919
2938
2959
3007
3019
2974
3071
3039
2995
3069
3015
10000
2898
2771
2527
2346
2320
2106
1983
1883
1819
1696
1655
1494
1360
1387
1314
1148
1163
1072
953
976
952
914
896
786
750
736
633
688
626
625
600
560
496
528
491
496
421
328
360
304
336
320
302
308
396
312
272
256
304
192
10000
208
458
580
704
813
956
1043
1255
1264
1508
1616
1667
1763
1782
2000
2030
2097
2125
2278
2367
2373
2384
2495
2494
2515
2511
2583
2583
2717
2691
2703
2703
2794
2795
2851
2901
2807
2891
2915
2931
3011
2995
3027
2939
3007
3005
3095
3043
3039
3143
10000
2967
2799
2611
2383
2241
2156
1943
1885
1879
1651
1570
1498
1434
1280
1258
1120
1106
1018
976
983
852
896
796
800
774
782
675
696
678
565
497
544
484
474
520
464
501
384
408
400
409
330
352
256
320
280
344
277
240
280
10000
261
400
560
716
816
886
1041
1200
1328
1478
1597
1648
1790
1851
1923
2005
2060
2159
2159
2286
2323
2335
2417
2480
2557
2546
2559
2659
2670
2685
2815
2789
2783
2864
2839
2879
2891
2911
2903
2891
2943
2927
3011
3071
3023
3057
3039
3007
2991
3175
10000
2903
2739
2558
2399
2289
2077
1995
1904
1744
1680
1628
1510
1411
1368
1377
1200
1157
1022
1008
1028
922
882
818
784
792
757
736
649
598
560
540
616
530
456
480
368
434
408
407
396
368
304
256
266
320
296
192
272
240
216
10000
136
362
505
720
860
950
1143
1260
1342
1440
1617
1711
1829
1932
1963
1985
2107
2161
2224
2350
2415
2355
2459
2544
2518
2543
2607
2595
2667
2667
2695
2704
2731
2807
2871
2815
2871
2918
2903
2887
2891
2911
2943
2962
2967
3014
3062
3121
3091
3061
10000
2934
2781
2559
2415
2265
2129
2060
1856
1808
1702
1559
1461
1412
1328
1266
1154
1095
1036
1009
896
880
891
756
784
760
752
690
560
569
624
564
544
480
496
420
429
384
416
357
384
306
336
328
320
282
280
196
218
256
232
10000
209
384
544
656
816
944
1066
1152
1291
1408
1564
1616
1700
1830
1935
1959
2122
2111
2203
2263
2310
2437
2423
2535
2559
2603
2559
2590
2599
2655
2699
2747
2779
2802
2813
2875
2847
2907
2783
3015
2887
2993
2983
2919
2997
2957
2991
2999
3007
2973
10000
2911
2691
2527
2384
2237
2158
2016
1899
1793
1683
1509
1481
1392
1232
1284
1143
1123
1064
980
956
928
886
816
816
720
681
664
688
658
620
593
532
557
552
480
456
426
412
338
348
330
339
272
312
268
233
224
240
288
226
10000
212
369
530
682
760
976
1092
1213
1360
1394
1616
1653
1778
1917
1905
1968
2096
2135
2246
2307
2357
2435
2378
2439
2559
2635
2599
2694
2613
2691
2703
2765
2807
2749
2807
2789
2927
2845
2879
2899
2967
2893
3019
2943
3011
2919
3045
3071
3031
3023
10000
2987
2783
2511
2375
2243
2129
2034
1909
1798
1606
1535
1500
1398
1316
1237
1125
1038
1052
1037
940
914
868
772
752
704
674
660
560
669
624
534
524
470
521
501
412
400
336
432
364
368
320
336
324
256
228
304
256
224
268
10000
181
352
560
682
800
936
1120
1152
1319
1445
1535
1639
1739
1823
1886
2018
2078
2071
2215
2254
2343
2411
2373
2518
2543
2543
2544
2623
2699
2645
2801
2694
2827
2751
2842
2875
2895
2943
2943
2935
3003
2951
2941
2941
2987
2999
2995
3095
2997
3069
10000
2834
2715
2544
2446
2207
2209
2018
1876
1770
1664
1582
1520
1360
1328
1259
1152
1082
1072
976
997
926
954
839
804
756
736
624
704
628
627
589
496
552
525
484
400
442
416
412
376
353
320
324
290
272
232
320
304
214
228
10000
166
371
565
672
827
986
1068
1174
1384
1490
1639
1654
1733
1898
1859
1985
2111
2119
2146
2301
2291
2339
2458
2511
2559
2523
2627
2551
2641
2683
2769
2741
2771
2803
2807
2837
2791
2863
2922
2887
3022
2834
2991
2959
3015
2975
3035
3006
3103
3087
10000
3027
2739
2499
2448
2291
2091
1984
1902
1811
1696
1518
1515
1410
1344
1260
1227
1100
1008
1012
912
924
834
864
788
688
596
665
694
632
570
555
496
472
480
433
480
448
368
409
386
384
418
356
329
312
248
264
264
256
160
10000
201
370
528
712
852
939
1082
1216
1358
1470
1579
1590
1783
1827
1898
2055
2079
2167
2213
2327
2310
2363
2443
2549
2475
2515
2630
2608
2699
2652
2706
2801
2821
2766
2815
2897
2875
2959
2883
2911
2861
2915
2915
2975
3007
3011
3013
3099
3071
3007
10000
2911
2768
2543
2443
2263
2155
1893
1840
1800
1632
1568
1478
1392
1358
1309
1180
1099
976
1008
944
912
856
794
778
790
729
662
676
680
592
586
528
525
506
491
347
364
401
336
368
332
384
344
288
248
256
240
281
272
128
10000
193
347
464
656
834
913
1082
1195
1312
1403
1587
1675
1717
1828
1974
2000
2100
2128
2351
2179
2288
2353
2415
2512
2510
2545
2583
2591
2607
2683
2751
2755
2795
2746
2677
2827
2850
2911
2896
2947
2971
2963
3013
3037
2967
3055
3035
3019
3087
3031
10000
2879
2739
2525
2423
2291
2161
1983
1882
1776
1674
1535
1457
1396
1273
1264
1146
1115
1036
995
914
876
816
768
849
729
672
598
608
596
640
592
577
428
496
462
474
442
436
400
400
356
352
264
296
322
259
256
248
218
244
10000
176
340
560
664
848
965
1076
1216
1285
1427
1488
1678
1712
1777
1925
1970
2047
2149
2207
2283
2333
2353
2439
2502
2525
2559
2588
2671
2643
2707
2705
2798
2747
2763
2885
2841
2875
2865
2907
2903
2951
2965
2961
2991
2987
2953
2991
3047
2994
2987
10000
2893
2769
2543
2359
2247
2123
2001
1857
1776
1632
1604
1460
1439
1332
1219
1217
1152
1102
961
952
956
886
818
690
800
730
714
592
596
624
580
480
464
496
480
432
434
424
338
336
334
320
368
256
312
296
224
272
272
178
10000
208
424
442
669
848
962
1100
1120
1331
1446
1563
1671
1750
1919
2014
1999
2031
2118
2197
2325
2386
2302
2423
2431
2549
2551
2661
2615
2661
2651
2799
2767
2833
2811
2831
2871
2871
2925
2929
2982
2919
2963
3024
2917
2974
3027
3007
3013
3043
3047
10000
2996
2751
2559
2415
2242
2030
2001
1826
1869
1670
1613
1443
1351
1312
1240
1155
1074
1054
1040
928
946
912
730
752
718
750
688
614
640
560
560
496
508
460
434
464
456
400
389
400
363
344
384
306
242
312
265
240
244
292
10000
162
400
547
689
754
928
1079
1146
1376
1449
1520
1638
1803
1808
1925
1916
2065
2143
2160
2277
2349
2407
2479
2521
2531
2545
2613
2711
2655
2655
2751
2787
2791
2795
2829
2806
2887
2871
2995
2896
2926
2967
2943
3007
2931
3007
3120
2993
3051
3055
10000
2909
2730
2597
2381
2286
2112
1936
1883
1733
1702
1552
1535
1384
1344
1277
1180
1174
1028
1001
963
864
843
864
793
808
713
710
667
706
594
544
571
497
475
462
427
376
488
405
320
344
384
352
256
291
336
272
268
276
228
10000
144
442
500
720
902
1008
1136
1236
1347
1504
1571
1763
1793
1922
1999
2013
2123
2254
2256
2354
2305
2367
2433
2515
2615
2607
2609
2742
2701
2703
2727
2695
2799
2815
2851
2883
2847
2959
2935
2883
2983
2899
2991
2961
2955
2991
3115
2991
3067
3127
10000
2997
2802
2545
2437
2231
2157
2069
1885
1769
1786
1675
1520
1462
1351
1185
1228
1136
1040
980
880
976
854
893
752
756
738
704
597
544
632
528
528
560
554
552
465
496
450
400
436
410
400
376
316
330
320
276
272
256
276
10000
224
416
534
662
816
957
1078
1197
1362
1507
1535
1637
1714
1919
1861
2047
2073
2181
2291
2288
2409
2421
2463
2403
2543
2637
2621
2651
2725
2734
2722
2767
2799
2927
2827
2823
2929
2868
2911
2926
2859
3093
2977
3007
2967
3061
2975
3025
3089
3031
10000
2971
2789
2527
2415
2283
2182
1991
1921
1808
1681
1535
1558
1419
1385
1285
1295
1084
1088
1040
929
982
912
848
858
800
694
716
596
646
620
540
560
528
532
485
468
396
393
400
340
364
320
340
300
256
232
256
282
272
244
10000
236
424
524
739
832
1017
1148
1267
1424
1501
1640
1677
1795
1901
2011
1971
2071
2255
2234
2263
2343
2399
2463
2529
2559
2559
2605
2685
2749
2703
2786
2774
2835
2827
2847
2810
2839
2861
2929
2993
3015
2903
3005
3035
3114
3025
3067
3109
3023
3047
10000
2983
2815
2623
2417
2266
2127
2032
1879
1790
1648
1616
1504
1374
1363
1269
1289
1146
1082
1013
913
880
900
848
784
754
672
741
595
602
588
553
496
522
578
448
528
448
434
400
368
384
348
336
338
360
264
256
261
282
280
10000
216
352
576
676
868
938
1077
1223
1288
1465
1570
1689
1743
1875
1919
2109
2103
2135
2187
2303
2319
2459
2427
2511
2498
2588
2589
2639
2687
2711
2715
2751
2863
2835
2736
2819
2887
2951
2895
2931
2943
2951
2970
2928
3047
2993
3039
3007
3047
2998
10000
2895
2711
2614
2387
2285
2091
1975
1840
1743
1685
1577
1510
1392
1360
1284
1244
1123
1020
1036
976
906
880
784
772
757
716
720
697
658
608
616
590
528
464
502
480
398
384
388
336
348
320
384
306
308
256
240
304
240
234
10000
194
427
567
690
804
913
1081
1232
1297
1523
1659
1676
1855
1904
1911
2067
2157
2117
2256
2281
2288
2441
2439
2435
2559
2559
2559
2615
2611
2671
2707
2815
2783
2807
2823
2783
2907
2961
2891
2939
2991
2923
2943
3059
3014
2959
3039
3119
3103
3070
10000
2949
2679
2559
2423
2256
2181
1958
1886
1801
1655
1535
1496
1392
1325
1169
1189
1070
1047
983
961
960
882
855
786
828
715
704
692
634
640
458
528
480
496
448
440
408
444
360
371
324
298
384
340
280
320
296
257
228
214
10000
264
396
597
692
793
955
1139
1213
1344
1444
1562
1664
1761
1785
1873
1949
2127
2199
2202
2303
2320
2399
2479
2513
2627
2615
2605
2643
2723
2669
2729
2738
2751
2783
2891
2864
2899
2928
2855
2889
2919
2955
2927
2943
2960
2967
2991
3047
3007
3071
10000
2879
2707
2613
2405
2192
2166
1959
1872
1778
1679
1598
1506
1456
1281
1360
1245
1152
1008
1049
938
923
881
832
770
832
736
658
658
597
528
576
560
500
448
402
458
515
418
372
421
264
368
344
264
288
224
288
272
277
236
10000
208
368
554
688
800
1008
1162
1274
1408
1428
1629
1687
1698
1793
1946
2076
2119
2143
2224
2321
2317
2427
2450
2479
2544
2511
2634
2627
2749
2661
2794
2763
2751
2839
2815
2831
2786
2899
2851
2907
2899
2883
2991
2983
2991
3007
3071
3069
3089
3111
10000
2927
2711
2559
2413
2287
2215
2041
1889
1687
1626
1616
1529
1421
1351
1248
1121
1142
992
992
982
810
880
784
832
814
700
656
722
646
644
632
576
530
557
580
468
432
428
448
468
460
377
332
64
321
268
276
244
272
201
10000
208
432
576
625
859
1008
1049
1245
1329
1441
1584
1616
1698
1863
1909
2021
2079
2141
2223
2267
2352
2411
2475
2417
2559
2599
2647
2651
2631
2719
2775
2707
2833
2879
2879
2853
2879
2841
2895
2960
2975
2943
2943
2973
3071
3094
3023
2971
2967
3031
10000
2901
2731
2559
2399
2239
2162
2001
1873
1769
1727
1535
1474
1418
1389
1217
1200
1072
1074
1022
960
916
848
804
752
748
842
662
634
628
532
524
579
496
474
406
461
457
448
384
344
384
320
352
256
304
280
256
328
296
242
10000
208
363
562
664
846
901
1064
1264
1323
1488
1568
1652
1765
1879
1904
1968
2103
2199
2192
2271
2311
2379
2396
2419
2510
2559
2599
2663
2663
2673
2669
2691
2799
2791
2837
2807
2948
2811
2919
2897
2893
2998
2973
2971
3111
2939
3039
3035
2975
3047
10000
2991
2778
2639
2431
2256
2155
1936
1855
1799
1648
1535
1479
1436
1264
1242
1152
1152
1052
978
924
909
884
789
784
768
720
696
660
640
570
595
538
536
473
507
416
432
440
336
402
430
464
377
336
321
256
280
320
288
289
10000
218
368
539
729
770
944
1070
1232
1304
1492
1591
1647
1803
1785
1919
1919
2061
2215
2224
2317
2382
2342
2433
2525
2491
2543
2622
2647
2743
2699
2767
2723
2847
2843
2783
2871
2903
2917
2899
2883
2961
2899
3019
3011
2983
2967
2983
2999
3015
2991
10000
2950
2799
2559
2407
2220
2069
1960
1883
1794
1662
1607
1585
1373
1360
1296
1200
1204
1134
1004
954
870
829
826
843
744
662
688
722
688
616
576
516
522
496
448
534
424
409
458
410
352
288
310
248
216
212
225
272
208
230
10000
210
410
487
664
873
960
1020
1200
1315
1529
1581
1674
1747
1855
1915
1970
2085
2207
2234
2307
2335
2389
2391
2495
2502
2547
2609
2717
2550
2661
2725
2766
2769
2831
2847
2867
2885
2837
2839
2929
2879
3035
3027
2903
2931
2943
2999
3039
3039
2999
10000
3024
2815
2543
2379
2263
2227
1981
1847
1721
1651
1510
1557
1349
1338
1200
1182
1165
1040
1006
933
896
869
834
752
704
741
704
656
576
536
554
492
499
545
528
504
417
466
384
404
298
368
336
309
320
280
282
220
256
273
10000
228
360
540
658
846
992
1096
1182
1313
1417
1574
1712
1722
1813
1923
2059
2096
2095
2294
2352
2331
2357
2417
2539
2527
2671
2597
2653
2639
2655
2711
2851
2759
2747
2788
2851
2863
2858
2928
2997
2877
2879
2987
2998
3007
2995
3011
3015
3026
3056
10000
2854
2775
2535
2395
2255
2067
2005
1958
1759
1647
1535
1443
1398
1355
1264
1233
1112
1124
976
972
948
913
848
810
800
741
656
627
562
592
640
576
488
440
560
458
448
410
356
384
324
358
224
288
292
293
240
256
242
260
10000
304
400
618
707
840
988
1090
1264
1360
1437
1598
1795
1744
1920
1963
2035
2118
2117
2255
2295
2283
2365
2480
2487
2480
2515
2627
2619
2655
2639
2725
2734
2822
2802
2859
2769
2855
2875
2807
2863
2963
2935
2951
3007
3038
3071
3071
3007
3141
3067
10000
2951
2757
2644
2470
2254
2107
1977
1847
1830
1642
1565
1462
1376
1283
1178
1141
1200
1068
973
922
918
788
749
784
738
713
640
692
676
592
592
561
492
552
546
490
444
464
352
448
336
348
369
362
368
340
227
258
280
193
10000
196
349
538
683
821
937
1021
1240
1396
1398
1584
1640
1684
1833
1875
2014
2078
2139
2187
2290
2374
2383
2384
2597
2523
2644
2531
2739
2685
2735
2739
2725
2795
2781
2839
2879
2943
2886
2943
2879
2991
2910
2967
2943
2943
2928
2963
2962
3046
3021
10000
2815
2755
2602
2293
2259
2094
1969
1868
1840
1617
1588
1481
1420
1338
1234
1219
1133
1086
1056
938
909
880
760
822
741
811
649
576
628
522
584
560
498
480
540
352
448
320
290
386
352
272
264
370
274
264
208
266
241
144
10000
144
448
532
698
808
953
1018
1250
1360
1429
1558
1715
1783
1783
1881
2081
2115
2170
2237
2314
2341
2431
2384
2480
2513
2475
2544
2630
2669
2686
2727
2741
2851
2743
2839
2851
2974
2911
2927
2927
3023
2883
3031
2949
3039
3095
2963
3030
3013
3071
10000
2959
2715
2605
2371
2282
2066
2035
1817
1770
1658
1600
1469
1458
1289
1305
1141
1144
1077
960
1030
848
838
780
784
773
748
634
610
620
608
528
560
506
472
416
525
441
408
348
312
356
346
356
296
240
304
320
194
294
176
10000
244
357
550
736
788
910
1072
1264
1354
1468
1563
1673
1840
1826
1948
1975
2069
2193
2197
2330
2383
2330
2447
2477
2499
2545
2551
2623
2703
2705
2687
2775
2743
2775
2835
2841
2783
2871
2951
2863
2959
2896
2975
2959
2943
2987
3039
3043
3015
3035
10000
2975
2739
2559
2465
2261
2137
2017
1894
1769
1738
1557
1482
1386
1328
1262
1145
1040
960
998
937
898
869
839
768
726
752
656
704
644
592
521
532
524
566
435
480
456
338
400
324
388
320
396
264
224
320
208
218
240
240
10000
214
424
588
673
820
968
1121
1184
1376
1491
1648
1738
1822
1943
1999
2100
2096
2297
2291
2299
2411
2418
2470
2547
2551
2591
2677
2646
2683
2763
2706
2755
2802
2815
2802
2865
2871
2837
2898
2915
2967
3035
3019
2895
2981
2975
2943
2999
3088
3123
10000
2943
2775
2511
2427
2266
2095
1942
1968
1690
1621
1535
1423
1344
1264
1170
1118
1062
1022
912
796
832
814
794
686
750
648
650
617
549
494
474
528
432
442
496
368
425
336
256
328
209
266
276
288
272
241
272
280
160
210
10000
104
376
481
672
776
882
1016
1180
1428
1497
1581
1728
1810
1985
2039
2047
2143
2224
2295
2305
2318
2431
2518
2453
2559
2607
2631
2623
2757
2671
2823
2861
2821
2966
2861
2935
3039
2951
2837
2927
2925
2928
3063
2999
2949
3047
3047
2979
2999
3007
10000
2989
2711
2519
2335
2163
2068
1907
1856
1772
1583
1558
1424
1322
1237
1207
1125
992
1022
872
870
768
746
784
745
640
698
608
522
450
576
473
472
426
416
421
416
364
373
356
276
258
304
272
344
302
240
230
256
164
200
10000
160
306
618
625
758
946
1114
1224
1232
1453
1600
1627
1811
1935
2033
2002
2068
2163
2267
2309
2404
2427
2423
2497
2595
2615
2669
2611
2698
2739
2790
2743
2863
2875
2895
2851
2871
2883
3059
2887
2943
2911
3047
3007
3023
3071
2971
2981
3039
3027
10000
2891
2719
2599
2366
2214
2126
1902
1819
1712
1623
1527
1392
1305
1237
1156
1102
970
945
886
860
907
849
790
768
747
672
626
613
566
528
560
450
461
454
384
436
384
408
362
352
320
320
304
240
282
216
290
264
192
192
10000
141
400
554
720
880
1011
1120
1273
1409
1529
1654
1719
1821
1914
1979
2163
2131
2254
2245
2405
2416
2423
2518
2555
2701
2687
2671
2651
2719
2731
2807
2834
2787
2871
2847
2917
2951
2864
2891
2991
3067
2971
2975
3056
3055
3023
2979
3053
3025
3035
10000
2975
2807
2559
2384
2174
2083
1953
1847
1717
1645
1518
1382
1440
1350
1117
1096
1030
1002
940
805
876
784
752
697
705
736
656
626
601
556
544
474
474
465
403
332
432
330
342
304
306
256
304
228
258
240
210
266
140
272
10000
192
386
548
769
876
1056
1136
1321
1428
1632
1619
1776
1805
1921
1971
2054
2210
2222
2239
2369
2437
2423
2465
2450
2543
2621
2618
2675
2735
2749
2763
2839
2779
2877
2927
2879
2911
2983
2927
2983
2943
3031
2971
3035
3023
3006
3019
3103
3166
3045
10000
2887
2751
2491
2411
2193
2139
1916
1823
1765
1570
1586
1466
1363
1264
1225
1166
1062
1037
953
908
813
792
725
656
752
704
674
608
536
496
528
496
496
436
448
458
322
393
340
256
296
320
256
240
304
292
192
193
264
148
10000
184
368
528
732
792
969
1042
1312
1370
1569
1621
1717
1879
1905
2000
2144
2173
2130
2351
2367
2447
2487
2559
2615
2595
2631
2693
2731
2711
2762
2823
2743
2885
2859
2896
2897
2911
2975
3051
3071
2951
2989
3039
3027
3025
3091
3099
3094
3071
2991
10000
2939
2704
2531
2343
2243
2154
1963
1835
1726
1646
1510
1406
1413
1274
1200
1184
1033
1032
954
939
928
842
756
732
758
686
667
628
555
577
522
548
460
411
402
432
330
290
320
352
309
340
260
272
260
268
236
210
276
244
10000
188
348
477
672
834
1072
1200
1235
1437
1552
1645
1760
1889
1943
2015
2055
2150
2266
2255
2313
2399
2481
2437
2559
2583
2611
2661
2751
2754
2677
2815
2719
2866
2851
2866
2827
2879
2953
2889
2999
2959
3021
2917
3039
3087
2989
3091
3030
3123
3067
10000
2995
2719
2606
2395
2335
2122
1907
1890
1744
1605
1484
1322
1333
1319
1210
1171
907
1012
944
900
913
832
806
729
722
721
650
600
596
496
585
437
437
464
448
458
384
344
468
400
400
434
323
256
320
250
228
272
256
176
10000
170
360
460
650
933
972
1156
1235
1373
1507
1678
1709
1777
1904
2005
2159
2094
2267
2267
2387
2393
2518
2505
2526
2541
2671
2675
2683
2685
2823
2815
2807
2845
2897
2887
2897
2867
2887
2933
2943
2931
2993
3051
2943
3099
3207
3071
2983
3029
2995
10000
2963
2719
2467
2399
2189
2074
1952
1855
1749
1635
1566
1408
1369
1265
1196
1178
1088
1062
864
864
800
848
748
752
684
604
576
652
593
592
