496
506
464
441
429
387
368
320
358
304
312
265
329
240
240
156
216
212
224
232
10000
170
354
563
708
816
874
1073
1208
1317
1490
1575
1744
1847
1931
2055
2083
2159
2139
2288
2347
2477
2485
2467
2505
2595
2627
2595
2671
2663
2673
2800
2719
2815
2887
2867
2839
2907
2906
2955
3030
3007
2943
2951
2871
2935
3063
3023
3103
3175
3019
10000
2974
2672
2559
2433
2255
2023
1861
1837
1758
1587
1561
1418
1430
1328
1190
1137
1094
1013
995
880
872
816
752
629
709
624
592
630
552
560
560
544
485
440
424
384
420
412
354
320
256
352
342
320
248
216
208
260
208
256
10000
192
320
562
726
842
976
1076
1260
1330
1532
1659
1783
1824
1833
2010
2125
2158
2249
2271
2331
2384
2471
2487
2595
2545
2693
2675
2715
2771
2707
2773
2863
2843
2815
2938
2925
2899
2939
2975
3007
2994
2995
2943
2993
3055
3055
3055
3039
3088
3059
10000
2991
2694
2547
2351
2230
2112
1917
1885
1748
1647
1506
1477
1344
1152
1239
1178
1011
1051
970
936
890
856
722
772
688
752
578
560
520
496
524
538
509
473
432
390
332
384
320
370
344
305
384
256
314
240
266
240
312
196
10000
181
398
523
704
884
1066
1113
1273
1408
1506
1674
1841
1925
1927
1973
2151
2163
2263
2303
2359
2409
2491
2559
2595
2626
2607
2699
2641
2733
2698
2755
2847
2847
2907
2903
2885
2907
3043
2935
2983
2992
3039
3021
2975
3062
3131
2991
3119
3109
3117
10000
2987
2747
2527
2402
2186
2064
2032
1836
1657
1645
1525
1443
1308
1344
1242
1074
978
1057
994
926
846
822
810
704
664
677
698
608
601
632
618
530
482
532
432
385
410
374
400
345
306
260
320
352
240
282
256
184
224
304
10000
240
400
560
752
784
1001
1074
1372
1490
1529
1606
1718
1846
1957
2019
2086
2220
2187
2279
2416
2482
2491
2465
2559
2589
2655
2737
2702
2771
2725
2801
2860
2855
2923
2903
2835
2893
2922
2955
2935
2959
2999
3057
2971
3007
3043
2999
3007
3055
3095
10000
2999
2768
2590
2355
2261
2031
1939
1871
1682
1604
1564
1438
1338
1302
1202
1168
1060
982
954
897
902
762
752
744
628
624
642
608
552
480
556
593
548
486
408
416
368
376
290
406
326
320
280
282
272
244
272
256
169
130
10000
147
297
544
696
866
865
1124
1333
1431
1470
1630
1687
1841
1937
1979
2086
2186
2189
2246
2353
2410
2497
2559
2533
2640
2682
2695
2717
2783
2759
2843
2831
2815
2827
2807
2871
2959
2939
2935
2997
2943
2935
3061
3039
3043
3057
3071
3071
3089
3135
10000
2939
2754
2527
2382
2195
2082
1923
1806
1643
1641
1433
1389
1285
1272
1204
1070
995
944
994
848
829
753
776
682
768
640
618
592
580
537
500
436
472
432
470
368
384
288
346
304
312
336
293
288
266
276
184
293
192
176
10000
156
352
501
648
820
999
1125
1154
1328
1478
1618
1666
1773
1943
2061
1999
2114
2162
2219
2379
2334
2403
2421
2591
2591
2623
2678
2641
2743
2789
2699
2847
2799
2919
2911
2871
2901
2885
2959
2864
2925
2939
2941
2965
2971
2971
2989
3115
2975
2959
10000
2923
2751
2495
2359
2287
2077
2010
1851
1799
1615
1511
1429
1374
1252
1129
1182
1013
1060
966
928
796
794
760
658
698
711
593
640
614
544
568
448
429
464
454
360
312
333
322
404
272
341
276
240
248
224
272
176
208
130
10000
304
272
576
704
748
995
1152
1304
1395
1488
1575
1673
1871
1950
1968
2058
2179
2130
2320
2267
2417
2471
2483
2495
2603
2663
2599
2701
2758
2711
2775
2811
2838
2782
2807
2831
2947
2979
2943
2991
2911
2960
2983
3039
3139
2975
3071
3099
3023
3067
10000
3044
2831
2635
2439
2333
2098
1993
1840
1714
1648
1510
1462
1388
1232
1160
1115
1072
1011
905
821
880
837
791
738
692
698
662
624
500
536
450
464
483
519
420
384
332
369
402
394
384
353
224
288
329
256
212
248
152
228
10000
160
316
544
704
822
968
1088
1283
1300
1507
1598
1759
1870
1968
2064
2103
2185
2267
2275
2325
2343
2455
2551
2595
2531
2657
2631
2687
2755
2719
2835
2791
2811
2927
2879
2859
2919
2947
2827
2975
2966
2974
2919
3069
3025
3054
3023
3091
3059
3071
10000
2959
2795
2643
2387
2192
2046
2023
1827
1795
1633
1558
1465
1390
1312
1221
1109
1006
993
928
896
960
848
752
760
657
632
684
716
602
588
547
536
490
454
442
402
394
321
400
372
260
304
272
296
272
244
288
86
264
226
10000
181
432
544
668
851
1023
1154
1261
1458
1535
1667
1819
1813
2027
1945
2074
2177
2323
2269
2383
2406
2486
2466
2453
2623
2631
2701
2631
2707
2755
2686
2863
2807
2839
2863
2879
2958
2919
2960
2959
3063
3019
2943
3043
3023
3055
3039
3107
3107
3057
10000
3019
2757
2663
2415
2221
2031
1969
1835
1776
1635
1520
1440
1360
1251
1176
1152
1097
976
948
868
898
806
816
757
676
602
616
601
564
570
504
457
500
453
440
416
288
370
384
352
304
336
260
224
270
246
229
240
272
232
10000
200
374
562
695
880
1030
1168
1274
1443
1520
1615
1703
1869
1945
2030
2105
2155
2218
2298
2382
2416
2390
2602
2559
2679
2538
2653
2679
2755
2739
2749
2795
2801
2835
2864
2935
2903
2895
2949
2931
2971
2981
2939
3047
3031
3015
3071
3057
3111
3151
10000
2991
2691
2559
2343
2225
2031
1996
1855
1694
1666
1574
1496
1434
1344
1181
1088
1073
1008
1028
919
832
828
768
786
711
752
659
634
608
472
580
504
496
390
432
468
386
432
336
272
354
306
306
248
320
272
194
180
256
240
10000
176
328
536
729
840
976
1116
1269
1446
1485
1601
1749
1869
1931
2094
2096
2179
2245
2315
2409
2403
2370
2559
2527
2585
2627
2607
2701
2739
2747
2791
2847
2859
2931
2903
2935
2975
3003
3015
2975
3038
3013
2943
2993
3015
3039
3071
2999
3087
3071
10000
3003
2775
2499
2399
2225
2145
1997
1841
1817
1581
1568
1424
1344
1259
1218
1037
1098
940
931
918
929
826
805
666
688
664
688
608
565
584
556
474
496
473
484
468
370
352
300
408
326
384
280
288
283
316
240
280
288
227
10000
200
432
570
704
813
998
1125
1168
1376
1429
1660
1697
1803
1886
2041
2019
2163
2262
2271
2308
2374
2519
2461
2614
2559
2607
2727
2651
2709
2867
2815
2797
2802
2866
2854
2895
2899
2951
2995
3047
2973
2999
3007
3071
3019
3071
3035
3027
2994
2960
10000
2975
2693
2513
2398
2286
2083
1897
1772
1711
1616
1531
1421
1321
1258
1088
1149
1048
1012
1000
886
842
768
756
724
730
594
604
616
544
532
473
504
496
432
400
410
306
360
274
376
384
258
208
262
192
240
272
204
230
161
10000
184
339
548
640
746
935
1124
1191
1466
1492
1610
1733
1743
1850
2032
2109
2147
2222
2295
2358
2383
2480
2501
2471
2559
2610
2605
2695
2663
2723
2786
2800
2871
2815
2853
2903
2846
2943
3011
3023
2993
2983
2992
3039
2981
2994
3028
3069
3013
3063
10000
3003
2751
2555
2399
2288
2135
2079
1815
1744
1724
1520
1472
1360
1212
1232
1140
1097
1096
915
788
887
816
891
707
720
664
540
628
659
608
596
582
508
424
448
453
433
416
342
361
420
384
308
338
388
224
256
227
276
236
10000
248
492
640
740
925
986
1153
1232
1405
1589
1554
1701
1883
1909
2043
2161
2175
2255
2321
2385
2471
2416
2539
2546
2651
2627
2743
2751
2807
2742
2779
2864
2910
2999
2887
2919
2943
2951
3025
2925
3071
3071
3046
3071
3006
3095
3153
3155
3071
3093
10000
2922
2743
2609
2381
2259
2096
1941
1872
1781
1651
1509
1396
1395
1264
1248
1152
1064
976
964
866
774
919
712
817
752
675
602
620
524
550
516
472
448
416
371
416
336
389
392
394
288
212
272
192
209
232
184
272
204
192
10000
208
357
544
720
808
979
1115
1229
1282
1463
1654
1719
1733
1939
1936
1999
2011
2158
2256
2307
2349
2383
2480
2487
2495
2511
2606
2684
2694
2683
2702
2859
2779
2865
2751
2882
2807
2891
2879
2875
2867
2949
2864
2878
2963
2959
2973
2934
3143
2935
10000
2878
2735
2501
2256
2211
2084
1879
1764
1685
1578
1498
1376
1280
1136
1085
1072
976
928
964
841
836
835
708
640
576
628
508
548
528
504
530
426
384
330
348
336
336
272
312
234
304
256
258
256
202
240
160
113
85
128
10000
114
338
539
552
820
890
1072
1216
1299
1392
1495
1632
1831
1953
1959
2015
2058
2193
2266
2289
2385
2339
2335
2448
2591
2559
2583
2603
2719
2719
2775
2779
2731
2803
2871
2847
2869
2991
2879
2961
2895
2961
2939
2929
2979
2993
3039
3007
29
29
3015
3014
3087
3007
3029
10000
2967
2727
2483
2390
2203
2031
1958
1853
1668
1648
1584
1358
1335
1330
1232
1162
1048
1046
920
860
901
784
871
740
704
644
592
640
576
528
576
500
496
341
448
354
396
344
312
384
368
288
264
296
192
256
154
276
206
208
10000
226
428
492
660
880
1040
1141
1237
1456
1444
1584
1759
1838
1919
1979
2087
2082
2245
2275
2366
2386
2419
2559
2511
2623
2633
2673
2731
2725
2731
2717
2775
2871
2863
2959
2907
2922
2939
2863
2911
3023
2783
2974
3102
2973
3071
3053
3015
3157
3123
10000
2929
2736
2559
2335
2277
2094
1869
1859
1717
1578
1611
1379
1326
1262
1169
1092
1066
990
912
945
850
876
756
708
657
626
688
560
612
549
562
522
526
492
437
400
432
448
368
340
288
352
240
284
320
256
288
214
245
208
10000
114
368
564
700
816
1098
1184
1276
1456
1523
1653
1705
1825
1706
2047
2043
2160
2167
2277
2352
2422
2422
2619
2555
2557
2625
2663
2727
2733
2701
2759
2927
2831
2811
2983
2943
2833
2947
2863
2971
2979
2957
3015
2875
3014
3025
2993
3047
3071
3071
10000
2891
2655
2519
2354
2187
2062
1971
1826
1671
1613
1605
1433
1366
1321
1273
1127
1033
1001
838
896
945
781
834
806
698
640
656
628
562
544
510
520
492
612
416
400
396
368
330
296
322
320
274
304
216
172
297
202
209
208
10000
160
348
544
761
912
944
1148
1245
1357
1486
1659
1674
1839
1838
1894
2100
2170
2160
2204
2289
2399
2467
2455
2527
2553
2627
2607
2663
2683
2775
2730
2742
2791
2831
2871
2911
2883
2955
2935
3007
2941
2983
2973
2973
2947
3127
3071
3095
3015
3103
10000
2879
2763
2597
2319
2287
2112
1904
1853
1719
1466
1467
1392
1362
1271
1214
1034
1040
989
970
896
880
844
736
713
704
697
688
612
624
560
504
466
558
376
459
432
404
460
352
400
320
345
273
352
298
266
260
226
228
178
10000
272
240
520
768
885
946
1166
1280
1385
1449
1607
1712
1805
1872
1947
2083
2079
2190
2253
2369
2427
2351
2445
2597
2594
2559
2691
2677
2642
2729
2702
2893
2815
2887
2843
2907
2891
2947
2943
2965
2943
3023
3011
2975
2959
2974
3053
2931
3103
3071
10000
2855
2783
2529
2407
2192
2127
1941
1850
1649
1638
1584
1484
1310
1285
1248
1072
1072
965
992
922
806
990
752
746
688
609
709
603
604
528
433
466
400
518
457
404
356
428
334
368
368
276
240
320
290
256
216
197
284
162
10000
160
380
560
662
896
1068
1144
1250
1403
1535
1615
1776
1811
1948
2058
2082
2183
2243
2320
2347
2347
2405
2438
2559
2587
2631
2631
2702
2741
2707
2811
2737
2795
2831
2829
2835
2935
2939
2929
2895
2960
2960
2919
3007
3071
3123
3088
3007
3055
3147
10000
2943
2735
2547
2417
2271
2080
1907
1862
1747
1600
1488
1410
1344
1259
1181
1170
1034
974
890
960
807
860
756
832
685
611
676
673
617
576
497
592
488
481
468
448
402
365
417
336
304
363
288
304
280
265
308
224
246
264
10000
218
340
508
676
820
931
1125
1249
1459
1446
1561
1712
1808
1893
1956
2011
2091
2279
2288
2226
2391
2353
2450
2498
2623
2497
2662
2687
2693
2769
2751
2863
2827
2927
2895
2899
2887
2879
3007
2961
2965
2879
3023
2992
3071
3071
3109
2939
3055
3099
10000
2918
2687
2544
2363
2273
2087
1951
1856
1726
1616
1561
1408
1358
1374
1239
1148
1110
1061
968
848
848
801
846
768
665
592
684
660
522
597
432
410
462
484
405
480
404
336
304
224
312
300
304
368
266
88
168
258
242
212
10000
197
422
585
725
835
1008
1125
1320
1385
1520
1577
1690
1884
1882
2067
2098
2218
2211
2215
2397
2431
2469
2495
2495
2559
2559
2655
2661
2659
2759
2749
2761
2915
2899
2865
2829
2843
2917
2951
2999
2959
2999
2975
2979
3063
3051
3049
3039
3151
3167
10000
2939
2655
2613
2445
2247
2096
1967
1799
1787
1647
1497
1393
1354
1313
1216
1135
1029
1038
936
961
832
852
844
714
682
676
632
645
592
621
485
525
469
546
448
416
400
336
434
336
353
308
304
328
314
280
256
264
277
148
10000
144
384
515
732
820
930
1069
1358
1433
1493
1667
1735
1817
1919
2039
2019
2118
2199
2275
2343
2387
2481
2513
2519
2611
2693
2719
2723
2767
2719
2807
2771
2859
2771
2851
2927
2897
2823
2911
2896
2992
2853
2975
2959
2989
3056
3147
3015
3019
2991
10000
3027
2807
2527
2382
2306
2045
1914
1897
1751
1641
1514
1408
1394
1339
1193
1136
1069
909
949
961
909
912
816
729
680
738
582
652
608
516
502
469
448
474
420
384
406
340
282
325
309
245
274
264
268
228
310
306
268
204
10000
224
424
566
610
849
980
1049
1280
1387
1494
1650
1733
1879
1919
2073
2126
2140
2279
2274
2367
2389
2402
2422
2595
2587
2547
2651
2679
2687
2775
2815
2783
2837
2805
2887
2915
2896
2975
2929
2983
2957
2995
2981
2979
2999
2929
3071
3107
3175
3061
10000
3007
2709
2543
2339
2251
2113
1968
1807
1679
1604
1462
1426
1371
1296
1225
1104
1032
1029
976
848
858
769
812
708
709
688
640
544
589
560
480
432
634
416
408
457
448
332
402
336
332
344
272
208
312
232
184
288
260
256
10000
352
332
508
629
885
1010
1152
1296
1348
1456
1631
1738
1776
1862
2014
1964
2195
2274
2235
2343
2449
2442
2482
2514
2643
2638
2587
2691
2833
2707
2775
2800
2832
2843
2825
2887
2901
2838
2951
2927
2953
2965
2999
2929
3051
3071
3063
3095
3071
3141
10000
3003
2640
2635
2427
2234
2137
2008
1818
1741
1654
1583
1513
1345
1306
1254
1104
1040
960
944
966
846
820
746
742
674
618
656
672
614
556
480
467
510
448
464
432
384
440
324
386
338
262
264
274
202
294
288
266
216
228
10000
208
404
560
706
832
979
1104
1294
1385
1440
1575
1781
1759
1893
1989
2128
2192
2214
2254
2320
2358
2479
2537
2559
2595
2633
2659
2703
2669
2695
2733
2771
2851
2823
2907
2949
2974
2939
3015
2967
2991
2943
3023
2995
3038
3063
3027
2929
2983
2971
10000
3007
2733
2503
2351
2223
2112
1936
1839
1763
1594
1570
1437
1437
1275
1185
1130
1040
1133
908
876
877
760
784
672
736
720
656
648
636
640
562
560
460
418
396
432
456
353
376
314
248
396
345
308
312
213
256
224
200
194
10000
196
304
640
628
885
900
1006
1321
1360
1491
1592
1772
1763
1927
1957
2069
2129
2227
2297
2386
2427
2497
2455
2631
2631
2608
2672
2751
2667
2703
2726
2855
2851
2747
2837
2886
2851
2943
2827
2862
2855
2949
2962
2973
3057
3003
3088
3059
3087
3057
10000
2943
2718
2607
2320
2190
2014
2087
1869
1785
1661
1520
1413
1346
1175
1216
1143
1157
1017
880
873
912
885
740
721
742
704
624
628
577
576
538
496
505
508
411
368
208
384
320
368
320
331
284
292
256
272
232
203
214
256
10000
218
329
571
656
869
1000
1145
1264
1395
1530
1664
1742
1824
1938
1995
2066
2302
2287
2320
2334
2401
2391
2541
2511
2631
2513
2626
2703
2701
2655
2767
2770
2805
2891
2922
2897
2757
2973
2982
2950
3043
2917
3101
2983
3043
3056
3071
3117
3105
3063
10000
3006
2751
2559
2407
2282
2058
1991
1881
1728
1636
1516
1397
1312
1242
1201
1196
1029
938
960
916
836
789
785
737
733
768
645
632
556
599
586
472
455
524
450
426
386
376
404
289
304
336
336
272
288
280
260
224
226
208
10000
256
304
560
694
844
1018
1072
1285
1409
1529
1607
1860
1747
1890
1984
1983
2149
2224
2224
2418
2351
2457
2499
2559
2559
2672
2635
2719
2737
2781
2773
2799
2815
2804
2711
2897
2815
3011
2931
2991
3009
2943
2987
2943
3031
2975
2963
3007
3067
3093
10000
2902
2719
2631
2369
2183
2112
1827
1855
1645
1600
1458
1331
1383
1296
1194
1164
1084
1044
901
978
822
844
737
768
634
740
592
608
644
608
464
441
426
401
362
400
416
360
166
360
282
164
312
312
312
288
192
226
208
224
10000
161
400
560
688
876
934
1147
1290
1408
1497
1664
1707
1932
1950
1978
2171
2192
2283
2246
2330
2439
2416
2471
2495
2515
2675
2693
2625
2719
2727
2741
2837
2811
2869
2918
2854
2901
2931
2975
3025
2995
2931
2947
3027
3011
3103
3143
3037
3071
3047
10000
2903
2765
2551
2484
2243
2034
2013
1761
1719
1616
1535
1407
1366
1333
1114
1072
1133
948
944
876
809
848
784
736
653
626
609
560
594
560
480
533
480
454
384
464
372
360
400
224
401
321
256
320
281
232
260
240
234
192
10000
178
364
584
698
778
985
1140
1257
1424
1504
1573
1739
1761
1840
1965
2084
2203
2239
2235
2303
2317
2439
2415
2523
2559
2559
2630
2705
2699
2783
2783
2815
2887
2894
2859
2899
2971
2975
2859
2975
2959
2991
3061
2983
3057
2975
3015
3007
3111
3063
10000
2978
2702
2623
2361
2311
2065
1987
1840
1761
1619
1590
1417
1389
1357
1166
1105
1091
1104
938
944
875
818
842
768
742
705
640
504
650
529
556
554
448
480
395
452
464
320
368
276
288
244
304
256
289
208
280
256
192
152
10000
105
320
612
688
905
912
1168
1232
1386
1535
1598
1666
1825
1917
2018
2185
2139
2229
2263
2303
2434
2416
2487
2559
2507
2605
2615
2663
2681
2759
2755
2815
2827
2891
2879
2931
2879
2877
2895
2963
2911
3055
2919
2975
2939
3003
3039
3051
3127
3155
10000
2910
2727
2515
2379
2199
2073
2023
1831
1712
1626
1535
1410
1332
1278
1229
1108
1042
973
994
868
912
834
836
704
713
676
658
608
528
576
480
596
472
480
448
496
388
368
400
354
320
258
280
240
272
232
264
300
240
208
10000
172
462
570
648
832
965
1034
1181
1364
1456
1535
1697
1818
1903
1970
2063
2167
2226
2339
2299
2377
2435
2463
2463
2623
2671
2671
2655
2775
2699
2815
2863
2895
2815
2847
2903
2930
2917
2879
2898
2935
3023
2966
3239
3021
3055
3071
3056
3071
3103
10000
3026
2736
2559
2341
2262
2067
1911
1906
1695
1648
1591
1477
1339
1254
1240
1108
1018
974
1006
920
880
848
768
792
657
656
650
656
562
538
496
458
430
576
464
443
278
336
400
406
310
336
304
232
256
336
196
176
256
256
10000
256
384
572
710
860
944
1120
1311
1368
1535
1616
1749
1869
1823
1987
2032
2047
2221
2293
2330
2439
2427
2511
2557
2535
2543
2699
2659
2625
2762
2731
2874
2801
2803
2895
2859
2865
2961
2925
2995
2887
2943
3015
3023
3122
3071
3103
3088
2982
3120
10000
2989
2737
2559
2320
2245
2071
1983
1857
1715
1681
1535
1378
1305
1344
1232
1106
1072
1051
969
881
777
752
777
730
664
768
660
544
646
546
474
551
528
385
240
400
384
400
354
580
320
265
300
320
272
304
275
224
208
244
10000
212
398
557
676
810
962
1126
1225
1414
1520
1630
1685
1872
1947
1905
2022
2131
2211
2331
2454
2349
2383
2471
2555
2523
2624
2675
2631
2751
2773
2725
2807
2899
2775
2865
2839
2929
2909
2879
2847
2897
2955
2978
2983
3019
2975
3035
2955
3127
3227
10000
2835
2725
2511
2435
2269
2125
1974
1711
1808
1665
1456
1349
1399
1238
1233
1099
1125
1026
1050
848
860
784
720
768
736
664
688
682
600
617
517
528
464
467
411
400
378
400
300
394
338
234
288
312
284
272
240
228
280
264
10000
160
320
598
661
883
900
1097
1337
1402
1514
1587
1747
1814
1951
1967
2187
2123
2235
2255
2367
2395
2509
2475
2481
2555
2625
2605
2703
2695
2747
2779
2783
2807
2879
2791
2795
2933
2869
2927
2950
2935
3007
2951
2983
3003
3027
3045
3119
3071
3163
10000
2959
2805
2494
2291
2263
2127
1935
1871
1759
1687
1533
1473
1372
1254
1202
1118
1104
976
929
880
832
816
811
784
665
666
683
624
657
562
576
540
464
459
452
432
388
396
336
336
320
345
352
176
233
244
312
218
224
204
10000
154
416
526
706
845
933
1168
1264
1376
1488
1678
1726
1856
1858
2029
2039
2159
2143
2303
2423
2386
2253
2430
2461
2599
2559
2699
2651
2677
2822
2704
2835
2853
2851
2859
2907
2923
2917
2927
3019
2959
3025
2911
3015
3045
2951
3003
3058
3007
3059
10000
2993
2702
2479
2324
2186
2106
1950
1809
1805
1627
1552
1488
1353
1296
1286
1118
1016
1006
983
912
864
757
768
736
728
720
640
620
578
480
592
528
560
426
369
442
384
336
368
384
432
244
332
304
308
264
176
184
176
192
10000
162
400
566
739
776
997
1104
1344
1509
1524
1621
1718
1808
1997
2001
2082
2123
2257
2303
2411
2324
2463
2495
2559
2499
2431
2647
2662
2730
2727
2772
2827
2842
2855
2955
2931
2903
2941
2990
2911
3007
2935
3047
3035
3058
3007
3003
3071
3107
3057
10000
2963
2747
2607
2347
2210
2093
1950
1847
1690
1616
1585
1350
1344
1221
1107
1190
1018
998
947
912
838
752
748
624
690
705
668
501
580
627
541
496
546
448
406
480
320
452
368
409
304
336
306
320
241
266
246
280
208
192
10000
200
400
530
674
848
928
1070
1230
1370
1436
1635
1697
1773
1897
1985
2093
2176
2199
2337
2354
2403
2479
2555
2501
2517
2611
2637
2631
2731
2859
2735
2759
2815
2864
2799
2911
2915
2878
2993
2919
2927
2925
3007
2964
3019
3056
3007
2991
3007
3055
10000
2910
2739
2512
2359
2256
2068
1945
1885
1661
1625
1525
1396
1398
1264
1184
1196
1012
1044
961
896
866
864
678
748
700
712
590
580
624
538
569
461
432
450
357
416
393
360
320
336
226
336
240
296
216
226
272
280
226
228
10000
216
320
517
683
889
1008
1148
1270
1399
1478
1628
1680
1797
1953
2000
2065
2154
2379
2279
2377
2347
2519
2555
2453
2599
2655
2739
2800
2731
2799
2749
2767
2755
2863
2919
2834
2879
2931
2927
2957
2907
3067
3024
2992
3071
3019
2991
3071
3062
3039
10000
2953
2801
2624
2337
2269
2090
2013
1845
1710
1664
1527
1504
1412
1285
1258
1125
1040
1050
880
861
792
756
772
698
718
640
690
576
550
480
474
499
544
486
438
418
400
432
288
304
396
244
336
282
304
288
304
192
160
240
10000
136
432
468
704
912
957
1088
1264
1366
1488
1680
1727
1759
1936
1968
2027
2153
2205
2225
2303
2431
2475
2478
2517
2542
2639
2667
2687
2691
2781
2803
2819
2831
2807
2877
2843
2831
2879
2847
2942
2907
3023
2955
3103
3047
2983
3023
3037
2994
3007
10000
2927
2687
2559
2383
2247
2109
1942
1895
1774
1637
1522
1487
1332
1259
1220
1152
1099
976
960
960
874
764
756
752
725
688
704
576
594
502
496
456
424
432
357
416
416
400
352
368
275
330
266
304
290
276
274
210
260
256
10000
188
362
558
657
842
944
1114
1318
1323
1520
1626
1739
1808
1879
1986
2070
2109
2159
2259
2295
2410
2371
2491
2512
2601
2646
2725
2683
2687
2758
2739
2747
2827
2832
2943
2923
2967
2963
2975
3003
2955
2929
3101
3055
2943
3031
3063
3071
3071
3039
10000
3019
2779
2535
2355
2209
2151
1974
1856
1775
1663
1481
1465
1232
1252
1180
1129
1102
970
995
868
880
850
838
816
692
688
597
616
616
585
520
473
464
428
464
400
355
450
389
294
328
305
226
320
186
278
248
232
272
208
10000
186
464
545
676
834
968
1050
1348
1325
1457
1592
1730
1787
1910
1994
2039
2113
2150
2277
2315
2406
2429
2530
2544
2607
2559
2731
2672
2667
2675
2783
2783
2775
2819
2821
2895
2983
2923
2967
2855
2972
2927
2941
3003
3007
3095
3155
2927
3067
3055
10000
2918
2703
2495
2341
2203
2126
1979
1879
1805
1674
1552
1510
1328
1290
1209
1132
1106
976
1046
866
833
793
795
858
748
658
720
656
546
556
464
560
480
448
380
498
435
308
346
360
290
236
304
320
228
274
241
296
237
192
10000
216
346
568
689
901
978
1114
1269
1393
1501
1598
1744
1705
1919
1953
2032
2087
2237
2251
2303
2323
2471
2544
2559
2559
2625
2635
2706
2771
2755
2726
2833
2831
2887
2833
2822
2951
2855
2899
2974
2960
3231
3070
3091
3051
3023
2995
3103
3007
3055
10000
2961
2767
2539
2362
2266
2061
1991
1841
1682
1627
1392
1392
1440
1275
1154
1094
1032
977
1014
886
912
841
750
716
730
696
617
584
568
544
530
532
496
418
496
432
418
377
376
368
298
288
338
268
280
224
272
233
200
256
10000
234
352
563
785
886
910
1097
1318
1398
1453
1535
1743
1807
1921
1953
2021
2175
2198
2285
2237
2397
2431
2493
2505
2558
2531
2663
2735
2743
2775
2839
2755
2775
2855
2895
2925
2909
2879
2915
2943
3039
3027
2864
3045
3015
3118
2991
2989
3127
3057
10000
2975
2687
2469
2373
2267
1991
1983
1856
1782
1737
1530
1382
1329
1357
1224
1141
1130
999
986
862
842
832
804
816
768
677
656
576
586
600
530
464
528
496
404
448
428
396
400
336
320
320
268
240
208
276
192
236
188
256
10000
176
388
524
764
932
953
1040
1292
1386
1513
1627
1683
1825
1920
2061
2043
2160
2250
2256
2318
2451
2493
2481
2523
2639
2559
2623
2671
2686
2704
2722
2815
2783
2839
2859
2791
2894
2896
2966
2982
2951
2991
3037
2943
3011
3103
3170
3071
3127
3088
10000
3025
2738
2495
2463
2257
2127
1904
1784
1718
1641
1554
1438
1300
1264
1200
1148
1088
992
978
922
832
809
722
705
720
674
600
548
572
516
592
482
688
438
524
400
394
392
336
409
368
304
288
232
320
256
241
194
192
208
10000
170
387
632
745
871
1003
1181
1296
1332
1419
1648
1719
1781
1883
1941
2125
2180
2231
2324
2391
2391
2418
2527
2480
2559
2609
2661
2731
2757
2789
2798
2827
2878
2839
2895
2807
2893
2963
2983
2911
2931
3002
3043
3003
2999
3119
2995
3057
3047
3127
10000
2899
2727
2607
2377
2278
2001
1967
1787
1777
1670
1553
1434
1329
1303
1171
1154
1104
1066
896
896
872
802
744
819
624
720
633
628
556
560
492
459
576
428
400
392
384
386
294
361
288
288
320
326
336
240
208
276
240
322
10000
192
384
536
692
870
1008
1100
1308
1428
1553
1605
1655
1847
1855
2067
2022
2191
2236
2239
2317
2431
2359
2507
2519
2513
2630
2674
2619
2727
2799
2831
2879
2765
2897
2891
2855
2895
2943
2923
2959
2963
3051
3051
3071
2962
3059
3095
3015
3099
3117
10000
2971
2679
2538
2391
2277
2158
1995
1883
1785
1615
1530
1507
1341
1344
1179
1130
1065
976
1008
906
932
853
816
660
742
724
629
596
584
533
460
560
416
526
392
328
466
460
300
313
331
368
224
384
240
218
224
264
240
164
10000
204
372
470
688
820
1034
1170
1265
1333
1491
1574
1731
1790
1919
1937
2122
2199
2271
2320
2367
2426
2449
2559
2559
2797
2641
2609
2679
2765
2768
2775
2823
2839
2831
2907
2896
2915
2903
2950
2993
3031
3071
2931
2929
3021
3007
3091
3067
3022
3127
10000
2943
2768
2523
2441
2243
2204
1955
1903
1776
1687
1521
1408
1379
1216
1180
1154
973
1018
962
860
841
857
816
688
712
628
648
646
595
613
553
480
435
474
438
448
392
336
358
336
288
256
288
288
304
320
220
232
257
242
10000
240
386
592
706
777
962
1031
1217
1424
1557
1500
1716
1840
1887
2034
2041
2121
2160
2245
2288
2379
2437
2483
2525
2527
2546
2603
2679
2706
2769
2867
2755
2768
2882
2883
2879
2919
2871
2896
2899
2935
3055
2951
2959
3102
3071
3119
2990
3069
3143
10000
2961
2827
2549
2469
2278
2056
1962
1837
1712
1609
1493
1428
1385
1300
1168
1104
1110
1037
934
901
941
892
785
768
691
672
592
656
595
516
544
528
432
507
450
432
340
384
352
244
364
353
336
320
192
304
256
260
228
256
10000
291
433
534
700
909
982
1108
1288
1390
1456
1554
1712
1798
1820
1927
2096
2149
2227
2245
2270
2351
2479
2470
2535
2501
2609
2655
2672
2667
2639
2706
2815
2835
2832
2791
2891
2911
2927
2839
2992
3011
2917
2958
2885
2981
3071
3025
3031
2999
2997
10000
2975
2775
2543
2384
2295
2151
2027
1953
1787
1635
1575
1456
1369
1290
1238
1141
1056
1019
969
930
864
832
810
736
683
698
652
692
612
464
577
432
429
448
530
408
368
298
364
354
296
256
280
212
256
224
256
216
272
208
10000
224
384
581
706
781
1036
1050
1286
1394
1472
1690
1729
1874
1971
2006
2102
2153
2247
2211
2399
2416
2431
2470
2544
2491
2555
2635
2631
2747
2771
2886
2897
2767
2801
2877
2891
2923
2864
2899
2993
2958
2947
2989
3071
3111
3056
2995
3031
3023
3063
10000
2999
2715
2583
2385
2243
2142
1859
1818
1776
1598
1449
1462
1358
1285
1221
1126
1059
995
996
920
900
900
810
786
688
656
672
640
564
553
549
549
570
420
484
450
466
400
354
288
282
280
257
320
280
321
288
180
242
224
10000
192
347
580
672
919
974
1154
1280
1425
1479
1607
1787
1818
1897
2044
2106
2155
2247
2315
2427
2439
2447
2515
2542
2551
2736
2701
2621
2801
2735
2802
2831
2871
2807
2835
2871
2883
2903
2929
3025
2982
2943
3055
2999
3038
3031
2993
2853
3167
3039
10000
2967
2775
2551
2453
2159
2158
1975
1855
1849
1648
1487
1362
1280
1264
1191
1149
1068
1032
938
974
842
789
770
713
674
706
665
665
582
498
544
501
560
424
388
392
368
360
384
450
340
282
320
264
305
219
258
256
282
256
10000
224
384
510
726
934
1038
1117
1312
1334
1508
1690
1721
1795
1918
1967
2135
2117
2300
2350
2294
2433
2453
2466
2503
2490
2559
2627
2671
2711
2723
2779
2759
2801
2863
2815
2958
2919
2911
2959
3003
2971
3007
2983
2999
2981
2992
2975
3067
3055
3099
10000
2927
2743
2467
2395
2234
2034
1899
1811
1696
1631
1569
1451
1358
1229
1184
1141
1042
925
936
868
922
848
842
736
760
682
657
629
619
644
548
524
566
450
402
428
400
329
344
324
298
298
280
372
256
256
248
268
144
176
10000
256
331
554
661
819
961
1172
1241
1313
1535
1631
1653
1900
1847
1936
2058
2198
2245
2225
2323
2395
2401
2477
2533
2623
2622
2559
2687
2741
2736
2807
2835
2854
2767
2847
2903
2899
2911
2928
2974
3014
2887
2975
2949
3031
2997
2983
3039
3071
3019
10000
2965
2709
2583
2383
2234
2096
1985
1815
1765
1692
1581
1504
1367
1334
1144
1184
1077
976
1053
912
922
752
778
885
721
732
612
642
557
562
560
560
492
434
426
378
388
339
304
432
291
330
384
256
256
280
272
292
266
140
10000
146
394
524
704
790
922
1126
1336
1392
1469
1637
1724
1814
1969
1985
2002
2203
2179
2205
2367
2411
2499
2459
2559
2495
2672
2625
2731
2695
2650
2695
2736
2841
2787
2854
2867
2925
2941
2967
2855
2971
2929
3055
2929
3211
3021
2975
3023
2963
3088
10000
2879
2715
2530
2399
2238
2137
1841
1797
1761
1634
1437
1344
1312
1254
1200
1177
1105
940
960
901
768
849
789
826
706
672
586
624
560
592
592
384
544
480
480
410
393
356
441
362
313
304
336
293
298
288
192
290
260
224
10000
200
456
544
556
896
924
1081
1284
1392
1486
1475
1707
1796
1915
1958
2032
2133
2123
2255
2405
2399
2431
2502
2518
2558
2557
2638
2655
2735
2671
2715
2751
2795
2947
2863
2823
2919
2951
2935
2975
2999
3003
2885
2958
2963
3059
3025
3071
3163
3088
10000
2871
2723
2628
2335
2187
2060
1950
1787
1849
1557
1535
1360
1389
1296
1264
1064
1074
998
917
896
856
756
744
734
704
688
656
633
598
548
584
498
530
448
396
448
370
328
357
400
306
336
256
240
230
256
200
244
258
219
10000
266
325
618
752
786
998
1104
1276
1381
1474
1723
1749
1836
1891
1994
2112
2093
2241
2256
2363
2390
2479
2443
2544
2511
2595
2607
2639
2691
2751
2800
2706
2832
2859
2838
3063
2862
2949
3005
2895
2959
2975
2975
3007
2971
3007
3071
3033
3126
3071
10000
2887
2725
2554
2384
2175
2065
1910
1764
1787
1535
1459
1381
1370
1243
1141
1174
1044
934
938
880
804
858
804
784
664
738
594
676
530
576
564
560
524
516
488
489
448
400
304
376
314
265
266
328
340
289
208
272
260
232
10000
185
384
464
694
816
928
1141
1247
1396
1491
1619
1689
1821
1966
1967
2064
2161
2195
2220
2306
2439
2407
2467
2527
2557
2559
2647
2719
2743
2659
2767
2775
2763
2823
2819
2891
2867
2837
2991
2979
2943
3035
2943
2995
2937
3011
3031
3021
3115
3143
10000
2919
2718
2602
2359
2198
2145
1911
1823
1737
1638
1569
1456
1376
1330
1261
1128
1072
1124
1028
644
825
804
762
714
624
637
656
626
576
558
462
496
496
384
496
448
362
356
368
308
320
402
352
298
322
298
260
260
216
192
10000
208
392
620
688
890
1040
1158
1233
1369
1552
1685
1710
1842
1954
1947
2091
2113
2211
2303
2351
2446
2502
2490
2541
2627
2594
2679
2671
2751
2725
2799
2771
2815
2859
2897
2783
2879
2929
2981
3027
2974
3047
3002
3015
3039
3011
3015
3135
2993
3035
10000
2943
2803
2607
2458
2257
2133
1997
1921
1738
1616
1583
1468
1353
1243
1269
1152
1062
1163
936
905
798
827
780
729
690
716
660
609
610
576
544
524
522
496
388
451
408
416
392
308
320
356
272
257
316
258
261
197
197
132
10000
144
386
606
747
861
962
1152
1283
1389
1605
1600
1712
1835
2021
1957
2066
2153
2179
2271
2362
2367
2455
2522
2599
2547
2608
2545
2673
2683
2719
2767
2832
2815
2871
2831
2845
2867
2929
2896
2966
2935
2897
2966
2955
2919
2964
2991
3062
2939
3135
10000
2923
2798
2487
2367
2203
2118
1965
1857
1729
1616
1462
1403
1301
1286
1216
1122
1077
1054
897
921
842
856
776
659
676
670
640
672
530
523
544
556
496
461
385
458
384
384
390
307
272
358
304
264
280
178
224
172
194
176
10000
212
403
528
656
848
1005
1165
1271
1382
1522
1535
1646
1920
1941
1947
2067
2143
2213
2261
2335
2285
2423
2419
2609
2559
2601
2663
2641
2771
2719
2787
2791
2815
2815
2855
2867
2879
2875
2939
2934
2959
2990
2991
3059
2979
3071
3071
3007
3039
3106
10000
2879
2783
2514
2352
2229
2095
1965
1772
1639
1601
1515
1392
1318
1298
1202
1072
982
918
928
982
887
818
808
717
704
710
682
624
624
552
576
528
528
422
388
448
388
392
365
368
312
372
360
288
321
192
328
288
178
208
10000
192
400
532
710
829
1052
1169
1283
1418
1582
1606
1743
1819
1888
1975
2091
2161
2165
2295
2311
2375
2406
2443
2527
2509
2677
2678
2703
2609
2739
2807
2811
2862
2923
2901
2851
2878
2974
2966
2989
2938
2959
2943
3071
3093
3103
3095
3063
3067
3131
10000
2960
2715
2543
2353
2239
2047
1937
1837
1738
1630
1535
1372
1414
1206
1282
1092
1096
1021
928
896
832
864
824
784
640
688
654
562
613
496
563
486
536
448
440
432
320
336
352
261
368
336
260
224
300
306
282
328
228
130
10000
246
388
448
664
928
892
1085
1234
1430
1559
1621
1695
1818
1913
2010
2147
2099
2170
2319
2263
2411
2381
2461
2544
2559
2651
2625
2623
2727
2705
2725
2815
2763
2738
2855
2847
2911
2929
2935
2987
2975
2979
3007
3014
2979
2991
3071
3115
3091
3091
10000
3055
2737
2549
2397
2186
2123
1906
1717
1712
1616
1519
1457
1394
1242
1226
1120
1043
1016
940
892
864
752
768
788
816
652
658
628
560
580
624
522
426
504
410
432
421
460
328
356
416
369
290
298
256
384
282
261
226
216
10000
128
432
528
712
758
982
1069
1280
1359
1527
1616
1724
1776
2030
1980
2035
2069
2252
2311
2293
2334
2503
2479
2555
2609
2641
2768
2674
2695
2670
2757
2805
2827
2791
2975
2894
2878
2939
2895
2960
2991
3047
3071
2982
3103
3011
3103
2975
3059
2999
10000
2934
2791
2499
2367
2290
2078
1899
1863
1742
1667
1494
1473
1441
1284
1184
1172
1084
1012
914
871
889
794
733
762
708
678
654
650
560
534
560
492
520
416
448
442
400
416
336
320
308
336
312
260
248
245
264
256
208
212
10000
257
400
480
656
813
1046
1198
1344
1456
1534
1629
1742
1835
1861
2007
2063
2205
2128
2255
2241
2351
2463
2463
2550
2589
2655
2611
2667
2655
2691
2787
2815
2801
2837
2903
2939
2955
2911
2915
2915
2999
3037
2991
3051
3027
2999
2995
2995
3056
3151
10000
2959
2719
2631
2375
2167
2039
1885
1819
1715
1591
1522
1477
1408
1232
1231
1136
1067
1060
896
821
939
824
864
697
716
742
642
604
608
530
508
464
464
420
400
466
388
400
344
281
353
310
284
272
225
264
240
272
260
234
10000
216
368
496
784
813
901
1138
1204
1426
1582
1593
1746
1838
1872
1998
2031
2123
2199
2314
2385
2391
2455
2535
2559
2647
2663
2679
2683
2723
2687
2815
2800
2863
2865
2846
2875
2803
2942
3025
2951
2963
2967
2992
3013
2935
3047
2995
3063
3039
3010
10000
2899
2778
2526
2387
2175
2107
1979
1887
1712
1598
1522
1443
1335
1248
1160
1120
1104
944
944
880
914
796
836
738
700
782
688
621
560
614
502
496
456
464
400
368
384
338
304
336
273
386
354
282
192
224
293
226
240
244
10000
118
344
538
756
892
960
1112
1264
1392
1450
1502
1758
1776
1872
2064
2096
2187
2226
2321
2375
2384
2448
2559
2551
2509
2517
2707
2661
2689
2699
2735
2723
2823
2714
2827
2928
2871
2928
2926
2907
3023
2961
3007
2933
2930
2987
3071
3054
3101
3135
10000
2895
2742
2559
2345
2303
2145
1887
1801
1759
1654
1552
1410
1397
1227
1144
1074
1173
962
956
880
844
844
787
752
778
696
624
632
576
528
546
520
577
434
468
386
413
384
384
338
320
301
224
248
282
282
176
240
260
228
10000
176
370
504
619
795
918
1152
1274
1370
1502
1605
1661
1865
1922
2023
2023
2176
2205
2306
2321
2399
2390
2512
2451
2663
2619
2693
2643
2711
2785
2847
2827
2867
2775
2915
2895
2960
2966
2955
3005
2919
2983
2957
3005
3007
3056
3071
3045
3057
3043
10000
2915
2757
2591
2398
2242
2045
2003
1856
1710
1648
1521
1472
1369
1250
1193
1053
1086
1005
896
933
801
850
773
768
704
640
678
596
576
552
556
509
498
448
421
378
434
368
352
282
320
320
260
258
128
268
248
209
224
272
10000
226
456
538
624
888
969
1104
1295
1312
1472
1658
1686
1775
1945
1966
2107
2111
2293
2300
2351
2419
2382
2439
2556
2559
2615
2606
2663
2709
2781
2779
2815
2807
2943
2928
2879
2927
2933
2935
2887
2993
2943
2975
3011
3013
3043
3071
3039
2961
3071
10000
2879
2687
2559
2339
2207
2095
1957
1813
1754
1589
1507
1353
1310
1266
1178
1200
1093
1040
944
933
850
833
784
608
706
656
626
602
534
576
496
524
550
532
472
368
384
345
344
352
301
304
330
304
256
312
218
256
172
240
10000
240
472
576
656
825
957
1174
1328
1316
1469
1666
1726
1833
1888
1965
2112
2135
2239
2266
2351
2443
2483
2603
2541
2591
2622
2659
2723
2655
2847
2823
2811
2905
2839
2851
2879
2897
2929
2941
2959
2991
2935
3003
3007
2995
2975
3045
3107
3055
3039
10000
2961
2799
2615
2407
2258
2138
1957
1866
1747
1649
1535
1511
1301
1250
1301
1040
1088
1007
896
947
888
816
665
717
681
656
613
592
586
461
524
491
480
352
464
448
388
426
360
346
306
336
328
305
320
241
260
242
272
208
10000
186
361
561
800
848
962
1090
1258
1376
1533
1590
1689
1797
1892
2000
2047
2189
2283
2233
2359
2333
2390
2449
2535
2591
2559
2655
2671
2747
2613
2725
2742
2719
2855
2823
2875
2919
2886
2899
2971
2929
2959
2951
3055
3103
3107
3039
2983
3135
3015
10000
2871
2715
2501
2423
2258
1994
1993
1818
1788
1601
1569
1409
1353
1198
1189
1193
1040
1004
877
892
876
816
778
682
710
718
556
576
644
529
572
496
449
449
368
517
352
389
258
344
354
309
304
280
288
220
288
256
240
180
10000
226
388
520
668
760
960
1075
1244
1388
1438
1649
1738
1762
1904
2005
2059
2199
2224
2281
2313
2397
2476
2497
2503
2535
2625
2640
2651
2729
2727
2768
2701
2799
2795
2875
2871
2875
2927
2855
2943
2935
3039
3063
3025
3024
3059
3095
2995
3056
3031
10000
2907
2795
2533
2446
2224
2021
1945
1878
1714
1654
1616
1408
1415
1284
1218
1159
1074
1030
960
932
876
778
776
782
678
668
616
560
634
452
568
516
432
464
468
337
400
321
363
336
308
352
240
320
308
186
233
216
144
154
10000
150
368
492
768
797
1051
1093
1357
1468
1445
1638
1749
1817
1887
2038
2047
2129
2262
2345
2291
2407
2465
2527
2463
2551
2663
2559
2619
2661
2735
2759
2749
2896
2879
2823
2901
2869
2845
2895
3011
2881
2911
3043
3059
2999
2971
2960
3107
3051
3039
10000
2701
2746
2559
2325
2143
1969
2063
1794
1806
1675
1526
1449
1289
1310
1191
1121
1044
898
880
876
910
768
836
752
692
672
653
604
549
555
568
493
482
524
464
486
368
372
392
333
368
300
278
288
324
256
208
234
240
240
10000
172
288
521
640
848
915
1093
1207
1301
1520
1562
1735
1819
1865
1905
2074
2173
2175
2290
2317
2399
2423
2455
2539
2619
2590
2667
2746
2715
2807
2783
2821
2815
2807
2839
2847
2971
2943
2911
2943
2991
3027
3007
2995
3063
2949
3009
3059
2975
3089
10000
2991
2736
2608
2467
2298
2000
1967
1818
1754
1643
1503
1442
1362
1328
1195
1122
1152
1057
908
920
847
778
784
700
744
684
669
613
617
572
608
530
420
428
402
370
408
384
370
290
328
256
294
320
192
304
268
242
224
192
10000
198
408
592
641
860
955
1099
1224
1360
1469
1589
1718
1845
1959
1958
2095
2079
2262
2288
2287
2353
2434
2535
2559
2615
2623
2547
2663
2714
2737
2749
2855
2855
2831
2799
2891
2895
2935
2981
2975
2993
2971
2995
2949
3062
3025
3120
3093
3143
2983
10000
2961
2731
2605
2349
2207
2146
2003
1841
1702
1626
1535
1481
1378
1317
1163
1088
1056
1050
1040
944
860
794
753
768
656
657
620
613
576
560
536
592
448
403
432
444
428
372
369
304
320
290
338
240
324
244
224
266
226
132
10000
192
424
586
649
858
979
1112
1154
1488
1557
1613
1719
1776
1883
2023
2149
2192
2247
2266
2389
2367
2405
2431
2443
2539
2667
2705
2633
2739
2717
2823
2935
2807
2879
2759
2877
2911
2895
2895
2831
2917
3047
3055
2955
3025
3035
3056
3103
2962
3038
10000
2993
2815
2495
2330
2205
2128
2017
1861
1811
1658
1574
1424
1259
1221
1210
1157
1012
988
1036
850
785
784
768
706
676
716
720
593
556
494
473
416
401
448
427
401
408
368
403
377
289
272
320
305
272
265
228
272
192
173
10000
192
218
560
680
896
1008
1117
1214
1475
1494
1679
1697
1769
1937
2077
2044
2163
2223
2263
2303
2391
2384
2509
2559
2616
2661
2655
2583
2737
2767
2690
2815
2867
2830
2901
2863
2831
2885
2959
2943
2951
2897
2955
3027
3020
2958
3023
3121
3099
3111
10000
2895
2771
2491
2410
2251
2043
2020
1898
1706
1733
1610
1344
1328
1205
1221
1108
1109
1036
902
880
859
721
748
793
685
704
730
650
520
581
546
498
442
401
433
380
454
370
352
344
370
314
305
224
276
272
216
276
176
282
10000
154
320
466
628
840
1051
1117
1264
1374
1535
1606
1712
1723
1954
2081
2082
2165
2192
2293
2387
2391
2502
2478
2555
2559
2679
2743
2627
2737
2767
2768
2790
2879
2859
2891
2903
2883
2933
2909
2971
3056
2934
2871
3007
3039
3069
2975
3047
3071
2971
10000
2939
2713
2559
2427
2246
2130
2000
1891
1760
1667
1522
1441
1374
1217
1280
1189
1008
1026
896
882
877
754
808
777
714
729
622
601
552
550
510
572
368
450
372
417
360
324
360
338
305
248
324
360
224
288
265
226
234
272
10000
177
372
608
800
816
940
1104
1244
1365
1535
1603
1755
1921
1846
2011
2097
2179
2163
2287
2309
2282
2451
2415
2471
2559
2625
2595
2661
2695
2695
2843
2775
2930
2805
2847
2879
2981
2951
3007
2929
2987
2967
3007
3071
3026
2947
3047
3051
3067
2991
10000
2858
2743
2559
2338
2249
2055
1942
1807
1673
1647
1557
1438
1371
1237
1217
1131
1030
1020
1027
912
752
794
822
753
720
725
626
545
528
592
565
538
496
442
474
481
370
377
320
368
355
282
340
352
304
240
256
208
208
280
10000
237
346
596
684
842
954
1177
1296
1338
1502
1584
1632
1778
1890
1973
1979
2157
2193
2281
2265
2350
2402
2431
2507
2559
2527
2599
2646
2591
2731
2767
2769
2767
2747
2773
2863
2863
2815
2879
2851
2911
2871
3023
2951
2935
3031
3025
2975
3024
3007
10000
2933
2741
2543
2301
2278
2067
1968
1780
1728
1584
1557
1415
1390
1250
1188
1266
1072
1042
990
944
884
814
826
781
741
666
674
617
625
540
579
528
608
480
404
441
448
428
320
400
256
368
272
352
378
240
228
204
249
184
10000
226
410
614
690
909
1008
1157
1241
1328
1559
1584
1776
1823
1780
1947
2077
2141
2192
2318
2298
2307
2391
2445
2438
2555
2623
2631
2635
2723
2743
2839
2667
2843
2805
2959
2867
2838
2895
2959
2943
2949
2959
3003
3023
2999
3071
3047
3023
3099
3011
10000
2739
2722
2606
2384
2239
2147
1979
1939
1767
1607
1502
1450
1362
1244
1268
1184
1069
998
1006
962
876
810
784
756
760
728
598
641
644
688
494
521
508
465
501
464
358
448
426
368
384
336
336
308
300
284
280
240
272
320
10000
160
433
564
724
821
994
1108
1322
1365
1529
1585
1648
1799
1813
2063
2081
2131
2197
2275
2283
2359
2367
2463
2495
2517
2627
2612
2559
2687
2771
2719
2751
2797
2799
2879
2831
2901
2923
2887
2861
2925
2959
2925
2975
2987
2971
3015
3029
3058
3007
10000
2883
2823
2491
2343
2215
2059
2019
1857
1785
1671
1574
1436
1382
1360
1142
1157
1043
1075
1028
896
853
838
752
714
704
739
600
560
608
502
528
545
464
480
468
448
411
390
304
401
304
388
324
320
234
282
274
280
197
273
10000
160
424
560
694
869
1009
1166
1327
1457
1470
1616
1651
1843
1959
1962
2155
2155
2177
2255
2318
2324
2445
2542
2559
2541
2555
2655
2703
2747
2655
2726
2735
2773
2823
2877
2765
2879
2846
2949
2992
2971
2979
2943
2923
3027
3071
2943
2943
3003
3111
10000
2919
2703
2559
2371
2160
2061
1971
1920
1718
1651
1508
1434
1328
1308
1164
1194
1033
1089
964
976
800
838
785
738
744
738
634
612
602
586
528
573
501
460
448
416
420
384
377
320
398
374
392
320
245
272
256
292
209
242
10000
160
432
555
644
884
971
1002
1211
1300
1522
1591
1763
1831
1860
1892
2033
2175
2181
2187
2294
2331
2431
2467
2527
2513
2599
2599
2635
2751
2703
2757
2705
2751
2779
2861
2815
2879
2785
2845
2847
2967
2929
2927
2955
2966
2897
3007
3007
3055
3103
10000
2989
2743
2527
2395
2251
2123
1985
1931
1744
1712
1560
1471
1395
1365
1179
1220
1072
1107
1046
912
916
881
822
740
748
698
714
674
560
536
656
480
468
469
537
464
461
352
372
384
320
332
300
384
281
312
232
314
256
260
10000
242
408
586
722
782
960
1008
1266
1344
1440
1616
1683
1739
1881
1904
2016
2074
2114
2224
2317
2352
2345
2459
2448
2463
2609
2655
2559
2692
2707
2775
2751
2790
2705
2854
2826
2853
2867
2961
2821
2925
2993
2963
3090
3063
3055
3023
3070
2966
2983
10000
2897
2736
2479
2403
2224
2093
2015
1823
1722
1648
1488
1475
1316
1392
1264
1079
1094
992
984
917
912
810
784
792
730
688
672
708
592
596
602
608
504
448
489
488
490
440
352
352
362
344
358
235
322
336
236
240
218
290
10000
224
348
528
682
819
926
1099
1202
1402
1506
1571
1663
1747
1840
1967
1999
2047
2154
2249
2287
2494
2455
2467
2530
2559
2615
2675
2671
2646
2767
2765
2736
2846
2782
2827
2826
2899
2821
2911
2935
2929
2895
2896
2927
2942
3053
3067
3071
2961
3039
10000
2911
2687
2559
2405
2287
2135
2000
1854
1746
1648
1563
1475
1381
1331
1256
1206
1142
1046
1009
931
922
896
832
789
720
660
688
658
660
560
565
560
528
528
480
432
408
448
362
373
384
320
372
346
232
288
293
256
272
208
10000
240
412
544
720
878
960
1158
1249
1392
1503
1598
1648
1709
1890
1933
1971
2112
2169
2285
2304
2323
2415
2455
2531
2523
2555
2619
2647
2723
2743
2704
2855
2823
2855
2838
2859
2926
2879
2925
2923
2851
3051
2991
2971
3051
2987
3063
3067
3135
2999
10000
2916
2751
2559
2426
2257
2002
1971
1899
1775
1648
1615
1461
1453
1356
1276
1225
1056
1090
963
1009
851
850
816
723
732
682
756
616
585
642
544
526
522
492
505
518
416
464
360
392
336
364
428
325
288
272
320
293
270
228
10000
162
424
496
640
822
1037
1180
1264
1339
1535
1595
1791
1827
1929
1979
2103
2115
2177
2219
2262
2348
2363
2501
2420
2448
2591
2623
2659
2687
2759
2781
2739
2832
2797
2839
2815
2935
2863
2955
2979
2929
2960
2951
2931
2993
3007
3051
3039
2961
3045
10000
3015
2694
2527
2430
2271
2164
2010
1872
1813
1658
1596
1535
1425
1361
1333
1166
1094
1146
992
948
848
868
832
768
708
707
656
612
682
624
538
487
570
464
453
392
432
425
425
344
288
340
290
304
326
244
272
266
240
192
10000
246
412
565
752
898
937
1034
1190
1360
1435
1602
1679
1714
1789
1892
1993
2107
2121
2181
2337
2255
2385
2287
2491
2545
2590
2587
2707
2695
2709
2704
2791
2815
2829
2799
2871
2863
2854
3010
2895
2895
2990
3015
3055
2991
2943
3035
2967
3051
3005
10000
2959
2692
2597
2367
2279
2160
1975
1793
1776
1613
1574
1469
1474
1327
1193
1171
1145
1050
1064
948
851
796
816
780
804
677
689
704
584
650
616
504
528
485
504
464
453
388
352
388
329
304
306
368
288
320
199
210
232
228
10000
160
368
598
624
784
907
1030
1216
1132
1484
1561
1651
1779
1851
1894
2006
2124
2158
2255
2331
2403
2405
2431
2433
2547
2535
2647
2639
2711
2677
2691
2704
2877
2811
2789
2763
2883
2933
2921
2949
2911
2927
2975
2957
2959
3019
2963
3005
2987
3069
10000
2992
2707
2599
2467
2234
2141
2017
1890
1830
1747
1576
1566
1449
1285
1315
1186
1131
1116
964
884
936
874
834
727
768
708
654
648
560
609
592
552
500
500
444
459
468
352
416
329
344
384
321
289
312
256
323
340
208
208
10000
181
354
628
692
800
1004
1126
1305
1336
1478
1570
1638
1840
1845
2031
1962
2096
2223
2295
2290
2322
2331
2429
2459
2511
2611
2599
2707
2604
2815
2693
2737
2815
2783
2865
2779
2791
2871
2831
2935
2865
2971
3043
3003
2999
3071
3115
3071
3067
3091
10000
2939
2738
2545
2449
2295
2063
2032
1943
1796
1635
1564
1441
1450
1322
1216
1227
1114
1072
1002
968
858
912
784
772
722
741
676
654
624
624
592
556
560
510
464
570
432
412
416
352
336
308
352
272
297
242
368
272
225
200
10000
268
410
482
662
842
992
1021
1210
1289
1459
1531
1665
1754
1805
1989
1970
2109
2119
2247
2363
2263
2411
2447
2433
2539
2631
2671
2631
2739
2733
2743
2691
2805
2743
2825
2839
2999
2887
2799
2967
2909
2935
2979
2943
2949
3039
3031
3035
3007
3027
10000
2991
2759
2687
2409
2263
2167
2032
1864
1742
1712
1575
1466
1408
1397
1264
1298
1232
1058
979
967
909
856
768
819
717
736
640
589
625
616
556
467
477
417
496
480
400
424
392
368
416
304
352
305
353
338
256
304
230
204
10000
212
448
475
688
848
919
1072
1161
1312
1467
1667
1620
1818
1863
1970
2032
2021
2181
2269
2287
2331
2381
2390
2479
2495
2559
2625
2559
2737
2704
2622
2768
2813
2878
2855
2923
2863
2859
2949
2963
2979
2975
2874
3053
2805
3003
3007
2999
2967
2943
10000
2982
2787
2543
2397
2284
2096
1955
1810
1721
1728
1535
1412
1373
1207
1184
1182
1101
983
1045
969
896
832
792
779
762
722
648
662
704
600
552
529
452
436
467
460
469
404
329
288
313
352
362
336
218
300
274
244
248
240
10000
180
321
496
595
768
917
1038
1220
1322
1413
1501
1611
1673
1917
1991
1991
2140
2128
2229
2322
2330
2419
2502
2469
2559
2544
2599
2667
2671
2736
2638
2699
2786
2831
2810
2811
2722
2847
2903
2869
2851
2867
2911
2863
2963
2955
3039
2943
2927
3015
10000
2902
2763
2639
2375
2173
2151
2047
1861
1793
1654
1598
1426
1398
1370
1241
1189
1130
1122
1061
928
869
834
784
752
784
768
708
592
630
484
552
560
521
499
498
440
427
388
353
400
320
304
272
246
400
282
182
240
218
256
10000
236
420
475
720
876
1014
1182
1250
1426
1533
1651
1692
1771
1883
1923
1997
2143
2146
2211
2327
2335
2430
2423
2502
2539
2705
2559
2653
2715
2691
2807
2747
2823
2838
2911
2927
2925
2966
2978
2955
2975
3023
3026
3038
3024
3023
3067
3023
3019
3063
10000
3003
2779
2559
2423
2323
2149
1975
1923
1790
1648
1535
1456
1475
1321
1260
1227
1104
1126
996
888
873
857
837
781
811
768
689
664
619
656
584
528
560
474
432
430
354
448
408
353
366
370
400
295
296
293
364
325
218
172
10000
264
344
521
706
854
965
1106
1212
1360
1445
1596
1683
1725
1939
1987
2109
2142
2191
2230
2385
2434
2375
2473
2453
2554
2545
2595
2687
2715
2673
2819
2735
2815
2829
2922
2885
2887
2879
2863
2975
2895
2987
2943
2960
2991
3007
2991
3015
3015
3223
10000
2982
2754
2585
2447
2239
2167
2044
1987
1808
1696
1558
1517
1379
1291
1251
1206
1161
1014
971
865
944
844
770
832
784
626
632
656
665
