10000
266
386
522
875
881
1072
1134
1486
1504
1683
1713
1910
1939
2075
2106
2179
2246
2359
2303
2387
2651
2448
2640
2623
2647
2749
2559
2719
2803
2715
2835
2867
2798
2947
2911
2907
3088
3019
3035
2903
2943
3127
2901
3035
2923
3039
3007
3131
3191
3071
10000
2907
2651
2509
2339
2195
1920
1967
1718
1715
1521
1460
1392
1322
1234
1100
1061
1092
936
848
849
834
690
778
650
688
560
656
594
592
580
592
392
358
390
568
226
256
280
368
320
216
208
218
206
272
276
128
293
204
176
10000
104
393
528
776
998
1094
1235
1297
1502
1591
1699
1717
1867
1989
2047
2165
2192
2279
2335
2451
2511
2487
2559
2643
2671
2613
2751
2611
2717
2698
2749
2839
2800
2815
2967
2930
2833
3013
3123
2983
2871
3023
2941
3115
3155
3031
3175
3071
3027
3051
10000
3035
2755
2433
2309
2185
1998
1825
1691
1682
1607
1346
1392
1152
1204
1275
1168
1076
861
840
843
791
832
720
707
716
592
496
576
523
472
496
564
400
490
452
464
472
384
332
356
288
320
336
213
176
320
176
240
208
250
10000
185
360
629
656
896
1001
1282
1213
1459
1622
1722
1759
1839
1991
2079
2010
2151
2288
2349
2427
2435
2493
2493
2639
2655
2703
2775
2703
2695
2559
2743
2827
2901
2902
2973
2877
2959
3071
3071
3043
2839
3120
2943
3021
2911
3167
3055
3037
3138
3070
10000
2807
2667
2523
2255
2279
2079
1895
1803
1505
1693
1535
1360
1281
1184
1104
1098
932
982
992
802
733
706
880
752
652
698
620
530
566
450
521
483
384
528
480
358
376
368
272
304
264
244
400
179
194
130
192
160
198
256
10000
176
365
592
705
781
1211
1148
1264
1491
1448
1719
1721
1893
1963
2131
2154
2176
2207
2399
2419
2419
2480
2422
2497
2511
2671
2672
2629
2699
2783
2767
2867
2757
2903
2831
2787
2743
2861
2999
3095
3039
2974
3111
2978
3057
3135
3007
3127
3121
3035
10000
2775
2673
2613
2469
2181
2055
1949
1799
1603
1450
1474
1344
1425
1273
1139
1166
1088
912
821
832
762
828
710
697
720
693
568
576
665
480
516
502
400
400
476
432
384
389
277
266
256
288
216
304
64
334
192
257
210
84
10000
100
340
618
736
837
1033
1046
1278
1448
1517
1707
1696
1764
1867
2032
2033
2221
2171
2337
2450
2383
2443
2395
2509
2553
2603
2654
2532
2683
2599
2687
2783
2918
2819
2787
2815
2911
3023
2979
3063
2833
2891
3035
3059
2930
3015
3051
3011
2995
3007
10000
2943
2719
2591
2425
2238
1970
1881
1771
1821
1604
1458
1434
1376
1193
1072
1037
1019
1005
917
896
848
827
768
677
672
704
554
472
506
544
526
480
368
328
432
265
400
342
368
324
256
240
160
256
208
265
352
236
216
160
10000
98
298
456
628
832
976
1044
1198
1360
1535
1704
1677
1856
1861
1892
2127
2223
2115
2187
2335
2377
2397
2622
2559
2525
2583
2706
2668
2758
2675
2683
2749
2783
2731
2815
2927
2767
2871
2906
2763
3039
2897
3013
2981
3111
2949
2961
3031
3163
3051
10000
2899
2681
2487
2357
2207
2035
1959
1840
1692
1535
1516
1361
1302
1282
1088
993
1094
987
931
837
740
701
936
688
634
587
624
549
464
626
540
410
528
432
432
418
405
442
339
282
184
273
309
240
320
192
304
113
144
137
10000
118
432
642
564
852
1008
1108
1341
1445
1533
1599
1681
1835
1983
2039
2023
2105
2215
2352
2448
2453
2462
2535
2559
2495
2707
2611
2673
2811
2709
2811
2801
2647
2805
2747
2766
2909
2941
2886
2861
2915
2971
3013
3025
2774
2967
3022
2929
3063
3023
10000
2925
2743
2483
2411
2159
1973
1889
1776
1793
1553
1450
1409
1288
1282
1090
987
1037
993
917
848
853
929
691
640
672
748
808
660
568
633
507
384
500
448
462
480
464
288
336
240
248
240
422
296
368
216
208
193
234
246
10000
176
429
517
754
924
1032
1034
1308
1469
1469
1676
1734
1714
1922
2006
2066
2141
2309
2217
2288
2382
2471
2449
2511
2555
2559
2455
2559
2786
2718
2687
2858
2721
2866
2897
2831
2899
2918
2931
2883
2905
2987
2849
2986
3023
3007
3147
2927
3020
3025
10000
2839
2759
2619
2239
2279
2085
1847
1895
1719
1609
1404
1237
1260
1241
1227
1008
953
892
848
794
826
729
752
552
562
688
568
557
476
448
592
492
440
493
378
384
345
376
272
348
274
274
224
242
224
184
208
184
137
144
10000
0
256
394
614
792
926
1050
1104
1421
1396
1478
1641
1761
1886
2005
2015
2192
2134
2179
2246
2367
2339
2399
2674
2559
2503
2704
2615
2641
2702
2807
2671
2869
2835
2832
2879
2768
2847
2918
2943
2929
2949
2983
3026
3067
3015
2958
2941
3103
3167
10000
2871
2731
2595
2288
2173
2046
1929
1809
1686
1530
1421
1357
1261
1232
1120
1045
1030
982
885
746
832
710
746
704
780
592
586
568
650
608
572
518
470
405
453
370
344
374
376
336
326
400
224
298
256
164
214
228
240
152
10000
161
425
516
745
869
922
1075
1168
1408
1520
1590
1645
1808
1934
2000
2096
2271
2129
2285
2319
2413
2367
2515
2559
2479
2559
2559
2593
2671
2673
2663
2837
2871
2807
2931
2897
2763
2846
2867
2919
2943
2986
2981
2939
2943
3119
3063
2990
2973
3071
10000
3007
2838
2559
2347
2289
1974
1971
1882
1772
1535
1596
1443
1344
1148
1184
1136
1072
821
864
880
912
770
776
688
672
669
640
720
528
592
488
656
469
396
333
368
280
298
372
274
332
264
312
321
320
320
232
312
324
240
10000
208
404
480
674
848
1009
1232
1232
1422
1597
1591
1858
1853
1917
2103
2128
2057
2315
2240
2367
2389
2503
2417
2634
2555
2623
2704
2703
2847
2791
2871
2915
2847
2959
2919
2827
2933
2991
2931
2927
2991
2979
2967
2971
3024
3010
3057
3199
3199
2999
10000
2928
2719
2659
2415
2191
2081
1991
1798
1885
1533
1560
1479
1382
1296
1308
1072
1010
1070
896
801
819
899
752
784
688
673
704
656
544
576
568
596
525
534
432
332
320
306
340
352
360
270
400
341
265
181
144
224
192
154
10000
224
288
496
720
784
1040
1136
1271
1477
1472
1646
1809
1962
1973
2065
2145
2175
2203
2423
2349
2353
2475
2559
2534
2515
2523
2619
2742
2937
2743
2767
2815
2943
2795
2787
2807
2939
2673
2951
2991
2927
2975
2931
3029
3027
2943
2951
3019
2982
3155
10000
2911
2740
2645
2288
2230
2147
1959
1787
1779
1621
1490
1393
1343
1269
1218
1197
1138
992
1101
888
792
736
748
624
624
740
628
612
624
480
620
521
341
389
482
390
420
290
370
164
288
273
325
280
224
336
205
234
121
112
10000
208
416
594
800
870
970
1077
1248
1377
1456
1532
1798
1695
1961
2094
2119
2190
2220
2387
2357
2519
2511
2447
2655
2631
2611
2715
2703
2647
2768
2731
2815
2707
2895
2847
2917
2843
2959
3045
3039
2987
2951
3039
3111
3091
3023
3223
3135
3127
3071
10000
2979
2769
2480
2375
2215
2030
2011
1762
1859
1517
1398
1332
1243
1200
1238
1308
1137
1077
976
812
933
848
834
678
818
676
598
564
653
596
516
554
456
501
416
370
396
464
385
288
438
328
218
322
242
268
274
208
232
196
10000
240
400
582
656
820
1046
1126
1259
1376
1552
1723
1744
1797
1995
2029
2112
2064
2158
2319
2311
2390
2439
2527
2521
2555
2559
2625
2669
2751
2769
2835
2901
2931
2907
2735
2847
2961
2999
2991
2934
2943
3011
3027
2992
3039
2961
3015
3071
3057
3071
10000
3023
2758
2530
2377
2243
2113
2004
1747
1651
1643
1527
1479
1370
1198
1068
1037
1072
1120
1040
864
786
741
697
673
704
612
640
720
496
496
592
441
484
467
493
480
437
384
438
357
230
384
304
329
256
240
257
216
224
230
10000
146
320
569
642
816
912
1079
1139
1361
1456
1638
1699
1849
1874
1962
2135
2117
2171
2301
2323
2517
2349
2559
2671
2623
2659
2707
2715
2715
2799
2869
2723
2879
2774
2775
2823
2949
2929
2943
3043
3055
3005
3031
3063
2999
2983
2963
3091
3118
3071
10000
2987
2621
2533
2275
2177
2205
1915
1830
1718
1535
1589
1487
1440
1297
1227
1046
1050
976
968
960
955
734
712
732
732
690
744
630
624
476
660
348
464
418
402
384
352
306
372
357
326
390
330
242
296
283
276
208
178
208
10000
226
437
530
811
897
1022
1065
1274
1368
1518
1655
1776
1811
1935
2093
2166
2003
2197
2416
2383
2402
2519
2463
2448
2483
2608
2640
2731
2559
2605
2774
2667
2898
3005
2743
2999
2887
2943
3011
2894
2879
3003
2915
3024
3227
3043
3155
3095
3057
3127
10000
3088
2739
2511
2395
2181
2082
1955
1904
1766
1535
1556
1509
1318
1270
1172
1219
1072
1010
912
819
906
821
854
813
704
757
584
656
528
592
624
530
441
426
496
531
304
344
304
336
352
432
256
293
258
204
236
263
186
256
10000
240
496
560
668
884
1045
1180
1306
1344
1599
1685
1743
1797
1958
1899
1997
2235
2137
2242
2335
2374
2506
2543
2511
2543
2615
2736
2639
2608
2800
2795
2847
2855
2863
2799
2923
2897
2903
2891
2926
2903
2871
2943
2903
2973
2935
3119
3019
3007
3015
10000
2787
2831
2419
2281
2261
2204
1959
1840
1666
1584
1448
1432
1245
1264
1106
1164
1139
1116
898
913
878
802
722
804
768
668
704
625
549
631
484
536
360
484
514
437
304
240
454
256
290
266
298
297
280
337
241
273
320
185
10000
176
290
642
716
882
1028
988
1221
1349
1456
2871
3019
2955
2863
2943
2927
3069
2911
2943
3027
2999
2963
3031
3023
3024
10000
2895
2678
2543
2349
2282
2070
1963
1777
1704
1651
1535
1529
1300
1294
1254
1143
1065
1099
985
1074
912
880
752
750
675
712
720
506
640
501
594
584
497
342
408
452
354
432
332
384
300
224
336
272
168
256
152
313
320
315
10000
244
432
592
672
910
1028
1152
1392
1408
1495
1648
1648
1789
2000
1978
2128
2157
2218
2192
2391
2455
2391
2445
2611
2518
2583
2637
2591
2647
2684
2794
2710
2733
2862
2747
2830
2871
2787
2911
2991
2832
2897
2919
2950
2839
2863
3027
2897
3099
3125
10000
2859
2639
2559
2423
2214
2007
1767
1866
1615
1622
1493
1476
1364
1270
1180
1060
1088
888
978
844
907
796
700
816
722
672
620
640
610
554
554
528
545
432
422
448
480
548
424
432
340
470
342
355
320
300
244
296
256
194
10000
198
466
579
768
876
1009
1197
1180
1440
1494
1616
1789
1894
1914
2013
2019
2155
2218
2333
2314
2417
2407
2385
2441
2624
2512
2559
2613
2719
2799
2725
2749
2911
2933
2899
2927
2855
2859
2879
2959
2833
2887
2951
2943
2899
3007
3103
2931
2979
3071
10000
2815
2751
2427
2293
2265
2100
1951
1894
1751
1750
1662
1467
1344
1298
1203
1166
1092
1130
988
844
860
784
748
836
841
768
640
624
504
685
597
552
539
435
554
448
496
404
384
376
261
304
332
404
372
269
181
300
332
258
10000
268
441
576
704
808
902
1138
1237
1354
1461
1552
1680
1877
1872
1982
2017
2226
2118
2231
2214
2390
2355
2353
2454
2609
2506
2517
2647
2607
2724
2722
2687
2855
2719
2859
2896
2831
2929
2949
2879
2987
3031
2879
3071
2715
3039
2973
3151
2967
3139
10000
2991
2755
2625
2349
2247
2079
2005
1722
1898
1703
1472
1454
1334
1290
1156
976
1005
1054
996
931
854
848
785
784
772
672
505
649
464
576
604
504
569
592
464
401
385
408
336
344
332
336
161
338
276
200
294
247
232
232
10000
176
384
599
756
864
896
1106
1353
1456
1443
1670
1756
1861
2007
2014
2129
2090
2147
2318
2315
2267
2393
2453
2599
2595
2454
2503
2645
2673
2655
2823
2759
2863
2791
2917
2883
2895
2827
2983
2835
2829
2999
2959
2983
3047
2943
2879
2959
3135
3039
10000
3023
2785
2382
2379
2321
2064
1879
1886
1770
1443
1581
1520
1340
1262
1142
1162
1106
1088
1011
884
864
864
740
794
689
744
752
618
554
533
510
576
578
526
412
432
344
378
368
362
432
320
306
320
308
336
258
276
208
329
10000
195
320
504
629
900
1006
1184
1258
1535
1573
1684
1697
1899
1973
2045
2037
2117
2247
2203
2349
2375
2399
2384
2544
2509
2477
2663
2807
2707
2707
2763
2695
2811
2767
2891
2822
2871
2890
2767
2882
2974
2883
2893
2998
2975
2967
3007
3003
2963
3147
10000
2839
2767
2603
2381
2285
2161
1941
1993
1689
1595
1488
1461
1447
1285
1172
1137
1178
1032
842
960
817
800
786
775
720
608
685
576
616
614
576
640
568
560
534
448
373
368
416
356
352
320
354
240
368
276
272
240
201
280
10000
149
416
560
708
896
994
1078
1233
1413
1535
1619
1700
1705
1908
1949
2083
2096
2221
2174
2287
2335
2487
2447
2525
2645
2543
2527
2453
2614
2644
2742
2747
2762
2767
2847
2907
2811
2929
2971
2755
2861
2975
2903
2991
3003
2941
2987
2999
3001
3047
10000
2999
2790
2655
2350
2282
2042
1973
1939
1808
1654
1618
1534
1344
1299
1234
1234
993
1082
997
972
908
874
748
784
852
645
667
592
718
582
548
506
584
572
521
576
364
336
384
324
365
256
232
210
256
256
320
200
393
160
10000
295
408
506
641
889
995
1033
1291
1374
1483
1615
1763
1794
1862
2097
2047
2118
2217
2215
2399
2358
2423
2433
2447
2406
2535
2623
2611
2672
2649
2851
2871
2766
2779
2704
2903
3011
2895
2901
2923
2979
2975
3003
2893
2934
2927
2887
3057
3205
3038
10000
2943
2675
2557
2311
2235
2077
1986
1801
1767
1680
1519
1468
1332
1209
1267
1089
1102
1052
1069
827
854
852
648
782
736
548
592
538
624
632
688
642
496
528
455
421
478
347
422
480
368
322
304
288
268
256
432
137
336
272
10000
96
400
546
624
848
1138
1012
1328
1306
1488
1561
1744
1799
1911
1927
1963
2047
2141
2247
2327
2320
2389
2463
2343
2545
2672
2671
2555
2655
2586
2837
2767
2875
2847
2768
2930
2847
2955
3062
2859
2827
2933
2943
3015
2853
2955
3055
3030
2991
3142
10000
3015
2699
2499
2471
2231
2133
1927
1936
1712
1632
1535
1424
1335
1232
1201
1263
1142
972
978
859
1048
928
808
694
688
748
664
624
580
564
507
544
619
528
548
432
485
392
460
400
384
336
368
352
374
290
272
340
272
193
10000
128
560
631
838
811
1013
1117
1319
1382
1525
1568
1707
1734
1947
1995
2077
2144
2179
2254
2182
2399
2477
2501
2466
2615
2558
2659
2623
2687
2683
2658
2687
2847
2864
2864
2863
2929
2837
2955
2993
2975
2815
2998
3031
2962
2991
2961
3055
3055
3029
10000
2991
2767
2608
2356
2180
2027
2031
1863
1787
1639
1567
1348
1512
1321
1223
1170
1149
968
1011
960
836
840
720
800
771
704
664
712
660
576
484
448
528
442
372
376
418
410
400
358
448
320
342
325
320
320
220
288
352
176
10000
292
474
598
677
864
983
1164
1280
1369
1440
1598
1812
1840
1810
1970
2031
2160
2244
2110
2159
2245
2367
2486
2462
2463
2541
2671
2719
2615
2678
2687
2802
2929
2768
2870
2895
2934
2821
2979
2843
2939
2973
2943
2949
2879
2971
2991
3167
3037
2990
10000
2930
2661
2544
2378
2197
2074
1933
1809
1734
1653
1520
1402
1482
1277
1298
1168
1230
1051
914
883
952
806
752
818
721
678
634
688
722
660
534
536
524
436
544
564
404
336
288
384
401
438
306
329
304
322
309
320
240
376
10000
168
464
507
682
720
960
1161
1174
1430
1562
1630
1706
1845
1856
2065
2047
2147
2177
2159
2280
2390
2489
2535
2503
2559
2535
2535
2599
2691
2791
2651
2727
2815
2929
2926
2827
2927
2957
2897
3031
2915
2943
2967
3014
3025
2939
2926
2963
2987
3115
10000
2898
2775
2526
2310
2125
2075
2031
1852
1697
1527
1535
1399
1344
1315
1358
1161
1063
1021
884
944
878
834
816
698
710
748
668
640
650
624
689
448
590
452
608
568
421
368
336
364
368
298
256
464
212
401
296
256
240
118
10000
304
486
613
609
944
873
1078
1238
1413
1477
1697
1774
1680
1810
2005
2075
2023
2181
2188
2262
2281
2379
2455
2487
2609
2595
2671
2709
2726
2739
2623
2811
2889
2814
2869
2961
2897
2839
2859
2863
2991
3063
2927
2975
3027
2879
3091
3063
3025
3119
10000
2831
2719
2642
2439
2229
2019
1830
1745
1749
1675
1376
1504
1379
1216
1287
1177
1077
986
1030
866
965
885
792
640
676
736
661
596
528
480
641
562
548
469
451
356
412
465
410
384
401
358
288
282
347
376
297
256
160
320
10000
32
384
640
688
788
989
1012
1328
1344
1480
1616
1696
1824
1920
1907
1998
2158
2175
2207
2329
2351
2535
2431
2482
2447
2535
2647
2559
2679
2791
2763
2695
2559
2935
2815
2879
2907
2915
2831
2866
2931
2927
2943
3053
2925
2871
3031
3038
3111
3063
10000
2883
2733
2529
2416
2255
2010
2057
1885
1743
1601
1449
1587
1398
1178
1331
1193
1104
872
890
910
848
837
784
838
768
809
693
624
664
661
465
474
448
560
560
464
422
432
298
386
448
336
192
360
312
376
320
258
192
304
10000
340
336
557
736
952
982
1217
1184
1278
1453
1482
1765
1751
1859
1969
2004
2192
2183
2347
2289
2342
2315
2459
2451
2527
2533
2647
2597
2606
2663
2737
2843
2823
2865
2879
2783
2800
2879
2975
2827
2879
3007
3007
3071
2983
2943
2767
2991
2887
3123
10000
2887
2678
2507
2309
2191
2103
1965
1847
1771
1618
1569
1321
1312
1322
1193
1202
1130
1082
1065
1022
816
898
848
774
756
656
656
680
612
496
470
592
598
480
464
429
426
384
321
466
376
340
216
362
354
336
320
152
320
120
10000
176
448
560
601
944
945
1273
1136
1361
1580
1665
1695
1744
1843
1982
2000
2021
2191
2383
2255
2249
2387
2493
2547
2534
2559
2599
2559
2603
2701
2699
2736
2763
2705
2679
2790
2935
2919
2911
2903
2955
2935
2917
3031
2959
2991
2971
3007
3134
3138
10000
3055
2685
2479
2352
2043
2032
1978
1769
1712
1589
1645
1439
1326
1258
1172
1091
1082
1017
988
861
967
883
752
688
780
622
704
794
600
600
627
489
618
532
522
432
405
448
306
483
336
448
323
344
352
192
240
243
218
172
10000
233
376
593
603
784
1011
1144
1395
1444
1618
1646
1648
1770
1869
1872
2015
2171
2099
2317
2371
2379
2373
2479
2503
2559
2623
2555
2741
2671
2675
2704
2739
2795
2887
2791
2939
2875
2879
2879
3013
2925
2991
2922
2951
2927
2999
3003
3231
2915
2927
10000
2864
2678
2499
2335
2160
2131
2005
1797
1757
1638
1535
1463
1517
1304
1197
1076
1092
1102
954
873
966
786
880
752
768
696
704
592
642
552
592
528
492
552
450
482
436
356
320
336
440
272
290
409
256
325
308
400
240
176
10000
256
368
538
708
917
1008
1240
1244
1354
1515
1622
1712
1889
1955
2018
2064
2161
2142
2224
2241
2283
2383
2479
2495
2486
2559
2587
2675
2661
2587
2691
2799
2781
2935
2837
2811
2935
2871
2967
2939
2943
2991
2927
2939
3071
2943
3071
3003
3111
3095
10000
2943
2606
2609
2255
2179
2160
1935
1846
1751
1533
1535
1405
1262
1324
1242
1166
1045
1014
1095
899
915
781
776
791
796
690
696
579
568
690
604
576
612
386
560
354
448
396
432
412
450
322
208
352
284
272
292
324
272
234
10000
288
400
368
744
832
832
1086
1280
1245
1393
1556
1758
1703
1917
1842
2007
2118
2126
2273
2303
2279
2427
2414
2503
2544
2499
2559
2557
2650
2687
2771
2759
2631
2891
2799
2943
2843
2923
2935
2863
2903
2935
2959
2827
2999
2891
2923
3127
3003
2991
10000
2909
2750
2512
2374
2183
2215
2033
1775
1798
1527
1517
1493
1369
1152
1194
1216
1052
1104
967
1056
922
845
832
848
710
576
736
586
690
560
464
464
556
432
392
432
448
404
418
464
282
464
368
300
272
256
388
256
177
160
10000
122
392
660
660
892
982
1044
1274
1342
1424
1630
1756
1857
1810
1938
2043
2195
2175
2231
2245
2311
2478
2465
2559
2627
2607
2512
2621
2693
2643
2767
2707
2843
2749
2827
2847
2790
2943
2887
3014
2911
2843
3047
2991
3152
3164
3062
2927
3157
3045
10000
2863
2599
2505
2329
2255
2137
1936
1835
1733
1680
1584
1377
1395
1270
1188
1126
1052
1008
980
966
861
866
906
848
789
722
704
568
618
624
640
578
544
480
470
404
416
352
353
342
448
309
336
394
378
208
184
338
304
192
10000
257
442
605
587
833
1010
1088
1276
1321
1440
1677
1776
1680
1927
1930
1929
2123
2141
2315
2303
2375
2339
2455
2544
2637
2480
2629
2625
2694
2705
2691
2801
2768
2935
2831
2827
2961
2975
2959
2831
2975
2832
2891
2879
2963
2935
2980
3023
3023
3167
10000
2915
2741
2490
2410
2261
2176
1897
1899
1776
1632
1594
1519
1434
1328
1338
1155
1088
1129
1050
960
982
786
756
798
724
712
660
780
616
616
466
530
506
400
395
480
501
400
280
348
336
394
176
320
200
392
288
282
314
176
10000
244
448
576
658
856
1112
1175
1228
1394
1495
1724
1751
1787
1925
1939
2121
2128
2173
2258
2343
2372
2405
2467
2469
2527
2618
2621
2493
2699
2845
2733
2759
2907
2827
2773
2895
2839
2799
2815
2815
3015
2958
3047
2927
3062
2928
3031
3035
3179
3111
10000
2917
2710
2519
2507
2258
2160
2002
1875
1775
1524
1506
1481
1376
1309
1243
1312
1097
965
832
932
752
810
827
804
788
688
802
752
562
617
560
576
523
517
517
405
418
492
304
448
368
408
342
233
392
280
313
268
202
192
10000
128
392
560
681
848
977
1133
1258
1285
1478
1691
1659
1871
1853
2015
1962
2079
2223
2214
2306
2475
2433
2429
2695
2551
2590
2591
2599
2662
2722
2700
2770
2879
2757
2853
2887
2923
2929
2884
2901
2999
2959
2967
2863
2883
2943
3127
2975
2927
3071
10000
2911
2615
2531
2443
2187
2031
1841
1879
1769
1610
1535
1429
1361
1338
1200
1088
1056
1065
1030
851
901
853
890
773
748
720
672
664
606
584
578
528
462
501
438
494
312
354
387
384
400
300
260
272
426
384
208
256
330
358
10000
144
496
548
774
944
916
1202
1284
1253
1525
1585
1691
1770
1982
1989
2127
2190
2193
2241
2245
2343
2417
2451
2512
2451
2478
2479
2619
2619
2803
2719
2751
2705
2874
2859
2859
2807
2991
2863
2983
2960
3069
2907
3018
2943
2999
3029
3195
2947
3039
10000
2943
2723
2531
2455
2287
2181
2000
1860
1809
1535
1610
1525
1408
1328
1232
1248
1107
1008
982
944
880
864
848
866
741
662
678
741
640
742
636
534
608
520
448
410
363
451
276
448
300
372
304
297
354
272
262
288
320
321
10000
256
304
468
724
704
1072
1184
1321
1400
1522
1487
1680
1916
1850
1970
2086
2123
2218
2194
2318
2335
2474
2494
2480
2559
2559
2715
2667
2717
2821
2639
2819
2763
2896
2763
2939
2903
2815
2815
2907
2951
2891
2779
2991
2987
2896
2935
3021
2967
2910
10000
2929
2672
2404
2271
2158
1999
2073
1904
1600
1611
1475
1488
1351
1266
1210
1192
1104
993
932
870
944
802
848
732
712
680
695
648
624
602
554
560
482
480
428
480
472
438
282
328
363
312
306
308
384
388
244
232
192
192
10000
290
474
530
729
938
1057
1198
1251
1408
1473
1648
1691
1756
1948
1931
2077
2139
2123
2215
2247
2317
2327
2431
2494
2551
2559
2603
2642
2551
2694
2699
2737
2799
2769
2815
2879
2943
2821
2847
2959
2929
2910
2965
3007
3069
3071
3131
2923
2982
3155
10000
2827
2723
2631
2379
2274
2189
1989
1771
1840
1607
1535
1429
1374
1326
1269
1200
1072
1130
944
1051
858
899
662
873
728
697
580
608
565
548
576
544
507
546
434
368
387
360
384
384
402
290
297
288
304
308
210
290
178
260
10000
164
448
576
704
753
997
1264
1238
1248
1445
1665
1618
1776
1855
2061
2055
2128
2175
2283
2256
2353
2390
2407
2603
2499
2537
2623
2583
2651
2750
2667
2835
2766
2722
2875
2810
2915
2917
2902
2928
2911
3037
2931
2867
2883
3007
2927
2973
3025
3111
10000
2815
2722
2545
2427
2231
2113
1968
1832
1744
1574
1493
1473
1375
1269
1216
1120
1104
1074
912
992
960
881
868
848
640
640
717
597
566
498
552
589
585
508
397
452
456
409
339
392
490
358
340
304
128
288
384
277
306
320
10000
276
422
620
784
870
945
1064
1217
1362
1556
1648
1707
1916
1834
1985
2069
2047
2143
2314
2383
2475
2458
2471
2510
2541
2707
2687
2659
2733
2599
2687
2795
2723
2891
2783
2915
2919
2864
2874
2925
3051
3039
2961
2917
2899
2787
2971
2835
2931
3071
10000
2935
2623
2559
2293
2303
2111
2063
1967
1749
1578
1520
1489
1298
1392
1274
1188
1104
1123
1068
846
880
876
834
800
693
624
641
704
720
568
570
556
480
632
488
490
448
384
281
432
304
304
292
403
400
232
288
277
202
236
10000
220
484
504
656
884
980
1058
1216
1362
1618
1602
1635
1865
1978
1953
2015
2089
2130
2263
2243
2315
2559
2463
2547
2559
2655
2669
2625
2618
2559
2737
2831
2806
2695
2971
2769
2955
2963
2895
2807
2879
3023
2975
3027
3069
3007
2999
3015
3063
3123
10000
2878
2735
2453
2407
2139
2164
1986
1907
1851
1619
1621
1412
1412
1296
1168
1168
989
1125
928
944
896
777
816
753
572
785
650
672
624
560
640
624
480
468
480
484
516
348
480
416
358
322
393
340
412
322
290
290
236
336
10000
185
400
634
756
892
1072
1204
1398
1296
1457
1726
1791
1862
1979
1891
2015
2187
2147
2205
2288
2381
2475
2335
2367
2511
2603
2603
2583
2727
2711
2639
2603
2899
2755
2795
2803
2885
2971
2831
2940
3051
2911
3043
2991
2991
2967
2971
3102
3163
3157
10000
3025
2875
2527
2447
2119
2069
1978
1833
1884
1660
1596
1408
1328
1298
1312
1208
1062
1033
896
1000
816
760
688
937
692
640
696
720
652
544
546
560
492
416
432
448
336
352
344
432
324
330
272
330
352
180
394
217
238
258
10000
276
384
572
609
842
1028
1088
1233
1248
1424
1631
1658
1802
1904
2079
2128
2086
2074
2289
2367
2305
2431
2439
2471
2459
2625
2587
2642
2755
2751
2783
2855
2847
2739
2832
2843
2725
2955
2859
2933
2879
2929
2919
3046
2967
2995
2981
2975
3067
2910
10000
2893
2743
2589
2371
2285
2059
1997
1813
1808
1776
1570
1484
1377
1337
1168
1214
1061
1040
944
973
942
804
769
854
752
544
624
708
629
592
528
544
473
448
397
410
320
352
328
416
312
338
426
362
364
170
304
192
156
264
10000
272
432
592
754
788
1088
1228
1200
1441
1609
1557
1745
1744
1909
1975
2135
2135
2197
2161
2266
2335
2303
2452
2555
2497
2527
2623
2643
2647
2727
2652
2727
2731
2871
2779
2791
2851
2943
2958
2871
2833
2967
3089
2863
2987
3135
3007
3125
2998
3011
10000
3039
2629
2541
2399
2327
2100
2064
1856
1733
1648
1493
1460
1475
1425
1273
1050
1040
1167
1012
898
812
777
740
807
758
664
690
673
624
656
452
517
457
561
528
520
422
378
424
393
432
244
313
428
218
356
226
304
270
268
10000
100
464
593
866
888
905
1042
1353
1330
1424
1647
1694
1835
1843
1945
2036
2131
2253
2287
2335
2287
2385
2483
2559
2658
2595
2559
2675
2759
2678
2757
2867
2699
2843
2871
2790
2895
2765
2847
2901
2839
2887
2907
3007
2973
2923
3039
2874
2999
2999
10000
2899
2687
2522
2395
2282
2119
2015
1863
1756
1619
1409
1456
1357
1441
1233
1126
1042
1076
1045
933
912
845
854
775
736
720
788
661
624
560
554
508
561
493
448
537
336
384
314
435
418
302
240
304
208
256
328
272
282
256
10000
312
357
640
582
822
1186
1040
1280
1380
1535
1616
1666
1756
1967
2020
2109
2158
2192
2352
2337
2319
2529
2416
2449
2499
2651
2647
2611
2679
2801
2768
2705
2783
2903
2831
2867
2929
2909
2853
2854
2943
2995
2886
2930
2955
2955
3003
2966
3071
3003
10000
2879
2735
2591
2431
2231
2127
1931
1782
1722
1767
1527
1380
1268
1212
1177
1264
1221
1018
1103
934
816
877
784
772
713
550
656
600
648
656
619
496
576
418
497
428
492
448
460
332
418
417
336
340
176
324
235
256
133
192
10000
72
364
550
696
816
1042
1095
1172
1424
1469
1698
1712
1776
1877
1913
2090
2015
2183
2270
2353
2342
2367
2366
2501
2487
2547
2668
2599
2768
2711
2815
2544
2767
2751
2834
2783
2717
2851
2907
3029
2930
2864
2831
2879
3059
3055
2971
3047
2992
3014
10000
2867
2743
2415
2305
2251
2128
1954
1872
1667
1619
1526
1388
1375
1309
1166
1285
1136
1048
979
834
898
800
774
689
764
834
732
672
673
652
505
528
481
496
464
394
456
384
432
340
354
357
505
305
386
305
388
274
352
320
10000
266
363
522
852
1013
937
1107
1376
1569
1535
1678
1698
1745
1901
2028
2067
2174
2231
2335
2315
2326
2405
2398
2377
2601
2469
2589
2599
2731
2609
2751
2743
2679
2687
2815
2737
2933
2843
2919
2939
2883
2859
3059
2871
2941
3063
3030
2855
3088
3071
10000
2899
2655
2513
2399
2227
2103
2112
1871
1681
1585
1616
1450
1416
1296
1189
1088
1107
1112
954
896
890
864
860
820
748
796
644
608
556
576
472
476
576
368
384
480
490
432
412
456
357
304
393
320
441
256
408
298
300
348
10000
272
385
510
582
816
896
1181
1161
1334
1520
1499
1683
1759
1930
1968
2015
1995
2263
2226
2287
2355
2427
2545
2475
2655
2587
2543
2743
2618
2802
2799
2651
2659
2855
2807
2823
2879
3038
2831
2967
2987
2995
2963
3035
3047
2934
3003
2931
3054
3071
10000
2847
2727
2625
2323
2131
2121
1876
1776
1795
1516
1535
1431
1438
1309
1250
1187
1184
922
977
948
883
953
835
784
688
644
704
568
560
561
545
556
405
570
552
448
396
240
465
432
368
341
373
286
402
226
353
228
201
292
10000
322
330
626
689
804
1003
1211
1269
1338
1619
1702
1721
1899
1937
1887
1974
2103
2107
2179
2278
2247
2331
2386
2635
2521
2559
2639
2559
2638
2671
2802
2741
2711
2779
2799
2847
2943
2931
2879
2879
2911
3031
2895
3087
3103
3019
2998
3119
2947
3183
10000
3019
2642
2487
2351
2112
2086
1989
1815
1683
1519
1388
1372
1441
1301
1232
1284
976
1101
1061
912
878
808
788
816
708
757
576
726
656
597
581
608
690
589
386
424
472
428
458
416
384
337
256
320
300
304
320
360
379
256
10000
210
356
624
739
780
1109
1178
1272
1286
1352
1575
1753
1779
1914
1991
2062
2047
2112
2215
2384
2359
2352
2511
2431
2631
2619
2631
2691
2687
2746
2770
2935
2739
2727
2800
2860
2879
2895
2839
2827
2847
2815
2867
3013
2855
2879
3099
2885
3007
2931
10000
2935
2669
2559
2451
2218
2007
2057
1943
1840
1640
1520
1472
1456
1299
1367
1130
1113
960
1093
882
968
849
736
752
688
752
773
582
592
596
564
576
484
376
488
372
400
384
200
348
368
418
256
330
368
302
325
244
288
312
10000
268
418
576
752
928
976
1120
1248
1312
1574
1580
1674
1744
1982
1953
2068
2119
2233
2273
2305
2285
2391
2431
2629
2559
2437
2587
2661
2727
2662
2783
2736
2723
2761
2897
2891
2896
2911
2782
2891
2987
2911
3039
2991
2955
3071
2991
2975
2919
2963
10000
3010
2807
2627
2385
2255
2112
2045
1910
1845
1613
1597
1437
1314
1327
1186
1142
1090
1042
947
1004
832
849
880
880
667
832
752
700
624
640
656
536
576
401
401
400
500
586
389
328
260
362
256
369
218
268
240
320
282
296
10000
296
480
400
681
867
1090
1153
1260
1535
1563
1681
1749
1831
1909
1996
2011
2206
2142
2222
2354
2291
2309
2431
2381
2509
2583
2615
2739
2643
2679
2751
2846
2739
2789
2821
2863
2823
2929
2915
3039
2897
2865
2823
3063
2971
2795
2983
2903
3027
2982
10000
3015
2719
2447
2347
2283
2221
1886
1854
1827
1730
1471
1531
1392
1307
1212
1104
1068
1038
980
910
736
872
906
832
669
768
668
726
620
620
421
576
416
486
440
352
432
348
464
340
346
336
304
336
210
240
265
282
384
121
10000
264
448
682
656
864
922
1111
1245
1362
1584
1641
1685
1738
1973
2007
1963
1967
2102
2125
2362
2309
2379
2422
2509
2419
2691
2559
2663
2647
2855
2699
2768
2847
2780
2943
2862
2911
2955
2781
2941
2931
2987
2975
2991
2989
3013
3047
3120
3023
3119
10000
2877
2787
2559
2354
2146
2091
2014
2000
1568
1567
1590
1552
1354
1427
1226
1137
1093
912
982
994
876
880
864
677
789
656
600
720
692
601
645
513
586
522
500
498
485
416
360
256
464
394
364
282
240
208
240
200
224
216
10000
288
493
624
726
784
956
1227
1155
1349
1594
1691
1693
1842
1975
1903
1995
2113
2187
2230
2311
2370
2437
2373
2481
2495
2523
2531
2510
2607
2773
2834
2767
2711
2587
2795
2800
2799
2839
2987
2929
3053
3007
2967
3088
3051
2837
3015
3071
3045
3071
10000
2875
2813
2469
2419
2206
2084
2003
1833
1808
1772
1558
1461
1252
1392
1270
1144
1072
1090
1060
931
946
888
816
675
738
726
624
588
656
556
553
528
504
480
537
384
548
448
340
416
352
322
384
295
261
366
340
320
312
311
10000
240
480
656
707
900
880
1094
1224
1229
1328
1601
1711
1775
1802
2047
1887
2112
2207
2369
2227
2271
2356
2515
2511
2471
2435
2559
2654
2622
2559
2682
2815
2666
2871
2767
2987
2879
2992
2999
2919
2907
3023
3015
2911
2879
2983
3023
2960
3006
3121
10000
2887
2839
2611
2287
2273
2187
1958
1760
1849
1568
1573
1461
1488
1418
1132
1154
1040
1018
973
848
880
800
836
850
784
708
684
586
673
576
457
468
566
553
416
390
556
400
416
464
404
192
236
346
236
328
320
336
304
320
10000
168
376
506
674
920
892
1152
1193
1392
1427
1585
1701
1939
1844
1878
1911
2089
2160
2222
2279
2291
2449
2405
2551
2490
2467
2597
2731
2765
2707
2787
2673
2745
2859
2839
2727
2839
2833
2928
2839
2815
2879
2987
2928
2971
2953
2960
2965
2925
3027
10000
2931
2687
2591
2471
2224
2094
1951
1891
1824
1579
1488
1500
1380
1228
1152
1357
1149
1110
992
1022
802
816
884
810
720
769
616
720
570
504
473
604
592
400
496
220
504
402
384
392
304
296
392
312
333
226
212
365
232
162
10000
208
522
540
730
850
1054
1134
1165
1454
1535
1680
1751
1934
1877
2039
2025
2096
2215
2321
2359
2320
2413
2398
2529
2545
2471
2612
2559
2502
2595
2723
2674
2813
2819
2710
3025
2931
2832
2879
2991
3047
2943
2923
2979
2979
3047
2950
2934
2999
2975
10000
2959
2835
2419
2391
2241
2096
1971
1902
1713
1647
1510
1466
1394
1162
1200
1205
1120
1040
1021
931
744
844
788
677
706
656
596
680
688
690
592
537
454
448
496
462
504
346
400
458
424
486
410
277
352
352
306
229
220
197
10000
144
430
468
720
864
946
976
1286
1314
1625
1652
1711
1883
1925
2046
2041
2077
2170
2145
2246
2256
2445
2387
2477
2551
2643
2625
2647
2615
2775
2687
2627
2815
2833
2911
2859
2863
2835
2799
2934
2887
2991
2895
2877
2815
2967
2995
3015
3015
2955
10000
2919
2589
2559
2319
2309
2176
1972
1965
1747
1661
1488
1442
1419
1314
1001
1171
1026
1049
1014
896
972
816
848
827
832
752
704
800
720
602
616
550
370
552
352
388
324
464
296
472
368
305
312
224
212
256
282
148
208
336
10000
272
568
562
740
877
944
1136
1253
1446
1451
1645
1799
1746
1903
1888
2058
2087
2215
2288
2243
2385
2378
2395
2507
2535
2683
2603
2589
2672
2659
2685
2736
2887
2858
2855
2879
2884
2843
2833
2939
2923
2951
3003
2957
3023
3135
3053
3056
2990
2991
10000
2943
2706
2380
2385
2310
2037
1983
1878
1780
1761
1504
1565
1383
1258
1275
1178
982
976
1042
970
996
880
792
949
691
672
768
604
584
557
550
528
364
481
539
528
468
554
395
392
436
338
352
357
277
288
224
272
370
242
10000
288
456
544
610
866
938
969
1185
1357
1427
1582
1643
1771
1906
1945
2009
2182
2194
2325
2271
2221
2410
2465
2459
2659
2442
2599
2679
2607
2613
2719
2711
2827
2975
2795
2943
2801
2833
2947
2918
3007
3013
2831
2926
2910
3071
3038
3109
2983
2939
10000
2959
2699
2485
2351
2247
2128
1982
1664
1852
1684
1618
1380
1377
1362
1231
1028
1040
962
1062
868
828
909
824
714
780
640
684
672
488
424
640
448
482
538
384
419
322
336
304
259
316
272
324
440
274
360
330
297
358
324
10000
217
425
615
640
816
1078
1186
1263
1445
1442
1659
1637
1797
1846
1875
2042
2005
2155
2302
2247
2306
2416
2403
2483
2468
2442
2677
2608
2687
2719
2719
2709
2675
2859
2759
2821
2949
2955
2906
2947
2875
2983
2849
3057
3007
2943
3007
2923
3099
3059
10000
2982
2767
2589
2397
2225
2163
1945
1930
1696
1614
1560
1442
1454
1264
1108
1180
1002
1088
968
964
792
918
912
844
725
692
784
674
633
580
604
544
633
644
480
308
516
452
497
424
400
304
336
368
217
294
216
329
181
268
10000
176
464
640
720
812
896
1232
1232
1477
1455
1568
1726
1831
1923
1934
2083
1975
2177
2167
2302
2412
2350
2446
2545
2499
2598
2559
2687
2671
2647
2719
2711
2667
2835
2779
2837
2906
2943
2877
2815
2907
2851
2959
2993
2941
2806
2925
3027
3127
2979
10000
2998
2719
2471
2397
2231
2017
1978
1922
1861
1646
1578
1514
1440
1242
1283
1148
1122
1045
1012
891
901
970
832
780
656
648
646
600
560
626
560
436
580
492
448
448
476
288
368
338
320
332
330
304
234
322
259
352
224
338
10000
296
394
596
646
858
976
1200
1201
1444
1534
1535
1664
1822
1812
1923
1979
2094
2261
2170
2351
2282
2255
2475
2421
2599
2559
2559
2611
2655
2871
2639
2706
2734
2855
2855
2993
2871
2875
3023
2931
2910
2895
3003
2979
3029
3047
2960
2991
3006
3071
10000
2951
2695
2481
2543
2195
2007
2002
1776
1885
1674
1553
1476
1388
1316
1234
1168
1159
880
896
944
942
896
822
816
795
747
670
692
564
490
529
534
554
544
472
582
457
448
468
432
368
277
272
324
377
264
298
304
213
272
10000
240
385
609
840
939
1057
1149
1192
1402
1601
1683
1793
1712
1919
1904
2131
2151
2234
2363
2394
2251
2459
2431
2466
2541
2685
2607
2585
2687
2695
2767
2758
2713
2927
2729
2911
2811
2795
2791
2911
2883
2983
2989
3071
3027
3007
2867
2907
2959
3119
10000
2911
2687
2545
2275
2223
2042
1860
1817
1840
1698
1584
1507
1468
1273
1046
1168
1125
1040
824
873
978
878
826
848
656
624
576
560
618
684
474
448
469
464
489
360
422
396
470
336
315
352
321
320
338
324
307
288
276
180
10000
276
384
592
746
873
1050
1179
1268
1440
1561
1563
1753
1687
1839
1883
2128
2015
2073
2185
2187
2331
2423
2327
2515
2643
2486
2535
2686
2739
2655
2723
2739
2783
2811
2811
2830
3025
2895
2863
2951
3047
2960
2999
2895
2966
3005
2951
2963
3095
3039
10000
2979
2725
2591
2358
2145
2138
2040
1977
1744
1620
1520
1450
1347
1313
1136
1277
1136
1137
1005
952
924
806
851
616
610
672
720
676
674
496
468
576
596
408
432
520
336
384
496
288
397
324
280
329
276
276
152
260
226
284
10000
105
304
522
708
789
960
1168
1186
1198
1648
1580
1650
1818
1872
1977
2079
2062
2170
2351
2387
2391
2385
2503
2463
2501
2515
2641
2559
2639
2614
2725
2679
2771
2807
2735
2799
2867
2839
2815
2885
2911
2963
2957
2879
2903
3071
2985
3125
3107
3067
10000
2847
2559
2543
2375
2079
2043
2011
1825
1825
1694
1570
1435
1378
1292
1256
1098
1164
1100
989
944
885
754
896
764
772
756
532
592
576
531
592
532
461
496
430
474
474
368
357
464
416
482
288
384
356
260
232
262
293
333
10000
260
384
600
713
832
996
1214
1284
1357
1484
1616
1690
1827
1835
1859
2091
2079
2192
2199
2299
2313
2487
2278
2559
2449
2442
2611
2607
2725
2703
2691
2843
2795
2747
2983
2910
2847
2927
2975
2851
2799
2907
3015
2994
3071
3015
3055
3045
3135
3039
10000
2871
2755
2491
2295
2288
2098
1959
1895
1755
1632
1535
1354
1377
1320
1210
1114
1093
985
918
976
904
912
856
848
661
770
707
528
597
584
566
588
586
602
554
312
384
340
336
416
448
348
272
275
308
298
265
208
345
192
10000
256
280
480
768
832
944
1168
1225
1442
1518
1641
1606
1793
1920
1922
1973
2107
2241
2209
2341
2299
2369
2447
2373
2551
2655
2559
2700
2758
2736
2703
2755
2655
2847
2815
2847
2899
2859
2775
2896
2931
2919
2919
2950
3047
3013
2927
3127
3037
2939
10000
2895
2695
2544
2385
2213
2160
1943
1847
1737
1529
1485
1392
1342
1235
1290
1186
1216
996
880
808
824
772
828
868
850
760
640
624
564
640
632
505
488
533
418
409
400
560
384
312
288
324
404
297
313
276
240
256
209
181
10000
304
384
625
697
848
963
1088
1269
1450
1515
1606
1647
1761
1855
1966
2083
2184
2127
2286
2288
2384
2439
2351
2303
2448
2384
2559
2667
2723
2735
2723
2675
2815
2843
2803
2875
2883
2939
2861
3005
2827
2975
2864
3015
3011
2971
2959
3027
3123
2971
10000
3011
2719
2503
2303
2242
2112
1949
1809
1716
1641
1554
1456
1333
1318
1136
1176
1029
944
1078
960
946
848
924
848
760
689
748
793
593
624
578
469
488
396
576
400
388
464
377
346
432
320
422
312
300
194
256
200
256
322
10000
144
344
624
740
896
1050
1156
1222
1314
1439
1632
1704
1769
1921
1979
2119
2111
2167
2258
2343
2369
2288
2391
2463
2480
2695
2627
2625
2555
2654
2717
2687
2613
2725
2858
2863
2883
2877
2833
2915
2911
2939
2993
2927
2927
3022
3107
3015
3071
2987
10000
2863
2683
2451
2343
2242
2150
2007
1919
1831
1693
1522
1392
1409
1386
1200
1136
1117
1021
1035
958
1009
732
835
840
720
736
612
608
540
563
592
576
528
448
432
432
410
464
436
314
348
393
338
280
272
305
334
259
288
272
10000
228
467
754
788
800
972
1162
1224
1339
1524
1569
1675
1758
1892
2032
2061
2106
2078
2238
2223
2367
2421
2352
2474
2475
2481
2559
2559
2695
2719
2719
2903
2767
2897
2885
2815
2807
2901
3039
3006
2959
3063
3053
2891
3007
2999
3199
2863
2927
3063
10000
3025
2699
2559
2321
2223
2042
1982
1739
1759
1606
1481
1472
1397
1266
1232
1104
1136
1033
944
980
777
832
928
898
704
682
720
490
624
693
616
427
506
440
488
432
466
461
390
352
364
196
277
460
288
240
216
192
256
244
10000
236
484
624
593
866
1000
1088
1212
1531
1616
1622
1744
1893
1995
1995
2001
2171
2231
2199
2351
2459
2558
2555
2498
2643
2623
2677
2775
2683
2736
2723
2774
2859
2869
2805
2833
2871
2843
2947
3031
2811
2890
2959
2895
2915
2979
3053
3011
2931
3089
10000
2960
2807
2547
2271
2239
2099
2128
1878
1781
1655
1422
1565
1314
1312
1238
1040
1111
1088
952
897
903
754
693
826
716
708
507
697
622
528
584
604
532
467
456
452
556
488
388
284
466
352
340
292
332
400
354
304
234
240
10000
80
368
506
688
784
944
1152
1201
1452
1456
1584
1788
1795
1901
2128
1981
2073
2132
2226
2353
2445
2377
2448
2539
2595
2611
2609
2645
2611
2754
2672
2727
2750
2687
2827
2815
2926
2821
2835
3015
2943
2943
2991
3007
3027
3007
3138
2871
3071
3243
10000
3037
2711
2599
2383
2225
2059
1926
1808
1697
1527
1663
1456
1344
1288
1249
1210
1104
995
862
921
842
884
784
789
774
665
665
541
560
626
609
580
535
496
404
404
354
514
384
324
209
400
240
308
208
240
272
240
256
228
10000
298
416
635
688
848
1008
1158
1277
1314
1520
1584
1699
1853
1968
1925
1968
2087
2157
2238
2311
2454
2450
2355
2493
2559
2647
2583
2691
2543
2711
2739
2711
2879
2751
2746
2919
2901
2847
2727
2967
2960
2831
2896
3125
2995
2981
3054
2955
3131
2981
10000
2927
2658
2487
2352
2231
2062
2005
1895
1782
1577
1552
1587
1424
1313
1358
1120
1081
1042
1008
870
896
802
889
680
698
681
688
576
680
468
560
550
500
496
432
422
460
305
420
438
338
363
328
272
256
373
298
357
160
352
10000
144
434
568
758
883
944
1116
1240
1318
1456
1597
1837
1833
1958
1821
1919
2160
2215
2235
2317
2375
2411
2479
2499
2447
2445
2655
2647
2719
2768
2779
2775
2737
2915
2869
2815
2911
2859
2915
2942
2960
2903
3023
2933
3005
3147
2994
2935
2971
3025
10000
2931
2789
2439
2384
2309
2119
1907
1783
1776
1717
1456
1397
1344
1302
1258
1204
1022
997
937
1002
778
944
800
792
756
836
650
470
666
672
460
626
368
400
500
450
353
361
487
336
467
262
292
240
304
219
288
212
372
208
10000
266
344
506
834
832
1032
1168
1210
1421
1515
1745
1600
1846
1877
1852
2123
2096
2125
2251
2335
2383
2331
2480
2545
2559
2675
2702
2559
2711
2806
2766
2875
2843
2871
2763
2779
2781
2926
2919
2843
2879
2966
2941
2791
3003
3099
3071
3006
3095
3061
10000
2989
2655
2541
2439
2191
2224
1840
1767
1823
1767
1530
1396
1338
1401
1094
1106
1040
1002
986
961
890
956
844
880
732
654
736
645
720
528
567
557
456
440
560
480
344
492
492
452
452
320
425
384
256
332
289
144
224
256
10000
258
356
585
690
880
960
1067
1294
1434
1535
1578
1737
1730
1767
2021
2007
2047
2195
2173
2263
2355
2439
2321
2511
2559
2609
2559
2607
2559
2707
2693
2771
2883
2842
2901
2768
2815
2895
2999
2997
2871
2895
3053
2898
2960
2999
3089
3119
2890
3039
10000
2919
2687
2527
2352
2293
2043
2089
1821
1744
1648
1535
1522
1376
1319
1296
1132
1168
1110
932
890
864
937
784
890
722
688
742
640
579
584
480
682
516
578
476
416
360
485
440
384
394
284
320
200
356
192
356
300
240
272
10000
217
386
584
601
852
833
1090
1136
1447
1421
1527
1584
1767
1844
1895
2163
2117
2192
2355
2261
2379
2339
2538
2438
2606
2609
2495
2559
2559
2559
2613
2727
2731
2830
2621
2831
2815
2927
2907
2863
3023
2922
2887
2975
3095
2961
2919
2911
3107
3119
10000
2767
2727
2486
2417
2171
2042
1975
1789
1819
1647
1528
1481
1419
1148
1276
1184
1129
1028
922
932
864
865
722
692
704
713
705
642
610
678
596
504
464
386
320
464
436
464
422
371
280
400
282
362
320
369
347
284
216
240
10000
228
502
602
794
768
888
1040
1221
1441
1362
1563
1703
1823
1936
1967
2014
2150
2195
2215
2347
2331
2387
2383
2319
2547
2605
2623
2711
2671
2846
2751
2687
2759
2823
2899
2923
2827
2885
2923
2910
2992
2965
2833
2895
3015
2947
3025
3023
3206
3061
10000
2974
2771
2511
2330
2209
2130
1945
1779
1767
1587
1519
1507
1399
1344
1177
1157
1000
944
928
976
964
848
869
887
720
725
564
704
642
660
612
644
528
437
476
384
404
424
368
312
400
537
330
456
348
242
268
248
228
256
10000
96
400
669
656
817
922
1122
1216
1424
1438
1712
1674
1878
1904
2001
2086
2003
2123
2307
2327
2387
2373
2314
2543
2595
2512
2487
2639
2645
2779
2699
2719
2775
2783
2758
2751
2831
2801
2951
2775
2951
2911
2887
2843
2871
2939
3007
3014
3067
3089
10000
2915
2743
2511
2434
2310
2091
1930
1802
1810
1680
1614
1601
1456
1232
1168
1270
1138
1061
1068
938
848
840
840
718
720
731
646
656
612
586
530
650
546
592
579
433
384
378
364
352
305
397
408
360
256
304
256
352
288
248
10000
272
480
550
850
880
1008
1175
1314
1469
1496
1616
1683
1808
1818
1905
2093
2042
2085
2255
2275
2343
2474
2475
2599
2607
2467
2615
2709
2609
2559
2693
2679
2834
2891
2815
2791
3047
2959
2795
3023
2983
2871
2939
3087
2897
2959
2957
2943
3199
3022
10000
2801
2667
2497
2416
2123
2098
1995
1919
1803
1680
1584
1457
1366
1326
1265
1137
1168
1105
912
1020
861
823
760
912
789
752
804
720
656
640
496
533
552
474
524
374
462
505
465
336
332
306
400
320
192
324
168
288
330
264
10000
36
432
460
720
754
907
1168
1181
1343
1456
1705
1771
1804
1810
1978
1942
2131
2087
2224
2199
2306
2423
2448
2491
2559
2603
2663
2695
2639
2815
2726
2751
2741
2751
2815
2847
2895
2859
2869
3007
2815
2963
2999
2875
2943
2879
2973
2903
3007
2971
10000
2963
2803
2401
2256
2239
2162
2062
1904
1797
1583
1535
1450
1332
1234
1196
1280
1040
1141
1070
960
992
737
706
738
720
626
740
674
694
640
576
500
508
494
444
448
404
384
388
324
342
356
346
268
384
338
322
294
348
296
10000
264
384
612
744
658
1040
1154
1339
1355
1465
1609
1774
1879
1803
1963
1933
2095
2159
2143
2288
2321
2421
2427
2501
2498
2559
2555
2769
2631
2715
2787
2726
2859
2695
2819
2727
2943
2879
2717
2991
2831
3009
2958
2963
2983
2943
2995
3067
3134
3151
10000
2911
2673
2551
2405
2271
2032
2005
1787
1690
1600
1579
1534
1474
1277
1259
1169
1066
1031
840
974
994
906
797
913
678
720
721
641
704
572
569
478
576
501
436
468
360
376
272
368
300
340
256
368
384
304
296
308
256
323
10000
352
421
608
736
903
1008
1152
1326
1299
1566
1602
1589
1819
1895
1949
1883
2096
2219
2167
2267
2243
2415
2543
2541
2464
2559
2586
2559
2691
2743
2693
2704
2735
2801
2879
2928
2751
2778
2951
2923
2914
2961
2741
3019
2965
2928
3135
3151
3015
3115
10000
2877
2727
2545
2436
2207
2179
1947
1734
1821
1643
1621
1488
1457
1446
1360
1095
1158
994
1014
955
896
792
712
762
771
698
592
650
704
646
496
584
592
528
420
400
453
404
448
408
304
256
400
337
296
328
208
152
288
288
10000
184
480
596
761
938
980
1126
1200
1369
1344
1663
1758
1681
1813
1995
2071
1979
2142
2224
2268
2399
2475
2475
2485
2539
2655
2651
2559
2710
2659
2750
2723
2690
2711
2768
2787
2831
2791
2938
2827
2887
2951
2971
3023
3027
2960
3039
3143
2962
2957
10000
2838
2702
2454
2399
2163
2112
1955
1845
1796
1686
1687
1614
1442
1283
1164
1168
1101
1106
912
896
757
922
745
776
782
704
732
560
592
604
592
576
368
641
490
460
506
404
384
416
423
296
304
336
212
274
256
240
266
278
10000
96
282
624
697
873
944
1007
1232
1414
1375
1507
1621
1777
1903
1975
1984
2115
2215
2160
2255
2389
2406
2410
2487
2479
2645
2613
2683
2559
2637
2755
2791
2797
2767
2811
2833
2781
2806
2927
2939
3027
2943
2975
2979
3088
3019
2997
3003
3102
3047
10000
3011
2663
2541
2391
2285
2155
2000
1743
1589
1664
1498
1565
1296
1305
1205
1147
1226
1056
944
966
909
848
944
732
825
594
593
720
624
476
620
485
492
416
468
368
432
384
448
432
309
368
384
288
314
276
292
224
345
284
10000
240
485
596
777
865
909
1058
1185
1375
1584
1649
1646
1770
1886
1986
1982
2190
2262
2269
2246
2431
2453
2263
2527
2559
2623
2645
2687
2793
2527
2695
2671
2775
2769
2783
2801
2943
2891
2879
2898
2919
2975
2971
2887
2943
3003
2999
2992
3059
3179
10000
2953
2705
2631
2347
2384
2015
2032
1827
1655
1738
1384
1515
1425
1318
1162
1260
1184
1110
1084
954
936
792
822
709
770
681
772
650
544
632
474
504
448
540
418
368
545
456
352
432
384
368
424
360
256
162
241
224
202
216
10000
149
396
720
688
838
944
1077
1260
1375
1516
1584
1772
1776
1891
1998
1925
2062
2291
2219
2225
2375
2443
2421
2641
2518
2559
2623
2641
2607
2647
2671
2803
2735
2923
2751
2839
2903
2791
2847
2846
2898
2953
2903
2878
2915
3071
3018
2955
3056
2931
10000
2781
2799
2507
2439
2262
2113
2003
1919
1744
1582
1604
1617
1322
1306
1091
1146
1052
1088
937
936
992
858
860
722
800
714
722
596
439
500
608
570
506
576
434
329
378
384
365
320
454
346
290
298
309
322
357
226
307
208
10000
185
346
656
684
844
938
1099
1230
1441
1535
1670
1690
1783
1658
1883
2117
2097
2239
2170
2303
2331
2514
2403
2403
2437
2491
2676
2531
2639
2591
2758
2765
2811
2907
2811
2807
2895
2871
2928
2875
2807
2894
2887
2867
3051
3071
2997
2971
3071
3303
10000
2879
2713
2450
2350
2288
2128
2016
1882
1800
1686
1584
1535
1264
1232
1264
1116
1157
1046
1008
934
841
790
712
802
736
784
654
586
614
646
521
560
616
528
490
516
450
384
388
360
368
328
400
256
256
344
132
256
226
100
10000
181
320
692
796
816
880
1038
1260
1317
1572
1535
1600
1751
1845
2010
1939
2095
2166
2096
2241
2354
2288
2459
2502
2448
2549
2626
2533
2611
2703
2615
2651
2773
2768
2800
2837
2823
2911
2803
2863
2815
2919
2923
2963
2896
2918
3007
2991
3091
3111
10000
2919
2703
2533
2321
2273
2174
2062
1886
1741
1610
1504
1491
1520
1392
1216
1186
1136
1108
924
944
976
896
777
816
805
646
674
640
648
528
627
520
586
474
438
472
356
396
432
340
373
325
304
352
272
358
264
272
256
112
10000
320
400
580
788
869
1040
1088
1402
1293
1535
1619
1712
1792
1947
1969
1952
2038
2162
2097
2065
2295
2333
2467
2375
2503
2539
2597
2624
2731
2832
2667
2755
2775
2727
2815
2883
2795
2927
2885
2773
2879
2975
2931
2879
3119
3005
2999
3051
3255
3071
10000
2943
2555
2459
2417
2177
2230
2077
1792
1712
1635
1454
1561
1398
1325
1280
1216
1162
1082
1040
900
947
902
827
785
656
688
714
648
624
642
523
448
572
429
528
442
441
397
429
314
406
336
320
244
217
384
256
200
321
268
10000
256
500
608
776
864
1040
1139
1296
1398
1520
1603
1812
1775
1968
1937
2107
2160
2218
2379
2407
2402
2475
2353
2523
2526
2629
2751
2666
2673
2779
2746
2650
2757
2869
2887
2864
2917
2911
2851
3021
2942
2919
3183
2963
3027
2987
3047
2942
3151
3023
10000
3051
2715
2544
2485
2253
2095
2121
1855
1717
1598
1552
1517
1424
1350
1156
1104
1170
1113
796
930
961
836
825
720
822
720
768
561
524
602
576
592
456
524
356
436
408
464
538
368
280
314
328
290
288
393
217
288
272
288
10000
148
420
658
824
846
993
1072
1328
1306
1454
1584
1535
1821
1819
1967
2070
2066
1970
2223
2288
2303
2449
2461
2447
2537
2591
2559
2707
