2551
2705
2867
2727
2962
2895
2995
2787
2923
2789
2865
2942
2879
2959
3034
2879
3038
3011
2975
3063
2925
2967
10000
2941
2741
2480
2381
2164
2112
1967
1936
1760
1696
1433
1534
1361
1297
1214
1152
1136
1098
950
974
960
944
861
804
708
754
698
619
756
576
676
640
410
448
474
432
468
392
429
346
384
320
281
320
357
241
208
282
400
146
10000
112
432
552
668
864
987
1126
1204
1485
1581
1569
1667
1799
1847
1978
2091
2214
2139
2303
2345
2365
2448
2415
2550
2605
2549
2527
2647
2587
2675
2639
2767
2783
2779
2859
2927
2768
2913
2815
2899
2903
2879
2998
2966
2918
2971
2990
3063
3055
3039
10000
2855
2675
2480
2321
2183
2202
2128
1840
1744
1677
1554
1360
1394
1360
1202
1172
1104
1026
1008
832
908
752
704
854
736
604
688
649
610
605
562
480
544
432
576
450
456
496
416
426
437
361
410
400
264
194
272
288
216
240
10000
336
413
652
642
828
1008
1077
1177
1348
1602
1616
1712
1838
1972
1854
2038
2211
2290
2167
2351
2291
2287
2390
2587
2491
2495
2502
2621
2609
2713
2691
2719
2674
2815
2896
2847
2903
2879
2919
2864
2807
3042
2867
3039
2949
2977
3039
2967
2989
3071
10000
2911
2833
2455
2303
2247
2013
1999
1821
1798
1533
1529
1507
1460
1285
1270
1147
1093
980
960
912
912
827
826
821
832
688
788
720
673
576
617
608
448
522
472
373
464
448
374
416
336
352
300
342
373
364
288
274
237
160
10000
165
364
416
592
822
964
1203
1166
1346
1585
1681
1831
1805
1911
2003
2094
2213
2195
2282
2282
2359
2451
2423
2419
2501
2653
2494
2686
2621
2595
2623
2867
2768
2835
2719
2807
2867
2917
2823
2895
2971
2975
3054
2915
3071
2975
3095
3089
3043
3071
10000
2863
2795
2559
2331
2274
2202
2041
1889
1778
1614
1600
1517
1296
1272
1293
1204
1066
978
945
936
832
896
752
793
752
795
558
656
672
532
626
534
532
483
485
384
432
400
384
418
450
400
290
320
332
366
240
332
320
304
10000
292
432
640
774
876
988
1104
1280
1392
1413
1665
1638
1719
1898
1994
2029
2062
2095
2303
2295
2315
2386
2427
2435
2559
2559
2543
2672
2646
2759
2895
2751
2835
2769
2783
2765
2736
2771
3055
2903
3051
2967
2993
3031
2943
2919
2934
3019
2999
2994
10000
2927
2704
2515
2447
2238
2093
2035
1760
1606
1648
1591
1447
1415
1306
1292
1216
1088
1040
921
928
977
972
768
896
768
752
802
676
568
546
532
502
594
496
500
408
528
552
496
384
258
244
277
290
288
344
214
372
292
280
10000
232
384
550
754
826
887
1212
1168
1330
1498
1584
1626
1762
1888
1972
2119
2197
2208
2129
2279
2263
2435
2337
2427
2645
2559
2483
2710
2627
2755
2695
2823
2803
2881
2823
2991
2839
2867
2883
2975
2867
2909
3025
2834
3037
2979
3071
3120
3023
2879
10000
2929
2699
2515
2321
2233
2079
1921
1795
1749
1694
1642
1489
1234
1257
1286
1104
1072
1044
862
938
852
844
740
800
684
688
746
726
576
560
558
432
452
578
432
432
396
434
475
384
457
240
328
344
260
284
185
298
258
272
10000
256
430
493
774
785
1038
1133
1253
1353
1444
1622
1744
1862
1918
1894
1990
2143
2238
2259
2271
2359
2451
2451
2526
2518
2519
2727
2719
2631
2746
2722
2685
2707
2751
2951
2847
2815
2867
2887
2891
2983
2955
2939
2899
2833
2863
2910
3101
3019
3007
10000
2795
2687
2523
2402
2211
2010
2091
1765
1743
1626
1562
1486
1394
1202
1216
1110
1051
944
1018
978
864
806
784
768
720
768
680
640
752
648
608
530
592
520
432
608
476
432
336
420
364
256
401
284
152
272
194
378
144
297
10000
244
388
644
752
860
898
1081
1312
1325
1497
1584
1648
1762
1937
1971
2027
2109
2205
2237
2192
2427
2211
2479
2481
2547
2523
2650
2527
2606
2667
2845
2655
2901
2751
2897
2783
2911
2950
2957
2865
2939
3007
3025
2983
2995
2951
3035
2895
3088
3071
10000
3071
2737
2419
2283
2181
2173
2093
1904
1738
1742
1577
1478
1428
1276
1140
1216
1008
1011
1074
884
835
912
784
816
642
756
715
645
530
488
600
536
460
428
465
508
510
390
384
371
324
433
256
368
272
272
298
256
272
240
10000
312
326
561
720
821
1001
1162
1328
1306
1507
1488
1739
1757
1791
1875
2036
2143
2095
2289
2352
2343
2448
2352
2559
2423
2641
2749
2638
2559
2711
2731
2795
2833
2895
2895
2950
2854
2847
2863
2961
2831
2955
2943
2927
2867
2994
3089
3039
3007
3025
10000
2929
2751
2539
2356
2253
2100
1838
1857
1614
1571
1495
1488
1459
1369
1206
1112
1047
961
1002
850
877
912
880
752
768
762
704
716
656
618
572
602
598
444
504
458
510
436
216
459
352
310
308
435
416
280
242
280
216
144
10000
208
416
520
636
754
938
1104
1166
1286
1493
1571
1777
1876
2006
2039
2124
2106
2278
2207
2257
2251
2409
2431
2393
2467
2687
2559
2539
2619
2747
2755
2667
2695
2801
2847
2887
2918
2782
2915
2815
2879
2975
2909
3003
3055
2938
3063
3023
2960
2911
10000
2959
2791
2625
2394
2229
2099
1970
1894
1776
1609
1692
1441
1449
1394
1282
1178
1153
912
1072
941
880
904
833
778
640
741
736
685
660
600
499
570
459
468
510
368
340
352
384
336
366
358
344
387
346
322
263
290
320
208
10000
192
448
629
737
880
950
1017
1337
1450
1428
1513
1713
1795
1808
1921
2007
2185
2110
2263
2263
2325
2384
2354
2447
2455
2527
2527
2649
2667
2751
2679
2727
2839
2771
2756
2783
2813
2868
2935
2943
2909
2959
2941
2987
2939
3095
2943
3120
3015
2975
10000
2971
2737
2453
2243
2121
2001
1956
1869
1728
1679
1496
1504
1350
1306
1232
1095
1090
1013
982
796
864
776
944
930
722
649
704
608
595
640
576
500
596
448
482
560
532
450
494
393
378
298
368
256
290
201
154
217
282
258
10000
145
376
592
704
832
1060
1153
1236
1437
1556
1606
1729
1845
1923
1990
2039
2062
2128
2149
2277
2329
2411
2384
2449
2530
2663
2731
2639
2787
2614
2739
2663
2731
2803
2763
2829
2830
2927
2903
2839
3003
2895
2866
3127
2949
2973
2911
3031
2999
3059
10000
2903
2718
2619
2415
2196
2105
1858
1778
1680
1734
1482
1558
1424
1294
1264
1137
1067
1072
976
976
886
880
752
754
748
644
680
665
617
602
560
497
577
343
528
534
388
384
384
368
428
368
436
293
276
368
280
368
288
360
10000
272
465
625
709
856
976
1093
1212
1376
1382
1494
1728
1793
1907
1983
2006
2063
2158
2294
2362
2283
2415
2415
2478
2495
2541
2674
2549
2666
2647
2761
2647
2759
2823
2895
2763
2832
2831
2847
3089
2958
2959
3061
2993
3037
2887
2993
3111
2987
3039
10000
2931
2675
2519
2375
2035
2045
1962
1806
1840
1535
1513
1458
1470
1354
1146
1248
1157
1094
915
976
834
898
850
732
659
788
657
650
697
492
556
553
532
578
344
356
402
342
476
368
306
182
328
240
289
304
320
344
176
308
10000
144
508
549
644
852
1005
1090
1389
1397
1440
1600
1677
1807
1968
1840
2079
2173
2042
2250
2310
2327
2361
2391
2485
2543
2655
2503
2655
2559
2736
2815
2823
2771
2849
2730
2919
2768
2927
2899
2879
2903
2893
3039
3038
3007
3019
2975
3089
2911
2895
10000
2864
2687
2559
2375
2352
2066
2037
1817
1681
1712
1678
1445
1392
1270
1232
1134
1004
1050
976
784
901
838
824
752
715
808
732
600
616
605
592
670
530
517
528
568
440
432
331
352
368
416
272
372
268
340
272
266
292
226
10000
224
464
606
688
846
928
1117
1254
1264
1460
1555
1632
1766
1846
1984
1999
2166
2113
2151
2271
2399
2421
2352
2535
2527
2531
2559
2639
2655
2759
2795
2791
2739
2895
2831
2835
2879
2833
3047
2851
2887
2898
2917
3007
2867
3007
3103
3051
2966
3159
10000
2935
2759
2475
2347
2301
2081
1830
1834
1751
1693
1502
1408
1426
1392
1290
1171
1136
1140
1070
870
963
864
848
745
704
793
732
682
666
529
533
564
640
528
408
324
492
436
496
408
352
422
276
375
344
284
224
293
228
240
10000
192
435
585
592
909
976
1162
1212
1328
1535
1670
1712
1794
1955
1949
2135
1961
2119
2183
2266
2339
2507
2375
2523
2501
2640
2659
2559
2655
2687
2709
2727
2675
2867
2847
2739
2919
2947
2933
3035
2831
2971
2951
3039
2994
3047
2891
3143
3091
3031
10000
2903
2727
2499
2406
2325
2134
1905
1859
1826
1649
1679
1520
1456
1390
1264
1206
1040
944
896
920
960
845
862
848
826
790
642
532
594
620
549
608
570
628
456
500
347
448
394
352
395
369
278
412
274
280
278
226
320
240
10000
300
376
576
682
930
970
1200
1328
1366
1584
1629
1695
1715
1875
2007
2074
2132
2132
2289
2287
2327
2418
2544
2383
2519
2513
2683
2559
2773
2767
2627
2715
2707
2790
2799
2864
2875
2854
2987
2967
2865
2967
2910
2991
3023
2869
2997
2855
3019
3046
10000
2879
2701
2512
2319
2163
2071
1918
1670
1761
1745
1424
1520
1535
1238
1188
1113
1207
1128
1078
1061
942
916
790
848
848
701
692
531
540
592
548
612
465
507
410
345
430
406
336
384
322
308
264
296
244
224
200
256
320
281
10000
132
332
624
688
956
1028
1221
1272
1358
1467
1475
1650
1802
1828
1922
2019
2151
2231
2143
2285
2338
2459
2381
2466
2416
2559
2545
2667
2644
2687
2743
2755
2701
2769
2743
2829
2783
2853
2800
2903
2983
2987
2991
2927
2961
2991
3037
2871
3071
3013
10000
2930
2695
2558
2431
2286
2039
1999
1875
1779
1652
1526
1328
1414
1241
1268
1182
1088
1070
880
944
876
900
824
674
800
650
756
613
630
581
600
441
556
466
564
442
476
297
400
384
528
384
416
322
304
276
336
154
357
240
10000
292
432
560
774
939
884
1130
1284
1369
1376
1552
1671
1764
1803
2021
1954
2155
2112
2259
2314
2295
2374
2447
2482
2559
2599
2602
2702
2547
2723
2715
2821
2831
2743
2883
2829
2891
2834
2743
2903
2799
2979
3024
3013
3031
3015
2931
2999
3063
3120
10000
2994
2769
2512
2307
2173
2107
1985
1893
1754
1648
1639
1399
1373
1280
1241
1130
1116
1060
822
1010
965
960
816
856
866
834
787
666
736
720
624
548
577
528
528
528
404
304
404
348
328
376
240
336
272
320
412
219
342
278
10000
96
344
560
742
793
978
1019
1200
1373
1415
1559
1735
1738
1808
1946
1973
2101
2071
2215
2258
2454
2415
2449
2537
2559
2503
2544
2610
2629
2597
2737
2741
2771
2807
2855
2771
2827
2815
2903
2887
3055
3071
2939
2975
2958
3019
2995
2959
2954
3039
10000
2827
2674
2533
2387
2145
2075
2015
1744
1661
1593
1530
1451
1399
1332
1322
1093
1040
1011
987
892
912
849
816
768
818
708
570
678
592
692
476
584
489
412
496
494
384
441
458
404
340
464
298
416
277
358
298
196
320
192
10000
232
336
581
640
857
1008
1171
1274
1378
1461
1638
1666
1709
1846
1953
1970
2134
2093
2057
2199
2241
2451
2459
2487
2461
2544
2543
2674
2559
2598
2658
2757
2861
2767
2883
2863
2851
2935
2933
2927
2923
2783
2893
3024
3003
2975
3002
3071
3055
3003
10000
2947
2719
2606
2343
2227
2076
2019
1868
1760
1705
1612
1415
1381
1255
1292
1226
1097
1088
970
890
852
898
784
848
789
758
704
684
621
661
588
546
604
429
432
492
497
404
448
368
328
357
274
272
360
341
186
304
186
240
10000
194
448
566
736
880
1000
1113
1274
1408
1603
1533
1643
1882
1891
1922
2099
2043
2274
2242
2182
2047
2481
2483
2541
2487
2587
2595
2679
2667
2719
2806
2755
2735
2699
2767
2779
2951
2974
2735
2927
2979
2979
2975
2989
2951
3055
3071
3099
2973
3009
10000
3024
2773
2543
2419
2235
2130
2038
1873
1840
1627
1494
1438
1504
1342
1148
1200
1141
1082
931
993
918
768
812
796
666
728
672
640
624
504
560
549
432
610
362
388
420
472
472
340
460
288
304
218
368
296
336
297
241
184
10000
248
370
596
640
834
970
1073
1219
1322
1486
1570
1712
1733
1826
1994
2087
2133
2160
2143
2196
2231
2542
2477
2467
2387
2469
2525
2642
2705
2607
2737
2687
2815
2870
2749
2723
2919
2943
2961
2987
2943
2837
3024
2935
2863
2983
3031
3071
2993
3005
10000
2949
2607
2479
2301
2279
2086
1918
1856
1826
1712
1535
1512
1509
1403
1264
1138
1178
1050
1052
955
976
891
800
708
738
758
634
588
576
508
704
505
597
432
416
480
400
322
428
304
384
313
320
192
304
272
288
348
334
201
10000
200
368
501
640
909
1062
1122
1295
1392
1483
1625
1765
1749
1840
1969
2019
2112
2137
2146
2275
2347
2480
2385
2481
2559
2643
2527
2615
2559
2591
2658
2727
2699
2831
2851
2845
2783
2885
2959
2863
2833
2947
2975
2871
3005
3122
2991
2981
3088
3103
10000
2927
2875
2493
2309
2258
2165
1975
1980
1728
1648
1664
1507
1369
1357
1384
1173
1198
1126
876
954
817
874
854
804
706
730
730
672
673
634
506
668
491
464
532
394
436
492
317
544
225
384
324
400
336
244
256
425
232
155
10000
132
408
470
646
860
993
1175
1170
1363
1482
1558
1631
1774
1963
1917
2009
2170
2234
2227
2222
2423
2448
2390
2545
2449
2559
2550
2663
2546
2751
2705
2731
2783
2864
2807
2829
2864
2864
2883
2979
2981
2699
2975
2967
2893
2957
3069
3005
2913
3013
10000
2928
2751
2597
2325
2218
2102
1980
1866
1678
1739
1612
1441
1366
1353
1328
1129
1070
978
944
1059
937
857
848
897
870
721
756
528
696
640
624
496
454
600
416
424
360
352
356
304
386
417
290
322
274
172
288
274
225
324
10000
160
419
642
656
912
880
1100
1192
1440
1557
1512
1717
1789
1882
1983
1933
1984
2300
2235
2277
2480
2395
2407
2427
2481
2619
2639
2687
2767
2603
2639
2803
2751
2759
2735
2751
2871
2959
2903
2901
2951
2839
2992
2927
3051
3057
3007
3123
3011
3039
10000
2925
2769
2559
2302
2215
2118
1930
1915
1776
1697
1535
1445
1408
1264
1232
1191
1121
1077
962
992
977
816
901
814
727
746
754
656
560
528
459
560
596
484
532
499
528
376
440
400
368
320
404
432
296
402
430
226
366
235
10000
176
464
534
698
901
969
1188
1169
1435
1457
1616
1713
1647
1763
2032
2035
2096
2079
2343
2289
2410
2271
2478
2559
2499
2502
2755
2699
2653
2683
2787
2800
2869
2838
2971
2874
2875
2799
2910
2895
3006
2969
2947
2957
3031
3059
3071
3039
2919
2983
10000
2934
2731
2503
2357
2154
1937
1997
1827
1696
1795
1535
1535
1341
1184
1237
1242
1099
1143
1040
853
880
858
850
852
720
605
656
708
780
576
608
595
530
440
430
458
441
473
425
352
262
430
328
276
304
313
340
312
204
178
10000
180
332
722
801
801
1072
1155
1217
1360
1535
1660
1663
1903
2018
1983
2097
2119
2229
2137
2318
2441
2357
2405
2419
2525
2477
2605
2608
2559
2677
2770
2763
2815
2779
2811
2770
2863
2891
2928
2879
2933
2949
3047
3135
3071
2943
3071
3037
3175
3027
10000
2903
2704
2544
2491
2352
2142
1901
1866
1648
1712
1573
1579
1377
1397
1250
1236
1157
1050
922
857
913
834
888
770
816
752
656
625
629
582
528
468
629
528
427
522
400
389
404
401
368
312
328
324
448
404
282
320
309
304
10000
164
405
663
738
784
1072
1115
1207
1370
1595
1579
1597
1845
1901
1927
2000
2064
2320
2243
2352
2310
2445
2423
2459
2551
2535
2651
2635
2631
2723
2773
2801
2814
2863
2807
2950
2883
2903
2867
2903
3031
2967
2931
3071
2981
2983
3055
3167
2960
2930
10000
3023
2717
2603
2416
2189
2067
1919
1787
1770
1521
1633
1535
1379
1090
1301
1134
1014
1104
954
906
916
960
890
837
769
778
725
654
576
640
576
564
496
532
484
474
521
424
456
329
384
356
268
386
342
276
304
352
272
196
10000
264
400
588
756
833
1110
1090
1280
1363
1446
1562
1702
1838
1916
1936
1975
2018
2160
2301
2307
2379
2487
2461
2451
2598
2603
2623
2623
2625
2703
2751
2813
2903
2883
2800
2846
2831
2851
2865
2859
2919
2955
2927
2975
3071
3159
2983
2907
3066
3279
10000
2927
2833
2546
2291
2273
2137
1870
1754
1826
1664
1520
1535
1362
1282
1261
1207
1138
1000
968
956
865
826
850
816
794
816
689
743
595
604
604
485
552
560
452
436
368
320
384
464
400
357
304
208
210
321
264
336
276
395
10000
272
320
592
769
810
848
1178
1232
1472
1425
1587
1665
1651
1965
1808
2086
2091
2164
2250
2150
2422
2399
2487
2549
2554
2559
2768
2699
2672
2768
2737
2823
2745
2855
2863
2903
2834
2927
2965
2909
2911
2899
2931
3089
3063
2966
3056
2917
3003
2991
10000
2999
2599
2544
2351
2160
1985
2030
1851
1715
1581
1568
1354
1472
1378
1236
1180
1235
1029
934
822
1027
860
834
763
816
720
720
632
578
584
496
624
468
560
576
508
474
428
336
266
352
370
280
288
288
340
242
304
194
264
10000
160
450
672
768
860
976
1195
1201
1508
1552
1520
1725
1814
1950
1991
2101
2085
2157
2347
2342
2287
2429
2495
2545
2527
2559
2623
2559
2627
2797
2707
2736
2878
2906
2959
2782
2883
2951
2768
3006
2963
2928
2930
3019
3099
3023
2957
3003
3087
3099
10000
3071
2711
2483
2446
2211
2079
2067
1796
1694
1673
1535
1559
1290
1306
1327
1074
1168
1094
940
947
852
896
896
781
720
768
596
545
536
613
496
624
717
557
528
473
534
440
364
400
412
350
247
364
360
276
261
304
282
240
10000
300
324
537
720
905
1089
1152
1347
1579
1553
1679
1712
1808
1907
2095
2075
2303
2282
2386
2325
2359
2429
2419
2495
2659
2637
2709
2769
2695
2783
2718
2838
2801
2843
2987
2907
2887
3007
2947
2907
2911
3039
3023
2911
3003
2991
2967
3023
3006
3027
10000
2767
2621
2599
2359
2196
2089
1919
1871
1611
1535
1586
1408
1334
1280
1173
1149
1084
1078
1006
912
944
864
793
786
731
752
688
688
624
534
598
486
480
384
432
544
400
356
260
340
372
384
336
352
260
202
256
256
272
277
10000
130
504
934
1066
1168
1414
1514
1648
1723
1775
2082
1919
2171
2158
2263
2283
2288
2495
2495
2535
2454
2621
2607
2672
2767
2619
2701
2767
2799
2767
2899
2766
2887
2951
2939
2937
3014
2999
3055
2983
2993
3024
3062
3071
3211
3071
3183
3185
3239
3199
10000
2642
2300
2254
1909
1785
1620
1417
1421
1448
1193
1046
1034
1104
987
992
980
885
800
754
658
780
726
596
492
508
504
496
504
368
409
336
326
369
436
240
469
280
304
360
418
400
265
336
320
262
256
328
325
304
218
10000
128
827
1228
1438
1728
1795
1971
1987
2159
2240
2333
2256
2383
2387
2625
2509
2522
2639
2623
2762
2719
2815
2806
2844
3003
2959
2955
3003
3134
3006
3056
3071
3071
3061
3117
3155
3199
3071
3123
3055
3179
3183
3071
3143
3229
3115
3199
3283
3239
3351
10000
2659
2111
1648
1356
1040
1008
835
901
790
794
720
837
716
608
669
544
594
496
629
476
555
496
388
464
505
484
498
475
354
428
378
400
329
336
232
304
273
308
256
225
324
240
236
192
172
128
304
224
216
202
10000
218
961
1403
1776
2047
2288
2367
2551
2731
2800
2783
2779
2839
2871
2927
2861
2767
2899
2931
2799
2973
2895
2931
2993
3023
3034
3159
3181
3094
3139
3189
3203
3199
3343
3249
2979
3153
3199
3199
3313
3281
3344
3185
3115
3339
3313
3327
3431
3135
3371
10000
2559
2079
1535
1398
1168
1008
974
888
804
656
668
617
611
586
518
480
448
450
400
352
390
368
304
466
309
320
128
260
264
256
198
128
200
224
264
289
307
228
180
240
240
164
200
152
116
170
112
56
0
354
10000
184
962
1520
1943
2223
2551
2635
2911
2859
2907
2887
2963
2951
2923
2987
3070
3056
3167
3039
3003
3071
3147
3269
3307
3345
3223
3315
3217
3355
3207
3455
3278
3325
3383
3455
3549
3375
3295
3391
3471
3479
3463
3665
3511
3603
3451
3551
3575
3525
3422
10000
2514
1965
1242
920
704
204
504
330
336
240
240
240
144
128
128
160
96
150
58
170
176
88
44
136
228
96
144
128
54
261
224
128
20
49
66
89
84
0
112
0
0
0
80
48
0
24
0
82
112
16
10000
0
576
1600
2119
2637
2507
3039
3103
3263
3523
3295
3411
3463
3415
3327
3391
3187
3519
3751
3695
3711
3603
3503
3629
3831
3775
3539
3827
3827
3551
3663
3359
3643
3495
3863
3839
3551
3631
3679
3543
3515
3493
3527
3639
3487
3607
3511
3474
3505
3474
10000
2643
1743
1177
820
464
340
304
360
256
276
209
208
198
434
210
240
176
117
64
74
32
68
104
76
44
69
0
192
50
72
32
0
64
64
0
0
0
0
0
0
16
0
52
96
0
0
0
0
18
0
10000
0
664
1354
2060
2544
2767
2865
3019
3183
3357
3333
3291
3495
3511
3239
3519
3583
3443
3399
3455
3343
3447
3359
3387
3339
3379
3411
3639
3531
3463
3581
3367
3471
3479
3570
3279
3503
3523
3511
3471
3379
3455
3358
3403
3647
3525
3519
3519
3731
3647
10000
2639
1777
1264
891
732
496
496
336
228
172
176
86
48
0
0
64
0
96
0
16
84
70
0
4
48
21
0
0
0
112
0
0
0
8
0
0
0
0
0
0
0
0
0
0
0
0
0
0
0
0
10000
12
944
1633
2191
2655
2862
3007
3173
3019
3295
3415
3473
3471
3547
3583
3485
3371
3327
3527
3511
3431
3455
3387
3559
3359
3365
3323
3735
3471
3315
3311
3263
3543
3371
3447
3378
3511
3443
3799
3631
3537
3571
3539
3631
3503
3443
3442
3731
3763
3691
10000
2447
1619
1074
700
522
444
166
202
153
38
96
116
52
16
0
64
36
56
0
26
64
65
0
0
0
0
0
0
0
0
0
0
0
0
0
0
0
0
0
68
0
0
0
0
0
18
0
0
0
0
10000
64
859
1361
2339
2640
2959
3095
3173
3319
3283
3423
3413
3439
3491
3377
3263
3475
3403
3525
3451
3711
3469
3387
3237
3451
3415
3519
3527
3223
3335
3407
3563
3551
3647
3729
3759
3539
3675
3695
3699
3507
3763
3839
3807
3686
3667
3837
3677
3695
3679
10000
2559
1649
1088
697
464
297
169
304
164
160
0
112
42
128
84
32
0
8
16
0
0
0
0
8
0
0
4
42
64
0
64
0
0
0
0
0
0
32
0
40
0
0
0
0
156
25
56
20
0
0
10000
0
704
1629
2173
2606
3030
3149
3327
3199
3211
3631
3355
3471
3615
3471
3191
3495
3287
3455
3519
3471
3473
3579
3583
3479
3535
3615
3807
3615
3902
3827
3665
3503
3570
4095
3675
3821
3871
3759
3803
3567
3547
3537
3615
3415
3743
3391
3615
3551
3519
10000
2512
1629
868
569
432
352
112
112
72
0
128
0
34
0
0
0
133
0
16
16
32
128
32
180
21
26
66
0
69
0
0
58
48
65
0
0
0
1
0
0
0
0
0
0
0
0
16
0
16
0
10000
0
752
1521
2205
2707
2989
3183
3151
3167
3327
3350
3441
3539
3437
3383
3579
3559
3583
3623
3557
3558
3629
3647
3543
3710
3563
3799
3303
3839
3471
3735
3583
3723
3647
3611
3603
3847
3647
3563
3551
3583
3679
3519
3839
3729
3575
3903
3630
3551
3495
10000
2559
1650
1008
737
523
258
312
176
274
108
241
184
242
96
128
28
0
18
333
182
88
224
16
128
33
32
48
48
18
172
82
64
54
128
42
64
18
32
28
10
90
0
26
166
16
0
176
0
108
0
10000
112
1110
1887
2338
2615
2663
2714
2727
2783
2783
2738
2763
2879
2767
2829
3023
2931
2995
3043
2897
2943
2981
3051
2929
2919
2951
3039
2982
2987
2871
2871
2807
2811
2835
3051
2960
2879
2815
2975
2822
2975
2895
2883
2813
2767
3031
2935
2757
2891
2879
10000
2479
2246
1984
1792
1776
1619
1607
1431
1209
1273
1091
1001
1056
874
896
937
786
773
833
618
701
633
556
592
544
536
464
496
528
424
496
353
394
362
368
390
386
384
268
336
240
256
240
136
80
176
140
164
197
168
10000
104
448
720
922
1216
1207
1422
1649
1661
1872
1980
1987
1926
2171
2165
2305
2325
2289
2415
2369
2537
2439
2559
2559
2695
2583
2645
2747
2795
2829
2843
2627
2899
2806
2887
3055
2909
2943
2983
2959
3090
2997
3015
3135
3191
2961
3157
3087
3007
2927
10000
2858
2427
2481
2247
2006
1787
1697
1581
1509
1358
1350
1393
1101
1080
1116
1004
970
880
840
745
784
864
656
632
716
633
552
492
510
452
600
341
458
464
305
355
389
256
330
313
416
144
202
129
266
196
208
152
134
208
10000
144
362
581
726
973
1141
1238
1420
1677
1728
1783
1848
2038
2014
2179
2320
2279
2353
2493
2448
2426
2555
2605
2555
2607
2799
2802
2815
2739
2834
2803
2891
2862
2747
2867
2877
2975
2999
2960
2991
2989
2958
3037
3091
3047
3031
3071
3195
3175
3191
10000
2975
2621
2495
2373
2047
2047
1891
1717
1650
1624
1562
1427
1344
1271
1088
1106
1064
852
880
833
848
788
746
640
710
680
677
621
572
560
540
528
304
421
458
404
272
242
370
344
358
208
304
192
320
216
208
291
256
210
10000
80
304
510
733
905
961
1133
1371
1456
1489
1741
1877
2000
1962
2129
2055
2283
2274
2355
2447
2547
2491
2559
2512
2643
2783
2714
2705
2783
2855
2879
2897
2706
2851
2943
2845
2955
2879
3097
2995
2943
3125
3180
3071
3007
3019
3137
3152
3071
3056
10000
2863
2778
2544
2382
2135
2124
1875
1750
1735
1552
1410
1338
1421
1193
1141
1040
1128
944
951
882
710
744
688
726
688
617
640
584
624
555
540
420
469
408
424
467
408
377
368
304
356
328
160
292
226
236
256
306
230
244
10000
192
416
617
748
909
944
1216
1195
1381
1625
1584
1867
1961
1953
1991
2178
2263
2266
2159
2403
2461
2537
2514
2623
2631
2643
2671
2627
2753
2735
2781
2831
2923
2901
2959
2895
2883
2895
2929
3091
3057
2911
3091
2971
3150
2991
2999
3271
3155
3069
10000
3014
2801
2521
2355
2257
1985
1934
1812
1593
1598
1472
1442
1361
1138
1220
1128
936
892
944
834
883
772
833
684
568
661
656
642
588
564
430
549
468
396
528
260
332
392
448
300
298
293
332
204
320
300
336
290
156
128
10000
109
428
743
776
907
993
1048
1371
1387
1505
1575
1821
1873
1936
1974
2096
2055
2255
2343
2317
2445
2385
2441
2610
2699
2543
2658
2835
2755
2781
2855
2787
2769
2947
2871
2961
2875
2929
2899
2971
2923
3095
3039
3025
3183
2967
3063
2975
3125
2999
10000
2899
2655
2414
2309
2150
2011
1903
1893
1600
1615
1467
1305
1376
1234
1110
1017
1041
950
960
791
721
866
697
665
656
616
476
600
561
508
634
461
490
556
360
312
448
288
320
387
328
344
192
280
208
208
240
136
161
264
10000
160
406
620
816
866
999
1104
1318
1419
1510
1586
1802
1787
2059
2055
2079
2154
2275
2348
2306
2319
2347
2487
2607
2583
2559
2701
2767
2706
2671
2863
2798
2655
2799
2773
2714
2929
2992
2883
2935
2939
2999
3007
2999
3107
3088
2995
2989
3071
3155
10000
2999
2763
2559
2449
2299
2103
1959
1807
1633
1533
1454
1329
1251
1162
1162
1129
994
851
974
797
757
789
832
706
665
705
560
580
626
560
478
474
496
418
448
453
460
394
278
228
262
272
304
282
331
99
230
300
192
128
10000
256
454
624
677
844
956
1137
1353
1271
1517
1631
1789
1904
1983
2000
2151
2160
2166
2428
2349
2297
2371
2519
2467
2544
2627
2591
2709
2769
2633
2666
2843
2903
2800
2885
2825
2983
2993
2831
2929
2847
3027
2931
3063
2999
3069
3143
3151
3119
3165
10000
2823
2749
2455
2387
2317
1989
1915
1827
1654
1529
1632
1494
1216
1219
1090
1086
1047
1005
930
889
787
806
746
688
696
631
690
618
592
560
496
480
448
428
440
490
410
326
344
356
396
336
224
352
181
362
218
296
272
176
10000
160
352
555
640
989
950
1135
1236
1443
1566
1696
1706
1851
1951
2011
2069
2192
2369
2352
2429
2369
2498
2495
2559
2675
2606
2661
2631
2763
2709
2777
2719
2851
2947
2879
2963
2891
2851
2991
2959
2943
2911
2879
3035
3035
3057
2926
3121
3058
3071
10000
2884
2771
2551
2283
2193
2127
1887
1840
1723
1621
1490
1347
1423
1200
1095
1093
1126
1036
898
869
870
726
778
698
644
628
612
576
456
476
545
464
454
459
325
412
344
306
268
216
224
280
216
248
272
304
216
144
213
160
10000
256
346
516
640
860
948
1030
1198
1296
1412
1602
1634
1778
1951
1968
2032
2127
2149
2255
2351
2370
2395
2463
2543
2519
2559
2591
2623
2667
2734
2755
2847
2887
2831
2943
2941
2891
2827
2768
2943
2954
2931
3015
3071
2917
3056
2915
3031
3090
3015
10000
2911
2767
2422
2353
2115
2022
1892
1761
1675
1411
1513
1392
1309
1264
1334
1008
958
912
832
864
941
838
666
704
644
580
628
592
548
578
448
417
490
461
412
492
345
256
410
284
352
200
320
306
128
296
224
194
140
256
10000
128
332
524
576
779
1040
1130
1228
1363
1604
1603
1643
1882
1875
2015
2092
2070
2103
2243
2349
2367
2349
2511
2367
2544
2610
2663
2749
2603
2702
2727
2839
2899
2803
2815
2961
2807
2843
2853
2931
2895
2927
2965
2939
3039
2991
3019
2965
3047
3015
10000
2911
2737
2458
2402
2235
2079
1973
1808
1727
1658
1555
1452
1246
1235
1217
1100
1014
912
897
683
874
784
752
696
714
576
612
560
485
552
432
520
488
438
373
428
358
304
288
442
354
206
256
200
320
200
276
192
144
260
10000
128
386
564
664
804
942
1122
1283
1321
1529
1606
1735
1817
1771
1930
1931
2256
2231
2315
2352
2435
2490
2434
2491
2599
2634
2671
2586
2727
2703
2750
2768
2787
2751
2863
2943
2879
2895
2891
2829
3102
3071
3063
3062
2915
2999
2997
3167
3135
3023
10000
2907
2881
2511
2338
2303
2055
1985
1796
1693
1629
1571
1422
1392
1326
1264
1098
974
932
1056
712
1070
752
712
819
698
774
654
568
592
576
570
576
440
448
449
384
352
402
368
306
240
384
302
224
209
240
324
288
186
128
10000
226
418
688
752
884
973
1144
1245
1392
1478
1703
1751
1701
1909
2018
2219
2146
2224
2319
2335
2407
2436
2559
2587
2602
2623
2618
2714
2672
2687
2732
2933
2815
2629
2842
2859
2885
2975
2975
2910
2799
3027
3019
3031
3030
3071
2939
3115
3002
3103
10000
2873
2699
2559
2469
2279
2101
1939
1835
1642
1578
1456
1488
1222
1207
1074
1113
1089
880
889
864
768
756
788
720
672
580
670
568
554
466
484
476
500
384
389
304
308
400
352
324
368
356
284
208
138
208
228
280
212
180
10000
128
436
544
633
900
953
1217
1216
1378
1319
1610
1683
1839
1937
2078
2107
2010
2205
2271
2382
2383
2311
2480
2559
2547
2615
2673
2719
2799
2799
2807
2791
2871
2855
2878
2991
2959
2903
2981
2933
3051
2992
3088
3163
3131
3145
3120
3099
3131
2987
10000
2987
2704
2463
2335
2199
2145
1979
1913
1726
1622
1607
1535
1338
1403
1227
1185
1152
1076
916
935
960
860
861
738
792
784
720
624
641
616
549
502
470
516
418
452
416
476
428
348
410
236
376
324
224
336
172
336
304
360
10000
128
488
544
768
868
1069
1216
1322
1456
1535
1765
1798
1775
2035
2032
2096
2187
2241
2265
2418
2439
2538
2685
2598
2605
2623
2723
2655
2767
2891
2823
2795
2801
2951
2902
2943
2907
3039
2839
2955
3007
2894
2997
3119
3023
3088
2935
3245
2994
3099
10000
2967
2768
2830
2333
2227
2027
1984
1842
1776
1701
1515
1405
1425
1215
1292
1182
1074
1038
978
917
882
908
832
774
632
768
624
528
510
560
470
409
416
417
393
486
502
256
284
276
374
272
248
373
256
241
336
205
320
364
10000
160
384
498
786
840
1001
1069
1255
1361
1523
1571
1696
1789
1851
2035
2071
2150
2222
2298
2243
2378
2381
2473
2527
2623
2631
2745
2587
2749
2738
2739
2827
2811
2895
2879
2907
3022
2890
2959
2839
2864
2864
2983
2983
3025
3119
3054
3121
3133
3103
10000
2963
2735
2533
2294
2191
2063
1969
1648
1639
1535
1455
1357
1310
1195
1218
1071
1104
1034
898
882
880
908
796
780
740
660
672
726
616
612
508
482
416
466
462
362
328
476
276
336
230
304
304
288
204
240
225
312
148
80
10000
208
420
532
672
859
944
1210
1320
1482
1573
1605
1744
1773
1838
2098
2110
2087
2340
2349
2352
2373
2453
2443
2513
2555
2605
2723
2658
2687
2773
2811
2795
2762
2711
2821
2861
2963
2843
2967
2983
2897
2971
3043
3007
3059
3071
3043
3109
3027
3003
10000
3014
2719
2551
2437
2398
2045
1999
1755
1779
1588
1587
1451
1352
1260
1220
1200
1010
992
954
882
832
864
776
658
708
654
600
656
577
595
528
434
494
510
420
336
448
368
440
434
272
428
219
217
314
246
233
232
304
312
10000
256
410
577
696
867
1029
1210
1288
1403
1584
1596
1770
1846
2047
2150
2113
2138
2195
2354
2367
2385
2369
2443
2559
2643
2606
2591
2673
2672
2799
2801
2919
2938
2795
2823
3025
2895
2998
3007
2975
2983
2971
2991
3047
2959
3139
3173
3127
3071
3107
10000
2931
2811
2623
2365
2214
2197
2035
1847
1808
1531
1649
1513
1403
1309
1152
1258
1076
947
862
878
907
784
820
885
806
624
720
676
617
498
624
437
486
482
400
448
416
401
336
356
264
352
312
304
256
272
232
177
256
272
10000
164
384
540
648
920
1058
1200
1309
1453
1610
1739
1803
1837
2026
2032
2091
2133
2279
2283
2377
2334
2512
2485
2631
2559
2703
2602
2699
2714
2831
2917
2885
2790
2927
2832
2806
2879
2929
2943
2981
2911
2935
3123
2987
3015
3055
3071
2911
3021
3135
10000
2981
2803
2553
2343
2231
2159
2041
1946
1777
1712
1565
1488
1374
1337
1201
1104
1126
1088
900
960
890
726
689
576
680
688
624
560
592
662
589
560
464
384
432
392
394
488
409
337
420
217
312
336
196
304
200
297
176
228
10000
170
448
642
720
802
1062
1109
1276
1367
1473
1680
1792
1822
1843
2230
2061
2223
2123
2305
2293
2423
2387
2541
2511
2671
2719
2626
2719
2807
2719
2791
2755
2727
2919
2855
2847
2863
2907
2943
2925
2923
2897
2853
2955
3011
3047
2987
3051
2943
3222
10000
2963
2707
2542
2402
2241
1993
2123
1868
1648
1616
1508
1413
1361
1136
1154
1090
1062
968
985
914
840
776
800
652
656
684
736
537
582
592
563
448
630
352
458
438
410
324
304
344
226
296
320
352
194
200
324
192
144
114
10000
113
334
456
784
770
1056
1058
1193
1365
1514
1597
1718
1862
1872
2047
2075
2175
2221
2205
2357
2381
2435
2455
2487
2559
2587
2738
2631
2795
2787
2775
2731
2827
2663
2717
2917
2891
2958
2867
3003
2911
2967
2954
3091
2959
2951
2943
3118
3149
3055
10000
2847
2751
2559
2399
2275
2064
1828
1789
1728
1510
1457
1414
1414
1216
1006
1110
1130
976
944
864
768
688
656
744
714
678
674
652
568
465
442
506
396
476
404
344
272
336
313
274
322
236
274
208
320
185
258
229
256
258
10000
112
416
656
688
816
888
1162
1202
1273
1510
1648
1610
1809
1919
1858
2174
2064
2096
2241
2380
2402
2383
2473
2476
2491
2653
2736
2710
2733
2765
2758
2799
2847
2811
2943
3018
2885
2791
2935
2895
3067
3019
2927
2993
2999
3099
3099
2993
3056
3183
10000
2998
2735
2450
2503
2247
2163
2079
1807
1718
1552
1568
1435
1290
1212
1262
1105
1044
912
909
820
889
704
714
690
704
536
624
621
586
508
525
601
453
434
325
416
432
272
320
374
421
234
265
352
224
274
208
258
243
272
10000
226
289
452
723
912
928
1034
1302
1410
1556
1590
1686
1774
1931
2091
2097
2116
2221
2367
2439
2319
2489
2491
2559
2627
2559
2672
2587
2725
2821
2781
2751
2799
2779
2899
2939
2965
2929
2883
2973
2899
2927
2975
3071
3119
3230
3115
3143
3071
3003
10000
2851
2837
2527
2422
2133
2070
2038
1883
1796
1590
1560
1533
1285
1296
1255
1102
985
964
940
976
753
860
801
617
802
688
618
580
568
557
689
594
624
532
398
536
400
432
356
324
292
222
307
289
274
264
208
178
246
204
10000
272
288
568
672
819
928
1120
1286
1382
1535
1683
1808
1787
1942
2003
2022
2095
2141
2267
2309
2462
2523
2471
2543
2655
2591
2594
2767
2731
2773
2790
2731
2743
2865
2815
2891
2955
2967
2957
2928
2891
3071
2967
2982
2975
3042
2989
3071
3027
2923
10000
3103
2789
2549
2391
2211
2097
2006
1840
1717
1580
1495
1441
1254
1308
1152
1154
1088
989
934
912
869
769
816
789
640
600
594
677
663
458
484
432
482
432
329
420
288
320
384
260
224
288
358
290
288
296
261
181
192
48
10000
134
400
480
640
848
968
1034
1184
1222
1583
1616
1771
1822
1803
1883
2129
2123
2195
2256
2295
2431
2455
2459
2544
2558
2650
2498
2751
2597
2727
2827
2833
2770
2715
2736
2663
2865
2907
2943
2927
2966
2963
2927
2855
3025
3039
3103
3089
2925
3071
10000
2807
2799
2509
2355
2219
1927
1931
1745
1649
1665
1535
1330
1316
1161
1181
1104
1072
997
736
992
840
818
838
691
640
589
586
576
508
553
400
501
560
411
400
346
406
272
328
192
294
384
212
272
176
224
272
203
224
128
10000
110
364
616
729
848
994
1041
1248
1344
1399
1567
1683
1786
1980
2011
2044
2167
2231
2161
2351
2282
2383
2517
2435
2559
2552
2678
2527
2661
2683
2759
2815
2723
2823
2987
2736
2861
2961
2966
2967
2879
3071
2997
3103
2943
3037
3071
2929
2931
3059
10000
2815
2739
2439
2463
2210
2080
2032
1747
1818
1664
1509
1456
1290
1350
1270
1198
1008
946
921
952
917
854
875
810
824
768
678
666
554
464
506
516
496
464
468
442
352
464
292
353
325
344
304
266
280
218
274
112
245
306
10000
192
496
594
675
835
1034
1214
1357
1509
1595
1645
1791
1856
1962
2065
2085
2158
2161
2241
2341
2431
2531
2535
2544
2615
2731
2655
2709
2737
2807
2801
2879
2811
2909
2803
2913
2863
3023
2992
2883
2927
3149
3037
3071
3057
3027
3103
3103
3071
2975
10000
2939
2783
2559
2271
2204
2235
1881
1894
1811
1711
1523
1488
1282
1270
1168
1216
1102
983
857
964
845
723
759
736
786
724
697
789
694
578
592
586
419
522
442
392
429
440
396
400
320
280
368
392
300
288
195
274
212
352
10000
177
368
610
704
816
944
1146
1374
1535
1534
1658
1631
1840
1989
2022
2094
2207
2190
2288
2351
2467
2463
2659
2535
2625
2679
2609
2657
2755
2715
2843
2827
2693
2831
2883
2879
2845
2863
2907
3063
2915
2914
3007
3119
2967
2978
3099
3023
3139
3007
10000
2950
2815
2547
2319
2153
2179
2003
1808
1779
1744
1478
1535
1394
1325
1229
1155
1080
1112
994
935
880
892
786
740
688
656
690
682
654
529
544
481
464
490
533
389
384
416
280
264
240
288
448
224
258
360
242
181
244
176
10000
146
418
570
720
896
1008
973
1318
1397
1594
1607
1762
1943
1979
2095
2089
2288
2351
2311
2430
2444
2367
2513
2541
2647
2717
2635
2739
2839
2725
2765
2879
2715
2915
2863
3039
3043
2951
2870
2997
2915
2943
3095
2999
3071
3015
3238
3135
2975
3167
10000
3011
2695
2611
2163
2291
2165
1933
1859
1801
1626
1482
1488
1534
1345
1174
1298
998
1051
842
954
970
956
805
762
724
666
700
581
564
568
524
500
480
464
476
372
425
411
368
448
470
357
344
348
309
322
256
258
360
164
10000
240
472
696
773
914
972
1038
1164
1402
1535
1584
1775
1775
2015
2123
2096
2199
2321
2285
2379
2378
2458
2517
2559
2641
2631
2711
2645
2799
2739
2815
2711
2865
2839
2987
2847
2951
2911
3119
2943
3153
3127
3071
3118
2943
3055
3095
3101
3175
3243
10000
2933
2717
2687
2609
2303
2192
1923
1933
1804
1604
1639
1520
1392
1392
1229
1098
1205
995
1078
1008
1032
816
757
844
674
594
673
624
548
581
546
560
582
456
560
480
492
304
434
422
240
394
370
233
417
426
304
268
208
200
10000
322
352
666
756
922
1016
1267
1312
1376
1611
1559
1730
1863
1891
2089
2237
2241
2347
2495
2455
2427
2513
2517
2682
2594
2687
2647
2589
2847
2829
2827
2911
2751
2865
2959
2971
3103
3071
3147
3095
3191
3214
3235
3231
3179
3347
3381
3303
3398
3313
10000
3091
2979
2757
2631
2526
2366
2267
2065
2022
1978
1820
1665
1520
1596
1495
1424
1345
1138
1200
1162
1172
1106
1019
950
955
916
854
868
672
742
807
726
704
716
690
618
736
504
644
528
624
536
528
536
454
416
385
362
400
384
10000
464
624
784
964
856
1142
1154
1306
1557
1619
1702
1780
1999
1779
2169
2241
2271
2218
2353
2429
2522
2491
2515
2475
2489
2655
2759
2859
2895
2766
2893
2767
2959
2839
2995
3061
2963
2943
3031
2934
3055
3091
3179
3101
3283
3071
3019
3071
3189
3115
10000
3015
2777
2647
2421
2215
2198
2126
2038
1891
1671
1633
1583
1535
1449
1300
1232
1230
1157
1033
944
1136
896
1000
736
790
771
784
665
710
660
580
688
576
531
640
448
442
374
550
453
368
428
352
414
354
416
308
384
261
224
10000
292
416
640
776
848
960
1096
1261
1427
1525
1618
1841
1798
1954
1995
1999
2150
2181
2239
2365
2415
2555
2518
2435
2527
2599
2559
2635
2733
2782
2743
2799
2923
2807
2807
2891
2973
2823
2823
2939
2935
2951
3091
2927
3007
2983
3099
3035
3121
3151
10000
2975
2718
2523
2433
2399
2084
2057
1917
1792
1648
1635
1504
1503
1354
1268
1291
1092
1014
1033
960
944
890
752
788
640
776
684
736
601
530
508
528
640
475
484
570
540
524
292
384
400
368
336
352
338
364
344
352
337
192
10000
204
384
518
656
812
1056
1112
1199
1461
1498
1573
1660
1701
1840
2054
2047
2028
2196
2131
2331
2359
2434
2533
2519
2512
2519
2498
2509
2704
2673
2739
2718
2830
2734
2869
2799
2707
2797
2901
2935
2999
2838
2999
2951
3015
2957
2903
2885
3019
3063
10000
2859
2655
2542
2349
2209
2099
1955
1872
1730
1613
1498
1496
1344
1286
1408
1225
1125
1121
880
948
880
818
850
685
684
720
694
640
656
584
576
456
510
491
388
440
353
272
324
378
312
256
240
288
201
80
256
250
168
113
10000
272
344
496
665
720
945
974
1190
1296
1318
1534
1602
1649
1786
1807
1883
2000
2009
2096
2145
2257
2327
2373
2469
2443
2490
2559
2529
2653
2611
2669
2753
2704
2731
2767
2705
2755
2627
2919
2831
2814
2739
2811
2896
2915
2863
3014
2907
2846
2961
10000
2897
2701
2447
2385
2211
1983
1858
1776
1747
1686
1388
1362
1261
1219
1104
1037
976
900
814
888
706
809
763
714
632
496
440
560
518
496
491
474
448
387
320
336
356
288
356
208
162
228
320
196
240
116
64
144
88
96
10000
164
257
416
624
720
800
883
1238
1200
1176
1453
1480
1655
1733
1814
1789
1904
1959
2028
1951
2187
2150
2320
2335
2443
2461
2411
2469
2459
2485
2511
2608
2715
2595
2741
2727
2695
2675
2691
2767
2779
2767
2767
2747
2829
2895
2898
2843
2735
2895
10000
2815
2507
2367
2148
2000
1997
1859
1711
1634
1616
1532
1180
1265
1213
1088
996
1084
852
949
882
674
752
656
562
629
516
592
537
524
361
364
312
470
354
336
325
320
240
212
240
164
176
204
182
166
192
104
218
160
36
10000
149
304
442
592
728
823
1006
1148
1294
1294
1386
1606
1706
1771
1907
1840
1997
2078
2067
2101
2163
2161
2303
2542
2352
2459
2507
2519
2559
2547
2731
2751
2679
2767
2673
2723
2827
2790
2767
2871
2871
2835
2831
2747
2837
2939
2865
2961
2975
3047
10000
2928
2651
2513
2320
2240
2105
1999
1837
1783
1685
1581
1472
1278
1297
1274
1225
1104
944
1038
857
869
770
736
788
670
640
540
738
588
565
496
656
468
434
508
352
488
448
448
432
305
492
386
300
296
208
290
176
192
256
10000
144
424
576
730
908
917
1152
1213
1234
1440
1581
1663
1675
1840
1871
1911
2102
2221
2242
2199
2231
2366
2431
2463
2551
2610
2595
2637
2706
2671
2775
2815
2815
2777
2855
2815
2842
2853
2847
2899
2911
2946
2989
2958
2885
2979
2992
3025
3031
3025
10000
2887
2770
2478
2379
2310
2271
1967
1871
1765
1594
1585
1461
1455
1360
1238
1122
1184
1129
1136
945
913
960
854
738
826
728
723
640
609
450
576
500
514
482
501
388
476
532
358
352
374
390
320
308
323
272
260
208
192
146
10000
256
396
421
684
810
976
1145
1328
1395
1459
1565
1648
1742
1886
1827
2151
2117
2147
2299
2329
2310
2271
2419
2471
2337
2495
2657
2603
2723
2711
2704
2747
2767
2751
2815
2787
2763
2805
2955
2993
2911
2847
2850
2878
2849
2919
3023
3051
3043
3053
10000
2883
2842
2535
2309
2149
2119
1891
1902
1702
1704
1609
1427
1386
1283
1292
1120
1042
998
946
966
938
968
816
728
589
632
656
601
640
672
585
538
508
480
496
510
403
389
422
426
272
450
234
272
320
176
212
196
220
192
10000
162
374
516
659
818
978
1084
1154
1404
1519
1601
1578
1703
1755
1871
1936
2042
2114
2131
2203
2229
2315
2275
2431
2537
2551
2559
2559
2655
2727
2699
2778
2685
2678
2779
2786
2759
2871
2855
3019
3071
2883
3055
2847
3023
3091
3018
3043
2975
2943
10000
2927
2710
2479
2381
2189
2106
2034
1903
1644
1648
1456
1490
1504
1350
1269
1235
1141
1083
912
940
837
736
856
688
640
688
665
592
584
468
432
608
436
560
440
400
402
304
294
432
242
296
204
320
184
208
234
146
272
258
10000
234
264
532
652
794
928
1146
1104
1242
1324
1505
1533
1764
1805
1769
1932
1974
2150
2127
2249
2179
2419
2416
2362
2511
2559
2527
2489
2659
2603
2739
2769
2704
2655
2726
2795
2775
2951
2799
2883
2897
2898
2865
2890
2942
2847
2955
3121
2879
2960
10000
2925
2800
2497
2365
2239
2010
1906
1871
1725
1664
1458
1568
1393
1237
1127
1234
1128
896
950
976
892
852
770
840
857
680
650
534
604
482
424
528
520
418
394
424
425
404
320
420
332
336
258
244
392
356
336
298
308
224
10000
148
364
516
628
842
942
1089
1202
1224
1390
1617
1531
1708
1739
1840
1883
2069
2079
2089
2250
2368
2365
2373
2320
2383
2479
2551
2591
2726
2691
2723
2767
2719
2711
2745
2759
2853
2791
2901
2987
2803
2975
3091
2935
3067
2982
2940
3023
3011
3047
10000
2983
2767
2543
2355
2283
2098
1987
1838
1746
1649
1535
1414
1366
1285
1208
1200
1088
1139
941
882
912
817
768
832
747
758
630
640
688
518
610
484
536
432
440
365
332
432
409
368
441
240
228
226
224
228
272
256
264
313
10000
169
384
548
608
874
861
1078
1142
1278
1502
1454
1661
1776
1866
1961
2069
2133
2215
2203
2291
2331
2319
2423
2431
2416
2495
2463
2655
2559
2595
2623
2771
2739
2729
2751
2865
2863
2919
2875
2863
2859
2943
2894
2991
2979
2991
2941
2989
3090
3007
10000
2871
2595
2539
2353
2178
2178
2073
1818
1808
1564
1622
1554
1344
1306
1204
1264
1076
1057
1011
880
912
848
846
758
879
720
624
712
678
688
448
418
628
480
464
482
476
416
336
244
384
212
308
312
409
224
342
226
262
178
10000
288
440
593
720
752
848
1040
1232
1213
1306
1510
1654
1687
1698
1811
2003
1969
2182
2127
2207
2326
2382
2383
2399
2559
2595
2602
2631
2663
2639
2671
2707
2875
2703
2833
2815
2767
2899
2899
2859
2943
2949
2907
2971
2875
2992
2879
3071
2875
3027
10000
2955
2672
2590
2430
2192
2092
2029
1808
1744
1650
1562
1535
1358
1206
1248
1221
1202
1049
1009
889
836
864
740
774
784
739
660
601
594
560
588
556
618
498
521
362
461
372
330
272
274
392
280
256
368
192
150
320
232
192
10000
272
288
570
752
890
975
976
1046
1274
1435
1445
1649
1725
1847
1903
1994
2097
2207
2143
2195
2297
2303
2487
2471
2541
2543
2509
2607
2617
2736
2723
2822
2827
2806
2675
2829
2847
2967
2879
2931
2999
2922
2919
2967
2842
3025
3139
3135
3011
2887
10000
2999
2643
2459
2431
2246
2193
1984
1937
1767
1611
1559
1535
1429
1275
1324
1186
1110
1085
1018
976
955
834
832
644
692
689
572
608
592
576
524
448
518
618
496
448
448
428
336
440
360
306
262
357
240
362
424
244
192
228
10000
320
392
470
664
816
917
1088
1293
1300
1488
1649
1578
1814
1727
1833
2007
2014
2121
2231
2122
2300
2240
2503
2469
2401
2608
2594
2655
2771
2735
2608
2695
2783
2809
2719
2835
3003
2829
2885
2896
2959
2935
2835
2919
3051
3007
2991
3103
3179
3115
10000
2863
2647
2515
2391
2285
2173
1974
1894
1648
1726
1581
1456
1354
1447
1275
1136
1086
1029
1046
954
1043
800
880
745
640
746
572
684
629
552
682
532
582
450
509
480
410
308
290
357
336
416
304
333
376
275
432
336
202
280
10000
172
505
510
794
832
868
1104
1216
1340
1502
1563
1589
1805
1645
1936
1950
2109
2113
2288
2387
2384
2320
2489
2513
2595
2513
2559
2527
2619
2602
2717
2735
2801
2775
2851
2653
2697
2835
2747
2875
2895
2967
3003
2898
2927
2993
2991
3047
3039
2961
10000
2911
2736
2427
2406
2283
2239
1893
1975
1820
1626
1492
1535
1411
1317
1217
1310
1174
1056
909
988
912
883
869
720
724
688
685
650
656
560
723
492
459
480
516
406
392
352
404
432
368
434
289
304
288
344
274
216
244
244
10000
322
426
598
693
816
1041
1080
1242
1344
1391
1520
1674
1759
1754
1986
1893
2162
2130
2129
2338
2273
2383
2431
2431
2492
2549
2608
2755
2659
2741
2783
2675
2691
2883
2795
2911
2866
2954
2866
2884
3029
2893
2911
3019
3013
2813
3039
3025
3122
2975
10000
2863
2725
2559
2335
2215
2128
2000
1771
1780
1621
1664
1457
1362
1264
1125
1200
1136
1136
948
1100
948
949
835
720
768
690
740
740
656
593
642
421
546
452
436
432
412
518
366
338
448
304
368
304
320
352
208
289
201
196
10000
220
462
540
569
848
1011
1010
1276
1349
1558
1535
1694
1810
1824
1985
2065
1968
2245
2193
2315
2271
2338
2437
2475
2491
2507
2455
2599
2615
2789
2821
2703
2727
2855
2786
2835
2859
2911
2799
2875
2951
2919
2982
2943
2959
3007
2939
2887
2997
3121
10000
2943
2659
2555
2535
2250
2043
2044
1910
1818
1634
1613
1475
1382
1424
1254
1100
1085
1005
919
1006
832
816
724
780
776
784
708
597
576
690
616
528
496
534
564
468
528
449
368
456
480
348
368
340
265
290
390
211
228
218
10000
256
400
560
707
822
1004
1171
1201
1405
1414
1610
1755
1651
1833
1967
1958
2067
2162
2131
2391
2407
2352
2448
2511
2445
2609
2559
2711
2645
2691
2831
2759
2727
2639
2845
2871
2813
2934
2897
2961
2926
2879
3027
2927
2907
3055
2847
3007
2983
3046
10000
2911
2690
2637
2355
2191
2117
1975
1875
1819
1772
1574
1409
1473
1298
1229
1261
1261
1125
1022
944
880
808
908
848
617
699
698
706
629
608
520
560
416
490
424
536
388
345
388
352
296
346
394
312
234
216
354
240
264
218
10000
264
410
537
768
784
908
1257
1169
1340
1487
1593
1689
1845
1770
1885
1981
2193
2128
2219
2301
2364
2339
2395
2447
2559
2423
2585
2623
2650
2747
2775
2711
2731
2640
2751
2815
2926
2847
2859
2991
2839
3003
2907
2879
3006
2928
3103
2979
3071
2943
10000
2925
2711
2513
2431
2221
2115
1993
1900
1915
1651
1665
1515
1393
1195
1230
1225
1096
978
915
965
956
836
955
737
834
811
744
688
576
594
656
458
498
368
528
466
400
416
516
405
404
501
397
268
258
352
428
313
216
292
10000
140
501
496
704
872
962
1056
1246
1388
1392
1584
1650
1680
1795
1991
1941
2027
2193
2026
2307
2322
2422
2439
2485
2534
2559
2643
2669
2651
2631
2685
2719
2759
2719
2923
2835
2863
2919
2875
2929
2998
2907
2967
2855
2917
2883
3043
2955
3087
2961
10000
2885
2695
2591
2399
2217
2197
1954
1882
1727
1738
1653
1613
1347
1433
1224
1296
1184
1081
1008
965
821
972
990
828
772
753
725
580
652
684
571
502
560
596
352
450
408
368
472
362
408
496
360
385
292
344
257
348
164
306
10000
272
357
472
762
785
878
1048
1221
1363
1382
1713
1738
1667
1867
1983
2070
2145
2047
2261
2188
2192
2415
2512
2448
2463
2512
2643
2443
2663
2607
2735
2657
2795
2695
2703
2815
2857
2815
2963
2927
3023
3011
2957
2991
2967
2896
3067
2962
3051
3019
10000
2963
2672
2654
2433
2359
2109
1969
1843
1685
1777
1700
1486
1372
1306
1253
1152
1117
1124
1152
1008
893
891
790
865
712
771
613
752
640
560
568
520
520
480
546
384
532
389
378
336
354
294
368
224
224
416
176
280
260
321
10000
204
384
448
729
882
908
992
1193
1348
1394
1535
1748
1664
1808
1859
1980
2110
2128
2183
2243
2355
2363
2519
2435
2288
2640
2647
2683
2667
2637
2719
2673
2855
2815
2787
2789
2768
2943
2919
2943
3111
3007
2871
2910
2911
2891
2927
2959
2966
2998
10000
2959
2687
2543
2411
2278
2115
2130
1794
1806
1682
1605
1528
1492
1424
1267
1239
1200
1053
1062
930
876
868
822
784
690
720
753
640
608
592
640
496
488
501
528
397
514
450
448
432
395
164
304
327
200
280
276
176
256
336
10000
176
337
545
720
925
960
1010
1293
1394
1465
1553
1744
1771
1875
1929
2107
2031
2177
2193
2262
2423
2371
2381
2449
2495
2559
2609
2608
2640
2699
2699
2727
2813
2831
2891
2783
2901
2815
2911
2891
2935
2907
3003
3127
3063
2907
2951
2919
3071
3015
10000
2919
2727
2539
2377
2365
2123
2047
1914
1765
1656
1532
1387
1357
1164
1245
1198
1200
1069
1006
936
845
960
758
839
709
832
728
689
688
612
482
570
531
576
496
481
452
448
470
404
308
384
300
272
192
344
261
179
304
224
10000
176
356
604
756
896
976
969
1169
1308
1403
1569
1812
1744
1904
1915
2105
2087
2123
2275
2278
2325
2451
2492
2383
2447
2494
2501
2639
2742
2608
2685
2687
