2803
2923
2779
2733
2899
3023
2965
2959
2975
2955
2960
2928
2875
2911
2897
3057
3071
2919
10000
2815
2726
2525
2387
2320
2215
1970
1891
1655
1721
1609
1494
1510
1307
1266
1120
1202
1054
1008
997
896
933
985
790
760
803
656
592
569
660
624
548
522
480
480
496
388
360
394
368
264
400
352
322
284
240
330
256
306
357
10000
216
524
577
702
768
1008
1048
1226
1400
1457
1601
1725
1616
1872
1869
2034
2015
2259
2263
2330
2419
2397
2435
2503
2529
2535
2559
2591
2677
2723
2815
2674
2835
2823
2867
2751
2861
2827
2887
3003
3013
2895
2915
2951
3039
3031
3103
3035
3071
3023
10000
2959
2651
2535
2538
2384
2067
1953
1950
1871
1632
1481
1454
1400
1318
1168
1136
1114
1066
960
960
933
820
912
845
737
713
752
704
640
640
602
533
546
435
408
364
576
492
376
352
276
288
412
325
266
312
258
368
256
240
10000
273
292
576
720
710
982
1064
1202
1250
1473
1566
1648
1763
1836
1927
1839
2037
2143
2258
2289
2246
2381
2537
2479
2438
2599
2589
2615
2786
2781
2774
2755
2799
2815
2928
2795
2865
2803
2879
2935
2955
2943
2879
2933
3007
3011
2979
2864
2919
2987
10000
2999
2705
2533
2497
2161
2139
2011
1805
1725
1797
1553
1408
1513
1353
1345
1216
1168
1084
961
955
941
1019
923
816
788
752
682
726
728
729
576
497
592
592
402
426
448
340
256
384
368
374
264
291
277
320
290
260
144
240
10000
232
377
660
675
854
1033
1152
1258
1317
1563
1637
1744
1715
1903
1906
2066
2180
2193
2221
2251
2318
2315
2385
2346
2559
2541
2512
2683
2698
2695
2663
2774
2862
2759
2903
2756
2855
2883
2865
2961
2919
2823
2915
3022
2919
2975
2975
2992
3095
3045
10000
2883
2709
2539
2479
2277
2059
2081
1859
1781
1664
1580
1574
1413
1312
1252
1132
1088
1098
1088
999
848
858
802
657
730
720
726
578
733
620
608
576
545
400
468
496
281
464
496
358
416
432
354
162
314
296
361
320
388
244
10000
194
356
472
530
832
904
1027
1152
1239
1439
1560
1629
1754
1744
1966
2023
2039
2160
2254
2297
2303
2477
2319
2475
2559
2559
2654
2691
2679
2705
2727
2526
2781
2694
2839
2783
2883
2999
3015
2843
2898
2967
3071
2915
2865
3099
3039
3071
2983
3067
10000
2987
2735
2611
2257
2222
2001
1857
1966
1808
1634
1616
1495
1355
1346
1273
1213
1016
1099
1042
1040
848
884
801
822
704
692
608
560
560
656
524
556
459
468
581
530
424
416
388
386
337
276
330
324
203
258
266
288
179
304
10000
239
406
576
640
816
986
1109
1221
1226
1420
1531
1648
1725
1927
2034
1965
2167
2065
2341
2274
2341
2446
2391
2443
2512
2555
2509
2677
2695
2714
2763
2747
2672
2716
2853
2768
2822
2851
2919
2987
2815
2959
2909
2975
3007
3045
3053
3199
3103
3015
10000
2943
2715
2451
2463
2225
2257
2064
1845
1837
1657
1520
1411
1328
1273
1178
1178
1093
1072
938
976
858
906
944
746
833
720
626
657
662
618
670
569
530
560
456
492
518
448
400
474
292
416
340
296
326
309
220
328
336
232
10000
240
368
578
770
826
976
1088
1248
1242
1377
1587
1654
1652
1744
2023
2039
2096
2080
2295
2224
2181
2403
2382
2331
2448
2542
2501
2607
2611
2611
2783
2751
2717
2833
2825
2942
2803
2865
2801
3057
2983
3007
3043
2831
2982
2889
2839
2989
3055
3027
10000
2834
2677
2559
2375
2199
2107
1915
1936
1792
1646
1567
1509
1396
1395
1221
1081
1088
964
1066
917
936
832
770
857
776
705
717
633
717
589
577
522
474
480
496
492
322
376
432
320
368
341
346
302
328
304
273
192
288
208
10000
195
372
609
616
705
884
1136
1227
1357
1510
1581
1606
1771
1793
1941
1953
2128
2119
2266
2287
2367
2384
2343
2467
2442
2623
2487
2641
2559
2727
2768
2775
2599
2767
2901
2791
2801
2959
2815
2897
2863
2998
2992
3011
3043
3095
2994
3117
3006
3007
10000
2895
2643
2609
2330
2342
2032
1975
1798
1840
1626
1557
1511
1434
1344
1126
1226
1142
1020
1060
994
814
901
747
768
781
601
650
612
593
518
530
549
536
528
496
498
405
412
325
449
348
264
368
277
384
348
184
290
290
313
10000
272
474
672
728
848
890
1116
1141
1463
1469
1573
1744
1611
1871
1902
2027
2023
2126
2250
2245
2242
2352
2446
2545
2653
2519
2635
2595
2677
2639
2679
2766
2743
2799
2801
2811
2935
2839
2893
2847
2927
2931
2911
2967
2971
3071
2981
2907
2949
2975
10000
3023
2591
2595
2349
2258
2204
1974
1873
1762
1744
1618
1455
1415
1387
1254
1170
1204
1088
978
1000
889
856
912
807
688
689
642
475
633
626
544
520
496
608
593
528
400
352
398
292
288
262
368
260
248
274
212
170
240
320
10000
304
356
592
681
816
912
1168
1237
1307
1485
1572
1694
1674
1837
2007
1951
2126
2182
2141
2288
2241
2343
2490
2429
2371
2637
2479
2559
2775
2715
2711
2774
2801
2739
2743
2838
2865
2893
3031
2887
2815
2935
2955
2927
2965
2935
3063
2960
3005
3022
10000
2919
2736
2623
2375
2113
2173
1986
1910
1776
1617
1535
1609
1370
1394
1254
1052
1104
1072
1042
848
976
892
736
744
794
736
656
712
584
538
664
482
528
400
394
400
460
384
345
328
236
354
268
304
242
360
267
364
272
236
10000
168
320
577
624
832
896
998
1212
1377
1478
1558
1619
1632
1746
1856
2155
1965
2103
2164
2249
2307
2353
2422
2443
2509
2499
2637
2629
2627
2698
2659
2775
2659
2718
2769
2742
2832
2871
3019
2877
2899
2867
3047
3127
2911
2927
2911
2897
3167
3135
10000
2843
2764
2397
2511
2274
2122
2101
1856
1684
1728
1602
1520
1485
1424
1237
1309
1130
1104
960
940
900
850
732
821
706
677
685
736
601
502
718
496
497
476
500
457
406
402
384
325
308
324
345
260
224
226
256
256
176
276
10000
256
384
530
748
807
938
1136
1179
1312
1516
1472
1648
1725
1839
1955
2171
2081
2122
2250
2175
2218
2389
2431
2627
2559
2555
2543
2609
2703
2697
2751
2719
2863
2783
2893
2802
2859
2800
3007
2891
2963
2927
2947
2926
2949
2991
3135
3103
2963
2943
10000
3015
2823
2551
2507
2258
2164
1979
1853
1712
1658
1671
1411
1488
1248
1334
1216
1108
1042
980
880
880
800
870
790
772
814
706
706
557
693
617
564
624
548
528
432
384
442
340
273
368
312
424
352
394
264
276
250
232
193
10000
224
412
496
774
804
929
990
1328
1251
1491
1470
1495
1827
1827
2034
1969
2067
2223
2227
2223
2319
2251
2379
2431
2478
2674
2716
2677
2551
2758
2707
2787
2807
2747
2821
2933
2971
2975
2887
2957
2897
3019
2865
3107
2992
3031
3057
3088
2959
2927
10000
2864
2679
2586
2439
2291
2179
2007
1987
1814
1627
1627
1492
1387
1327
1314
1232
1102
1133
1035
946
953
880
796
780
820
708
768
576
660
640
660
480
588
330
536
416
448
384
436
288
312
368
272
410
154
277
277
245
192
242
10000
166
346
651
714
796
1008
1209
1173
1302
1440
1535
1711
1797
1797
1936
1971
2126
2192
2225
2291
2290
2445
2418
2384
2551
2501
2544
2702
2647
2640
2790
2751
2737
2864
2791
2931
2943
2899
2949
2928
2923
2991
2983
2960
2843
3039
2971
3071
3060
3063
10000
2965
2807
2605
2379
2171
2207
2017
1888
1765
1601
1504
1500
1329
1340
1283
1213
1003
1115
1081
966
872
834
839
730
802
654
736
678
686
672
580
608
464
481
548
571
553
400
308
369
320
278
354
344
280
288
208
272
240
169
10000
280
323
546
724
773
968
1072
1264
1358
1462
1604
1535
1723
1802
1879
2007
2059
2099
2283
2267
2321
2448
2399
2443
2423
2559
2627
2659
2637
2603
2693
2686
2695
2803
2799
2835
2826
2751
2843
3015
2899
2899
2783
2987
3007
2973
2935
3035
2971
2967
10000
2923
2723
2439
2411
2186
2207
1990
1919
1723
1700
1605
1515
1514
1365
1144
1306
1157
976
957
956
988
1012
752
744
768
712
656
656
586
564
618
571
528
617
388
561
408
394
324
332
488
396
368
300
337
320
290
264
200
84
10000
224
442
440
706
874
866
1093
1152
1297
1464
1655
1626
1802
1890
1910
1971
2160
2121
2237
2209
2299
2423
2583
2445
2454
2463
2537
2663
2738
2739
2743
2823
2786
2717
2781
2774
2755
2947
2809
2865
2927
2951
2943
2979
2983
3070
3007
2989
3027
2947
10000
3023
2677
2544
2334
2287
2097
1984
1886
1838
1777
1653
1532
1371
1182
1293
1145
1190
1098
961
965
904
953
800
864
800
698
656
704
620
688
688
538
481
528
539
388
485
432
400
288
396
376
305
372
397
296
306
312
300
260
10000
306
368
510
738
802
1004
1123
1277
1333
1534
1535
1703
1901
1906
2016
1934
2144
2167
2255
2332
2303
2416
2414
2463
2429
2559
2591
2557
2585
2783
2671
2763
2646
2687
2879
2853
2943
2927
2807
2931
2895
2991
2927
2930
2939
2895
2939
2941
3014
2865
10000
2917
2599
2653
2342
2226
2106
1920
1871
1801
1648
1446
1456
1392
1345
1246
1181
1214
1112
1146
839
876
906
896
764
757
704
592
640
576
464
640
534
839
2999
2929
2960
2961
2899
2963
3047
3071
3007
3047
10000
2931
2787
2634
2382
2239
2112
1919
1842
1799
1613
1680
1587
1394
1357
1226
1136
1138
1085
940
962
864
882
864
808
688
717
826
743
694
536
608
554
454
428
402
444
434
468
384
416
320
370
256
260
264
336
282
268
244
193
10000
104
416
576
705
833
969
1132
1244
1304
1393
1719
1680
1795
1938
1938
2142
2041
2175
2333
2331
2198
2365
2322
2339
2527
2631
2607
2672
2595
2625
2729
2683
2703
2647
2823
2810
2879
2986
2943
2959
2911
2896
2941
3071
3019
3095
3058
3038
3123
3039
10000
2906
2661
2559
2434
2302
2174
2035
1831
1710
1729
1644
1392
1350
1344
1296
1158
1216
1060
960
926
1040
908
816
836
768
816
694
618
644
654
557
528
466
556
470
464
387
400
412
360
400
320
336
356
320
330
272
240
196
192
10000
128
436
560
650
736
905
1072
1202
1357
1360
1612
1743
1634
1925
1872
1939
2102
2087
2179
2334
2373
2386
2374
2303
2480
2471
2705
2551
2701
2609
2641
2846
2695
2795
2821
2881
2851
2917
2895
3011
2843
2866
2871
3035
3055
2957
2991
2995
3103
3167
10000
2875
2695
2487
2403
2352
2140
2007
1920
1763
1602
1616
1563
1486
1299
1216
1228
1132
1072
1066
946
868
832
818
788
774
560
752
592
554
592
656
585
404
400
432
408
458
418
400
240
352
348
336
292
242
138
224
208
256
240
10000
218
332
602
742
752
901
1189
1272
1350
1489
1503
1612
1750
1863
1867
2028
2032
2134
2229
2278
2311
2339
2415
2395
2479
2493
2679
2629
2547
2607
2823
2677
2687
2803
2865
2835
2835
2917
2895
2870
2974
2958
2951
2981
3063
3019
2909
2975
2887
3103
10000
2865
2621
2599
2307
2215
2079
1974
1904
1840
1785
1638
1441
1391
1216
1190
1152
1052
1090
993
944
800
810
828
768
763
778
745
592
572
626
521
570
496
536
489
507
460
296
336
290
402
256
320
313
304
290
354
341
194
256
10000
229
352
624
660
745
1008
960
1286
1226
1424
1586
1620
1670
1880
1853
2021
2187
2225
2279
2387
2274
2353
2383
2381
2527
2479
2556
2599
2639
2642
2687
2839
2719
2902
2897
2855
2833
2896
2773
2903
2963
2999
2959
2919
2951
3031
3099
3091
3057
3011
10000
2959
2843
2595
2417
2307
2112
2069
1911
1759
1749
1664
1514
1518
1434
1334
1174
1234
1105
921
886
982
838
840
784
749
784
672
614
696
608
417
516
644
360
496
464
336
365
432
400
408
342
432
336
264
304
354
256
305
184
10000
192
465
553
688
726
944
1060
1254
1331
1476
1516
1737
1712
1825
1887
2131
2039
2217
2096
2247
2288
2443
2544
2431
2499
2485
2706
2529
2699
2783
2831
2911
2815
2751
2787
2911
2831
2991
2839
2853
2993
3023
2966
3043
2911
2961
3051
3007
3071
3135
10000
2894
2791
2446
2375
2356
2225
1987
1917
1709
1805
1581
1477
1467
1394
1321
1296
1129
1008
960
1020
851
801
880
826
793
650
680
651
675
704
608
576
560
496
516
498
344
432
400
368
393
357
432
357
304
336
305
200
244
393
10000
240
310
540
731
866
988
1088
1268
1349
1386
1667
1632
1697
1798
1919
2047
2055
2161
2213
2214
2369
2325
2352
2393
2623
2463
2585
2711
2621
2672
2559
2703
2715
2838
2851
2811
2779
2871
2899
2923
2847
3031
2883
2967
2923
2991
2851
2999
3055
2959
10000
2789
2639
2559
2414
2367
2101
1918
1811
1782
1728
1578
1655
1457
1465
1168
1264
1148
1032
1170
883
1040
896
768
796
720
693
645
630
601
624
476
576
448
417
537
368
388
392
368
416
342
232
354
352
272
304
306
228
256
256
10000
312
468
508
736
786
1040
960
1232
1296
1424
1510
1631
1798
1776
2047
1999
2122
2182
2173
2255
2391
2447
2467
2455
2655
2543
2587
2559
2551
2679
2783
2647
2765
2895
2768
2903
2960
2903
2899
2886
2832
3071
2992
3014
2999
3058
3007
3135
3023
3030
10000
2919
2727
2631
2437
2194
2133
1917
1933
1797
1683
1566
1517
1440
1509
1234
1168
1146
1138
1072
1020
864
809
845
864
752
690
649
629
634
619
556
498
486
521
557
549
416
476
412
420
324
474
336
336
272
290
169
112
322
132
10000
182
416
528
762
859
936
1086
1248
1355
1506
1535
1606
1741
1806
1885
1888
2007
2148
2143
2230
2387
2353
2386
2416
2559
2589
2497
2651
2591
2769
2801
2763
2623
2757
2811
2854
2741
2851
2803
2929
2993
2843
2895
2962
2960
3003
2971
3047
3057
3043
10000
3019
2607
2505
2427
2219
2070
2021
1884
1776
1680
1555
1488
1462
1379
1360
1169
1112
1090
945
1029
896
893
826
864
742
768
634
668
750
680
544
524
564
404
531
500
378
416
384
400
352
348
384
320
266
348
356
296
256
224
10000
296
480
518
836
784
800
1088
1186
1341
1370
1504
1751
1764
1887
1991
2010
2143
2160
2132
2307
2323
2358
2503
2467
2551
2443
2640
2631
2535
2764
2735
2703
2815
2763
2672
2839
2960
2903
2911
2982
2921
3061
3031
2955
2962
2867
3061
3071
3135
3025
10000
2797
2726
2527
2307
2285
2315
1920
1973
1823
1675
1625
1424
1423
1454
1298
1233
1122
1002
1032
1035
1056
997
800
774
780
762
736
660
583
576
484
389
680
506
496
428
522
420
452
456
424
306
328
374
344
336
304
298
272
208
10000
261
458
640
688
858
1019
1065
1281
1431
1521
1520
1714
1843
1877
2077
2122
2135
2288
2431
2145
2439
2293
2449
2430
2555
2591
2626
2614
2672
2767
2725
2685
2805
2874
2867
2762
2823
2895
2891
2833
2893
2931
2893
2959
2958
2927
2975
2957
3055
3143
10000
3091
2736
2631
2414
2230
2139
1981
1918
1726
1769
1589
1506
1485
1264
1304
1276
1213
1070
936
982
1001
891
837
800
784
705
650
648
684
612
698
456
545
468
452
464
429
276
332
434
312
360
272
237
220
264
240
323
320
308
10000
313
408
476
850
860
956
1056
1286
1444
1515
1465
1578
1845
1829
1847
1985
1983
2149
2294
2239
2289
2319
2448
2557
2395
2625
2655
2743
2707
2627
2706
2767
2710
2887
2831
2891
2815
2895
2949
2963
2943
2959
2943
2958
2915
2954
3087
2931
2975
3023
10000
2896
2751
2481
2407
2176
2165
2017
1905
1732
1661
1598
1535
1398
1328
1368
1130
1112
1072
1064
929
932
832
848
736
840
792
660
696
619
640
587
456
440
496
520
562
456
410
409
300
264
364
368
394
289
172
240
224
165
192
10000
208
362
496
640
736
984
1136
1225
1389
1535
1679
1671
1808
1943
1998
1984
2067
2222
2207
2308
2319
2438
2541
2386
2466
2605
2471
2555
2527
2735
2670
2655
2766
2685
2837
2797
2823
2707
2861
2754
2972
2853
2887
2962
3005
2917
2995
3047
2955
2947
10000
2863
2770
2516
2310
2241
2047
1872
1782
1685
1723
1617
1531
1329
1392
1152
1130
1168
1126
1006
989
1056
850
832
716
672
785
598
538
436
592
576
616
548
437
560
497
521
402
368
336
337
332
368
310
294
276
208
296
256
272
10000
75
309
528
645
740
837
1200
1216
1376
1398
1556
1578
1660
1759
1937
1901
1979
2160
2224
2295
2223
2338
2475
2399
2559
2559
2634
2647
2635
2723
2750
2702
2725
2803
2798
2871
2871
3058
3013
2811
2923
2935
2883
3055
2915
2959
2935
2975
2911
2931
10000
2825
2843
2448
2463
2195
2195
1872
1808
1790
1677
1597
1431
1472
1325
1232
1177
1179
1162
1095
1008
990
912
768
777
752
640
828
720
546
640
567
608
564
452
482
497
510
538
486
492
416
458
368
272
392
308
208
267
152
120
10000
240
369
556
806
792
1061
1136
1307
1274
1532
1561
1745
1872
1984
2017
2249
2067
2179
2191
2315
2297
2429
2533
2471
2475
2489
2448
2645
2779
2650
2731
2775
2706
2811
2800
2743
2895
2865
3007
2963
2928
2941
3035
2991
3035
3119
3014
2983
2911
3067
10000
2879
2843
2588
2361
2194
2115
1982
1941
1715
1767
1600
1373
1340
1421
1200
1248
1099
1178
1042
843
898
854
697
752
674
673
554
619
656
545
496
545
500
408
416
458
393
408
240
290
408
330
258
226
292
352
236
312
169
309
10000
178
400
458
688
774
982
1060
1142
1289
1435
1461
1613
1587
1773
1794
1865
2123
2093
2103
2213
2379
2281
2273
2374
2435
2439
2510
2623
2663
2703
2655
2706
2779
2722
2763
2737
2843
2919
2831
2871
2859
2883
2893
2870
2895
2991
2963
2887
3029
2975
10000
2943
2671
2453
2336
2221
2006
1856
1861
1569
1749
1456
1527
1305
1264
1167
1245
1134
1056
1008
1040
821
804
826
736
741
736
606
681
624
656
498
444
614
476
576
392
412
496
416
416
256
336
259
304
393
197
306
216
181
320
10000
96
312
488
624
768
812
1053
1201
1389
1379
1687
1777
1746
1829
1955
1999
2059
2116
2241
2225
2311
2379
2510
2384
2469
2495
2535
2599
2791
2691
2647
2735
2735
2798
2723
2807
2734
2757
2917
2981
2871
2971
2919
2887
3019
2995
3059
3120
3091
3131
10000
2879
2751
2610
2499
2306
2067
2015
1983
1837
1665
1650
1569
1385
1303
1360
1186
1134
971
1056
928
941
900
877
822
762
774
746
602
800
620
598
616
565
534
474
400
497
412
424
456
500
442
386
320
408
320
208
212
336
306
10000
208
448
560
720
842
989
932
1289
1353
1413
1470
1634
1680
1751
1936
1985
2037
2103
2255
2235
2251
2307
2494
2448
2512
2598
2441
2543
2652
2583
2727
2842
2897
2719
2725
2815
2767
2943
2863
2831
2961
2927
2847
3007
2935
3035
2999
2863
2887
2961
10000
2959
2901
2641
2379
2259
2069
1966
1875
1727
1635
1629
1512
1442
1306
1216
1150
1182
1178
1104
1008
906
654
777
803
788
628
617
611
656
609
521
537
608
468
409
393
458
353
320
400
426
408
392
320
304
193
281
256
304
216
10000
52
332
528
717
630
977
1156
1126
1248
1413
1573
1590
1776
1787
1872
2003
2130
2145
2211
2169
2309
2367
2455
2451
2459
2605
2631
2555
2559
2705
2539
2559
2751
2781
2747
2903
2741
2890
2865
2747
2871
2879
2895
3047
2951
2885
2995
3051
3067
3029
10000
3055
2791
2625
2431
2131
2106
2001
1906
1840
1704
1696
1530
1328
1482
1284
1142
1130
962
993
841
788
912
848
714
773
676
608
660
661
688
592
556
480
541
480
424
412
412
560
353
396
256
308
192
256
245
294
304
224
284
10000
197
577
601
716
690
912
1062
1232
1362
1509
1488
1697
1778
1872
2034
1946
1986
2095
2241
2320
2303
2334
2419
2374
2454
2507
2555
2647
2670
2671
2736
2615
2759
2769
2807
2749
2803
2845
2864
2947
2991
2911
2882
2933
2955
2991
2939
3003
3103
2991
10000
2879
2683
2653
2467
2160
2081
2037
1867
1776
1631
1602
1501
1350
1346
1298
1232
1051
1040
941
929
932
833
805
784
650
686
784
695
672
526
624
612
427
533
424
416
368
388
440
412
467
408
272
276
204
279
272
336
216
192
10000
204
336
488
828
868
976
1120
1184
1356
1381
1457
1656
1768
1795
1927
2026
2086
2154
2255
2335
2378
2445
2495
2495
2455
2519
2559
2702
2782
2714
2815
2710
2779
2691
2799
2967
2893
2999
2923
2839
2925
2909
2909
3053
3055
3071
3035
3022
2987
3015
10000
2866
2727
2559
2366
2229
2162
2015
1979
1802
1696
1633
1535
1401
1308
1283
1185
1132
970
880
972
842
886
836
692
736
678
634
685
656
729
472
532
496
395
496
496
368
368
374
291
394
412
298
361
210
326
320
256
268
116
10000
232
356
458
560
930
1038
1213
1073
1404
1356
1619
1734
1782
1863
1929
2023
2039
2166
2131
2359
2226
2375
2461
2367
2471
2623
2509
2645
2651
2686
2727
2791
2832
2723
2851
2873
2935
2831
2930
2933
2859
2991
2943
3063
2951
2991
2927
2915
3195
2991
10000
2943
2895
2469
2463
2188
2077
2026
1907
1776
1557
1472
1408
1267
1296
1280
1169
1088
1148
1050
977
896
847
845
818
777
720
624
717
668
604
622
556
464
520
554
400
444
450
401
320
437
386
333
336
306
268
224
308
184
322
10000
164
331
630
641
776
1014
976
1211
1318
1456
1624
1621
1755
1905
1883
2093
2079
2223
2293
2233
2411
2372
2606
2554
2559
2527
2559
2691
2679
2651
2699
2719
2864
2768
2773
2947
2835
2837
2967
2943
2831
3011
2911
2960
3063
3053
2975
3023
3071
3043
10000
2955
2769
2527
2377
2405
2202
2063
1969
1803
1729
1694
1445
1430
1341
1225
1200
1069
1088
1006
910
900
858
729
688
796
672
709
676
644
528
620
560
532
544
432
452
387
506
436
449
416
352
304
272
354
292
322
344
288
180
10000
112
450
422
768
814
947
1141
1201
1392
1452
1739
1571
1723
1837
1904
2033
2001
2212
2067
2375
2227
2321
2463
2491
2518
2491
2663
2535
2651
2679
2622
2661
2707
2826
2753
2831
2823
2959
2983
2875
2898
2955
2983
3010
3031
3021
2963
3103
3031
2951
10000
2858
2683
2549
2275
2319
1991
1939
1891
1715
1663
1619
1587
1533
1399
1226
1292
1108
1010
1097
1066
1043
906
846
720
801
582
781
686
544
608
527
564
528
562
568
462
474
400
352
304
344
370
368
304
360
276
268
172
264
282
10000
240
490
492
758
768
896
1077
1216
1349
1507
1573
1624
1786
1887
1974
2173
2128
2147
2162
2271
2335
2383
2405
2519
2591
2597
2634
2655
2749
2655
2731
2769
2679
2736
2790
2815
2878
2899
2829
2847
2875
3063
2907
2895
2883
3057
3121
2987
2991
3057
10000
3023
2813
2591
2411
2370
2266
1923
1990
1953
1670
1669
1635
1489
1411
1285
1290
976
1089
1084
1054
1033
794
864
769
909
692
785
692
608
662
586
550
528
502
510
592
468
448
518
490
432
288
372
424
320
444
245
257
281
216
10000
186
432
534
780
768
1049
1106
1196
1336
1402
1535
1717
1799
1840
2027
2011
2127
2198
2202
2314
2301
2419
2389
2485
2499
2559
2639
2659
2640
2739
2719
2770
2807
2795
2863
2887
2859
2877
2930
3023
2865
2959
3030
2987
3071
3163
2979
3055
3165
2874
10000
2928
2791
2672
2559
2215
2094
1947
1971
1842
1718
1631
1447
1216
1473
1264
1200
1201
1178
992
981
1008
1014
896
818
752
674
650
557
605
465
608
552
488
437
539
321
496
448
384
294
288
240
344
306
330
288
320
352
304
234
10000
240
400
540
704
876
999
1104
1161
1355
1476
1532
1632
1758
1904
1931
1943
2170
2055
2205
2348
2299
2439
2411
2475
2463
2531
2606
2585
2755
2655
2699
2783
2871
2742
2682
2832
2757
2834
2889
3015
2865
2983
3039
2955
3039
3035
2991
2954
2867
3031
10000
2971
2687
2603
2411
2299
2117
1950
1905
1767
1654
1566
1409
1449
1367
1250
1302
1152
1067
960
816
928
842
826
759
792
778
688
688
709
720
534
595
696
389
452
498
536
394
357
433
328
464
480
388
320
389
284
244
260
328
10000
144
397
550
709
814
1046
1104
1250
1381
1450
1677
1778
1847
1935
1761
1945
2067
2269
2157
2169
2320
2422
2480
2531
2417
2599
2674
2618
2743
2663
2783
2743
2783
2887
2698
2843
2879
2929
2979
2879
2971
3006
3038
2923
3023
3058
2951
2971
2926
3131
10000
2957
2672
2527
2462
2183
2071
2077
1874
1707
1667
1553
1586
1418
1387
1188
1166
1105
1113
1120
994
976
810
800
889
784
747
718
746
608
688
656
592
630
410
496
504
508
410
480
436
356
402
376
432
272
360
304
400
320
266
10000
208
299
548
740
752
912
1029
1250
1322
1501
1497
1695
1871
1892
1831
2118
2064
2167
2171
2318
2414
2450
2471
2493
2559
2590
2545
2687
2559
2646
2733
2759
2838
2819
2891
2879
2821
2813
2823
2907
2907
2819
3063
2975
3011
2903
3107
2999
2847
3055
10000
2951
2743
2657
2391
2351
2115
2062
1988
1811
1721
1603
1404
1296
1381
1349
1305
1154
1066
1040
944
880
832
896
720
760
724
705
656
712
540
544
568
496
441
480
416
352
426
454
336
434
368
428
324
336
290
232
312
298
272
10000
160
256
489
692
864
912
1049
1198
1370
1430
1644
1673
1744
1781
2001
1942
1966
2225
2243
2319
2386
2317
2448
2510
2509
2635
2635
2610
2659
2595
2715
2655
2707
2704
2877
2903
2833
2807
2871
2768
2871
2943
2959
2894
3051
3035
2963
3051
3127
3047
10000
2911
2639
2603
2405
2171
2149
2034
1968
1834
1703
1522
1500
1478
1353
1265
1220
1093
1050
966
1008
945
936
955
832
790
736
725
565
660
579
433
596
482
528
386
448
387
432
376
300
308
336
288
384
364
358
336
304
288
281
10000
300
438
464
762
752
1051
1075
1050
1265
1535
1503
1662
1872
1947
1853
2098
2013
2130
2267
2250
2326
2419
2415
2559
2405
2527
2611
2646
2667
2725
2662
2739
2607
2715
2799
2923
2903
3015
2955
2821
2923
2943
2927
2931
2783
2999
3025
3031
3007
2975
10000
2930
2695
2556
2559
2190
2091
2081
1886
1718
1826
1535
1474
1389
1394
1323
1226
1088
1076
1059
874
844
960
845
786
848
832
721
692
608
614
549
545
556
531
540
522
432
437
412
464
444
384
384
308
352
352
328
224
272
256
10000
256
476
556
660
888
972
1080
1101
1356
1436
1535
1655
1753
1795
1941
1982
1981
2015
2303
2334
2269
2417
2490
2611
2489
2449
2687
2672
2767
2743
2695
2747
2704
2798
2903
2807
2992
2829
2923
2859
2995
2805
3127
2971
3071
2977
2910
3067
2985
2943
10000
3007
2843
2503
2431
2323
2240
2042
1882
1823
1635
1555
1501
1413
1457
1354
1264
1152
1080
1010
875
867
978
909
768
656
832
742
604
564
544
604
560
400
496
440
482
374
466
372
384
352
274
332
260
256
232
298
256
272
296
10000
168
352
587
632
816
969
1090
1254
1302
1427
1518
1698
1756
1840
1918
1954
2192
2167
2251
2289
2439
2431
2413
2475
2335
2595
2619
2435
2627
2682
2723
2731
2779
2831
2741
2879
2831
2865
2863
2863
2799
3063
2893
3035
2935
2983
2925
3131
2947
3139
10000
2998
2815
2513
2295
2375
2127
2022
1894
1793
1697
1535
1535
1390
1293
1166
1222
1136
1158
864
986
834
981
800
795
736
722
640
727
640
504
541
448
473
424
384
556
565
480
352
344
364
344
400
320
354
353
180
256
198
296
10000
256
464
493
642
941
976
1126
1129
1328
1405
1531
1691
1741
1975
1975
2063
1995
2103
2094
2253
2333
2479
2377
2589
2467
2597
2543
2541
2719
2739
2723
2797
2705
2794
2831
2887
2815
2819
2906
2967
2877
2987
2870
2959
3087
3025
2947
3015
3061
3153
10000
2973
2791
2483
2355
2212
2131
1934
1901
1873
1651
1596
1643
1535
1266
1389
1217
1169
888
1002
1008
1020
923
912
801
746
678
640
800
630
660
646
560
498
456
440
500
452
438
352
432
400
476
148
236
274
304
304
292
240
100
10000
246
373
594
698
844
1046
1114
1290
1401
1565
1654
1700
1757
1904
1905
1901
2107
2010
2237
2295
2333
2449
2475
2555
2467
2594
2535
2619
2683
2751
2727
2835
2783
2803
2799
2710
2839
2910
2902
2925
3023
2911
3011
3007
2961
2893
2967
2911
2997
3006
10000
2879
2797
2647
2453
2275
2103
2096
1946
1882
1679
1639
1502
1514
1200
1264
1128
1056
1014
966
904
848
858
838
752
734
787
582
724
646
628
548
498
477
586
588
424
388
405
502
422
280
370
304
337
336
256
322
244
298
176
10000
244
356
646
729
818
1020
1083
1146
1399
1424
1516
1797
1835
1841
1856
2009
2111
2199
2302
2286
2337
2297
2337
2447
2458
2494
2639
2559
2669
2671
2695
2669
2773
2646
2822
2839
2935
2911
2877
2943
3031
2971
2854
2891
3070
2987
3087
2973
3039
3019
10000
2887
2690
2471
2481
2366
2006
1942
1955
1781
1741
1507
1446
1392
1438
1385
1200
1196
1106
1000
938
912
880
939
713
760
624
619
686
626
641
688
621
368
497
544
292
402
320
458
442
384
308
288
240
280
256
256
236
240
262
10000
328
422
432
672
752
929
1142
1161
1363
1535
1488
1727
1835
1807
1989
1898
2099
2255
2207
2167
2497
2331
2439
2511
2559
2499
2498
2706
2695
2675
2807
2679
2693
2743
2832
2783
2831
2815
2898
3022
2961
2907
2861
2961
2959
3047
3007
3063
3087
3123
10000
2847
2747
2621
2235
2218
2086
2000
1904
1765
1729
1601
1506
1423
1396
1309
1160
1114
897
1012
898
860
880
881
844
761
696
720
568
688
657
450
589
496
448
566
384
374
486
338
528
422
272
412
330
316
374
272
256
236
229
10000
314
332
576
656
848
993
1115
1136
1392
1514
1584
1616
1680
1730
1918
1951
1983
2147
2267
2257
2271
2391
2399
2559
2494
2619
2559
2735
2555
2704
2767
2647
2895
2673
2803
2879
2799
2967
2943
2887
2864
2975
2966
2991
3059
2957
3115
2943
3007
3021
10000
2927
2671
2559
2459
2234
2147
2063
1903
1949
1644
1601
1493
1397
1408
1242
1170
1153
1072
1136
944
916
869
768
725
800
693
816
744
608
557
458
626
458
480
404
450
425
369
368
396
364
304
216
404
316
320
240
208
245
208
10000
224
432
589
736
784
872
1096
1168
1387
1456
1681
1684
1841
1824
1875
2012
2128
2215
2277
2301
2371
2431
2559
2423
2497
2495
2621
2699
2675
2654
2799
2669
2777
2790
2705
2951
2899
2871
2830
2823
2743
3055
2930
3024
3058
3071
3098
2847
2983
2965
10000
2943
2863
2613
2463
2315
2129
1991
1926
1883
1694
1635
1501
1403
1392
1302
1172
1154
1022
880
924
848
778
877
784
808
673
692
729
531
468
656
656
492
472
486
442
428
425
416
433
368
240
384
328
345
368
278
290
260
220
10000
240
352
650
656
844
960
1040
1122
1398
1485
1607
1719
1771
1955
1886
2106
2075
2087
2213
2303
2251
2307
2455
2447
2498
2615
2641
2650
2643
2640
2675
2687
2751
2835
2759
2877
2806
2859
2943
2867
2943
3019
2967
3015
2974
2883
2958
3005
3047
3125
10000
2992
2791
2529
2309
2239
2127
1983
1845
1797
1680
1558
1430
1377
1424
1211
1238
1056
1008
1055
1071
898
875
958
733
720
576
682
640
620
448
644
608
544
432
544
457
488
452
400
306
373
269
320
376
258
198
256
240
192
244
10000
244
385
480
604
736
944
1094
1129
1202
1565
1597
1600
1712
1863
2063
1957
2129
2157
2256
2383
2287
2447
2379
2487
2497
2623
2546
2555
2726
2663
2643
2799
2787
2927
2767
2759
2811
2835
2973
2807
2965
2879
2919
2927
2992
3019
2987
3071
3151
3091
10000
2927
2834
2635
2398
2207
2218
1955
1941
1761
1655
1673
1446
1497
1442
1262
1180
1202
1028
885
990
944
803
686
736
825
746
672
672
602
580
506
558
444
496
486
410
428
460
400
374
256
320
320
356
338
357
290
241
320
297
10000
194
474
640
666
768
1039
992
1208
1337
1395
1581
1648
1778
1792
1895
1925
2063
2047
2245
2221
2336
2338
2443
2439
2423
2475
2559
2716
2626
2736
2927
2739
2722
2903
2855
2875
2939
2863
2935
2933
2898
2806
2949
3071
2871
2939
3067
2951
2992
2939
10000
2967
2736
2501
2385
2156
2096
2005
1985
1849
1747
1665
1574
1420
1360
1340
1254
1136
1008
974
907
978
944
848
777
673
704
616
721
687
553
420
624
461
480
441
420
464
340
368
320
245
288
240
368
236
288
9
237
176
280
10000
224
400
544
680
800
947
1056
1208
1343
1474
1654
1649
1742
1963
1905
2015
2128
2128
2288
2359
2437
2367
2327
2467
2512
2511
2559
2630
2703
2625
2763
2639
2738
2879
2802
2814
2811
2935
2890
2910
2867
2927
2975
2927
2915
3031
3054
3125
2974
2979
10000
3043
2697
2469
2383
2303
2118
1904
1903
1808
1728
1591
1402
1382
1205
1275
1088
1161
1104
937
1030
952
874
804
660
656
624
704
600
704
624
504
616
417
496
608
417
326
400
396
376
284
408
352
302
320
338
136
276
306
240
10000
232
257
468
608
829
1002
1060
1227
1413
1400
1535
1569
1651
1758
1856
1995
2064
2119
2163
2285
2307
2327
2463
2477
2559
2543
2557
2559
2669
2767
2847
2929
2647
2807
2835
2963
2943
2927
2961
2991
3019
2959
2975
2899
2986
3015
3167
3115
3089
3071
10000
2943
2742
2621
2319
2346
2131
1942
1774
1680
1660
1505
1511
1430
1347
1347
1226
1186
1138
1012
978
789
793
762
860
827
725
775
642
709
628
648
660
576
400
456
529
432
448
352
304
432
304
304
280
256
244
277
276
266
216
10000
296
496
594
723
946
990
1056
1408
1322
1429
1616
1632
1856
1787
1851
2064
2066
2178
2298
2295
2383
2471
2507
2511
2623
2519
2673
2591
2612
2608
2709
2811
2719
2863
2847
2787
2863
2791
2893
2993
2917
2861
3045
2943
2931
2934
2987
3121
3215
3039
10000
3115
2782
2703
2471
2231
2166
2029
1927
1662
1600
1593
1521
1424
1402
1291
1222
1011
976
1047
915
689
852
912
852
708
738
768
768
560
560
620
650
620
470
464
340
464
374
406
352
244
192
218
136
356
228
240
328
272
216
10000
328
260
552
746
919
962
1008
1190
1323
1461
1594
1646
1735
1787
1861
1979
2193
2239
2247
2275
2279
2501
2359
2453
2535
2595
2594
2559
2635
2767
2727
2687
2735
2743
2903
2783
2821
2827
2879
2983
3013
2994
2859
2867
2950
3071
2995
3039
2991
2983
10000
2939
2789
2535
2383
2216
2115
2064
1931
1838
1657
1614
1477
1472
1340
1170
1344
1152
1056
940
910
1066
832
880
928
720
672
592
640
662
592
596
592
476
468
492
416
576
461
365
488
352
264
304
304
248
272
326
244
234
256
10000
240
442
624
594
816
915
1179
1237
1383
1408
1717
1694
1843
1896
2054
1971
1989
2160
2167
2215
2303
2503
2507
2493
2493
2467
2607
2663
2736
2662
2641
2768
2695
2771
2929
2850
2899
2755
2807
2822
2971
3011
2923
3153
3058
3063
3095
3007
3014
3207
10000
2915
2779
2479
2511
2327
2218
2183
1930
1771
1724
1618
1356
1308
1394
1386
1118
1104
982
1080
1012
854
852
695
829
840
784
690
724
660
548
532
608
630
560
480
489
384
424
436
510
420
306
352
374
194
240
320
224
244
262
10000
232
474
472
752
842
1002
990
1066
1289
1399
1605
1552
1700
1738
1942
2113
2145
2094
2191
2201
2303
2160
2339
2486
2439
2609
2640
2513
2717
2739
2742
2828
2783
2791
2719
2893
2846
2915
2941
2879
2990
2863
2931
2821
2943
3039
2959
3187
3013
2943
10000
2958
2747
2640
2386
2203
2059
2083
1922
1946
1568
1493
1408
1360
1275
1232
1211
1114
1088
1040
946
907
875
880
808
741
784
677
648
673
644
524
560
388
494
530
456
493
294
384
496
320
401
346
374
328
243
256
284
177
136
10000
256
448
570
720
835
1018
1104
1168
1333
1459
1703
1684
1809
1885
1887
2000
2138
2123
2207
2191
2319
2402
2487
2559
2459
2525
2649
2557
2608
2635
2831
2810
2802
2650
2746
2801
2959
2801
2847
2960
2983
2999
2899
3022
3071
3115
2935
3199
3103
3015
10000
2967
2730
2533
2339
2271
2171
2013
1867
1829
1713
1702
1535
1424
1263
1229
1210
1099
1060
976
921
946
928
928
681
768
800
596
752
736
640
580
572
648
496
554
434
448
365
396
464
440
400
304
368
416
332
272
396
400
162
10000
216
384
480
686
805
904
1139
1297
1336
1437
1488
1617
1680
1739
1977
2023
2165
2137
2173
2193
2315
2471
2366
2503
2559
2631
2647
2627
2655
2687
2675
2769
2800
2815
2933
2831
2931
2959
2910
2943
3007
3023
2961
2843
3125
3039
3047
2926
3095
2975
10000
2943
2846
2590
2385
2157
2113
1965
1825
1860
1615
1621
1443
1444
1408
1232
1192
1275
1068
1073
846
972
892
762
752
723
754
676
658
641
656
560
517
485
528
464
394
343
428
368
352
256
352
416
384
304
326
246
256
274
264
10000
242
440
432
580
752
962
1044
1206
1321
1472
1505
1659
1791
1750
1993
2005
1996
2122
2213
2219
2448
2389
2435
2381
2529
2605
2540
2669
2599
2703
2676
2811
2701
2759
2606
2793
2835
2813
2711
2790
2887
2931
2902
3055
2993
2842
3047
2994
3157
2993
10000
3039
2749
2615
2425
2277
2070
1937
1855
1795
1617
1564
1533
1535
1298
1190
1209
1094
1040
933
919
800
792
736
784
668
768
717
630
625
592
608
490
578
448
509
484
432
442
384
474
409
304
320
392
332
304
362
112
258
246
10000
224
400
474
724
862
840
1138
1125
1316
1332
1535
1696
1791
1851
1891
2029
2149
2174
2213
2284
2398
2286
2418
2363
2591
2483
2630
2704
2670
2710
2747
2772
2754
2823
2867
2893
2815
2894
2853
2953
2883
2955
2943
3043
2960
2961
3059
2963
3023
3071
10000
2927
2747
2447
2353
2291
2147
1950
1903
1744
1733
1553
1456
1314
1370
1240
1130
1192
1125
981
1152
938
837
804
840
804
762
758
642
612
602
538
584
608
634
496
428
392
441
331
312
336
281
176
204
340
214
298
224
257
184
10000
74
260
528
672
698
1005
1145
1204
1293
1488
1520
1625
1849
1780
1900
1819
2067
2139
2210
2288
2188
2463
2416
2423
2459
2606
2606
2622
2697
2719
2783
2775
2719
2802
2806
2927
2927
2935
2833
2925
2939
2927
2915
2895
3111
2931
3071
3071
3054
3139
10000
2855
2741
2443
2267
2251
2101
1954
1885
1935
1683
1675
1442
1416
1253
1221
1200
1168
990
1104
944
845
844
760
809
726
704
604
661
672
608
588
617
496
524
432
520
401
433
338
314
304
368
424
273
384
416
302
256
320
272
10000
242
448
492
704
784
922
1092
1129
1238
1464
1488
1658
1845
1840
1938
1997
2011
1920
2243
2219
2335
2457
2531
2515
2471
2448
2641
2629
2681
2754
2673
2779
2763
2911
2863
2829
2815
2903
2931
2847
2991
2951
2886
2919
2931
2919
2991
2973
2956
2903
10000
2935
2743
2659
2426
2207
2043
1994
1852
1808
1683
1614
1432
1367
1408
1236
1136
1158
1200
944
852
793
896
824
728
808
720
710
596
690
576
600
640
432
608
464
480
400
448
368
428
304
274
280
321
352
336
372
354
276
256
10000
234
496
595
704
870
896
1132
1203
1374
1442
1513
1649
1651
1889
1905
1936
2129
2171
2153
2275
2325
2411
2379
2533
2493
2430
2622
2559
2627
2766
2799
2743
2707
2775
2875
2783
2827
2827
2883
2859
2898
3046
2928
3025
3071
2943
3118
3063
3043
3135
10000
2883
2815
2626
2416
2314
2230
2080
1861
1863
1667
1556
1472
1456
1350
1280
1222
1104
1111
932
989
882
825
864
700
772
882
762
554
672
828
536
584
472
436
508
472
522
464
432
320
309
361
304
336
326
180
293
274
304
358
10000
368
480
592
716
784
1072
1116
1312
1366
1376
1456
1700
1712
1858
1893
2079
2079
2287
2225
2285
2294
2047
2391
2371
2559
2583
2635
2725
2649
2643
2691
2767
2898
2955
2789
2897
2823
2855
3031
2941
2923
2831
2927
2991
3087
3023
3093
2975
2831
2995
10000
2928
2731
2511
2395
2205
2192
1987
1757
1722
1668
1405
1435
1376
1227
1269
1168
1165
1042
901
916
866
768
726
768
672
720
720
656
492
521
576
477
502
440
456
417
336
432
352
256
320
376
264
310
224
304
376
208
160
204
10000
152
224
605
692
921
965
1093
1220
1232
1473
1587
1686
1869
1943
1996
2002
2005
2221
2352
2342
2454
2403
2466
2459
2609
2559
2507
2631
2559
2763
2797
2830
2839
2879
2815
2778
2847
2943
2875
2975
3071
2907
2995
3103
3029
2981
3047
2955
2991
3198
10000
2923
2667
2479
2321
2326
2160
1926
1829
1724
1783
1558
1450
1414
1177
1338
1088
1008
920
953
916
824
877
720
738
678
717
536
586
620
456
588
540
438
468
481
604
450
244
388
290
284
198
305
336
256
272
274
324
232
268
10000
192
384
480
760
851
936
1063
1248
1418
1373
1653
1755
1866
1924
2079
2083
2240
2127
2191
2437
2386
2413
2378
2559
2659
2703
2559
2678
2800
2791
2693
2699
2871
2859
2769
3019
2959
2779
2965
3007
3117
3053
3031
2997
2911
3045
3031
3039
3173
3043
10000
2991
2646
2559
2487
2214
2095
1949
1840
1781
1626
1603
1427
1377
1277
1172
1142
1095
1008
850
876
964
770
866
782
758
641
656
656
587
644
466
482
432
450
366
320
405
295
281
370
256
312
278
288
336
144
320
128
194
272
10000
144
385
608
640
844
848
1157
1282
1486
1483
1734
1708
1733
1810
1968
2141
2207
2255
2273
2185
2341
2421
2455
2414
2527
2751
2637
2650
2767
2635
2647
2702
2919
2887
2831
2927
2967
2967
2811
2959
2943
2911
2955
3055
3007
3091
3152
2927
3249
3120
10000
3003
2775
2511
2366
2358
2142
2015
1761
1751
1648
1431
1359
1357
1328
1209
1099
1104
834
980
802
732
810
752
853
736
640
561
666
586
524
544
618
470
504
464
324
310
264
308
386
368
260
312
320
196
232
292
266
272
272
10000
90
420
524
646
817
874
1072
1170
1393
1484
1520
1791
1854
1845
1937
2063
1991
2242
2374
2375
2448
2479
2495
2463
2509
2655
2497
2723
2747
2778
2694
2747
2875
2806
2759
2807
2939
2929
3151
2943
2899
2928
2934
3024
3071
3281
3025
3069
3127
3093
10000
3003
2763
2507
2399
2306
2093
2023
1787
1775
1699
1456
1406
1360
1472
1212
1114
1104
954
1019
1004
824
816
760
712
752
752
632
580
564
586
528
448
476
496
528
496
396
292
418
298
400
368
386
244
214
152
208
374
228
200
10000
176
332
496
660
824
922
1176
1189
1422
1357
1698
1680
1835
1968
1999
1963
2209
2171
2197
2419
2498
2483
2447
2646
2591
2466
2639
2819
2843
2747
2831
2791
2811
2832
2833
2715
2854
2879
2899
3039
2901
3123
2915
3035
3007
2911
3058
3035
2999
3093
10000
2991
2741
2635
2430
2203
2143
2023
1908
1871
1667
1616
1363
1396
1350
1094
1027
1064
973
925
848
981
840
833
873
697
688
550
704
506
473
634
505
496
484
378
466
357
330
400
312
330
372
441
256
276
193
192
213
282
266
10000
228
436
571
780
743
1021
1186
1392
1437
1444
1616
1709
1751
1945
1887
2129
2066
2140
2243
2415
2355
2447
2591
2483
2495
2693
2639
2739
2704
2799
2831
2831
2915
2875
2864
2960
2847
3047
2931
3024
3003
3055
3097
2947
2983
2919
2991
3123
3043
3015
10000
3015
2711
2495
2495
2198
2186
1876
1950
1763
1737
1565
1447
1350
1272
1258
1112
1057
948
1102
962
912
768
732
816
841
693
640
832
734
576
548
416
434
565
384
400
370
304
340
304
326
340
288
240
240
208
192
272
306
170
10000
144
400
681
682
915
1070
1066
1259
1330
1454
1676
1807
1805
1886
2059
2126
2191
2113
2245
2381
2447
2386
2499
2559
2551
2687
2723
2747
2669
2615
2865
2879
2895
2835
2886
2947
2843
2943
3015
2961
3021
2927
2939
3039
2963
3099
3039
2930
3095
3025
10000
3035
2751
2411
2371
2345
2097
2058
1927
1722
1715
1579
1474
1371
1341
1246
1244
985
944
1021
970
896
842
836
716
672
705
650
586
560
568
482
526
436
570
412
480
436
434
338
432
372
404
256
296
307
300
136
181
272
180
10000
152
390
601
656
906
1034
1029
1137
1328
1606
1659
1730
1789
1909
1946
2013
2125
2256
2212
2289
2318
2525
2485
2512
2534
2683
2654
2687
2607
2907
2715
2899
2910
2847
2899
2966
2927
2927
2983
2926
2987
3111
3023
3055
3011
3043
3007
3093
3029
3025
10000
2918
2687
2559
2353
2223
2058
1997
1858
1710
1777
1505
1340
1392
1285
1238
1162
1216
968
929
840
890
840
780
698
640
676
624
629
662
549
480
488
393
465
395
425
384
393
260
325
400
322
416
336
216
214
204
294
210
180
10000
208
329
594
680
883
1008
1120
1277
1388
1602
1610
1702
1726
1955
2016
2111
2039
2267
2363
2383
2305
2431
2403
2525
2643
2559
2737
2695
2651
2815
2774
2759
2847
2839
2859
2847
2875
2875
3003
2867
2899
2991
2887
3053
3007
2951
3023
3019
3109
3069
10000
2879
2790
2597
2352
2198
2121
2031
1849
1782
1648
1455
1409
1415
1232
1264
1122
1112
977
920
882
866
704
825
730
707
600
617
704
618
721
560
464
426
384
554
368
428
453
323
336
352
256
368
321
368
336
320
272
336
172
10000
205
370
504
644
818
928
1093
1251
1368
1434
1655
1695
1809
1930
1949
2080
2034
2222
2343
2449
2359
2463
2551
2423
2512
2646
2783
2707
2763
2737
2736
2739
2823
2815
2867
2893
2871
2869
2931
2960
2975
3023
2899
3023
2983
2983
2957
3135
3026
3093
10000
2823
2799
2555
2342
2203
2115
1918
1840
1739
1594
1552
1382
1388
1257
1300
1178
1091
971
916
992
820
756
784
756
714
837
626
589
648
610
560
544
540
403
400
496
347
400
372
400
388
336
288
288
384
320
228
102
208
224
10000
206
426
560
667
720
995
1090
1252
1414
1584
1716
1701
1702
1902
1959
2038
2239
2287
2167
2470
2433
2395
2619
2415
2627
2559
2630
2671
2736
2723
2737
2714
2923
2827
2805
3027
2711
2807
2903
3071
2901
2959
2947
3039
3071
3087
3123
3041
3143
2991
10000
3111
2819
2608
2433
2305
2123
1989
1918
1833
1699
1474
1454
1351
1437
1249
1054
1112
1001
902
950
944
880
752
747
626
630
644
488
640
596
592
564
464
480
448
440
348
448
370
400
336
346
323
376
240
298
246
176
320
300
10000
68
354
448
736
800
1019
1057
1221
1392
1477
1428
1612
1742
1789
1897
2019
2127
2186
2286
2287
2303
2447
2448
2475
2672
2511
2707
2674
2583
2747
2815
2663
2831
2815
2892
2802
2991
3055
3023
2927
2949
3093
2847
3087
2957
2991
2939
3023
3122
3115
10000
2917
2879
2555
2355
2275
2164
2102
1866
1706
1629
1609
1558
1411
1424
1178
1074
1097
994
1054
843
784
776
842
690
800
597
698
729
528
560
624
480
482
464
433
521
373
374
313
401
368
272
400
314
272
146
230
193
192
184
10000
216
388
576
636
855
994
912
1283
1318
1577
1520
1742
1818
1933
1872
1972
2065
2030
2290
2385
2357
2402
2420
2491
2471
2643
2559
2743
2751
2775
2864
2719
2783
2930
2918
2974
2866
2941
2866
3025
2974
2925
3045
3103
2887
2929
3055
3059
3043
3111
10000
2990
2704
2482
2451
2219
2105
2000
1856
1815
1575
1598
1460
1323
1166
1234
1168
995
1178
1002
1003
804
704
770
717
741
686
610
624
530
549
526
468
416
582
485
360
496
384
385
416
364
376
272
340
328
208
232
288
217
372
10000
130
422
608
658
848
960
1168
1357
1311
1520
1636
1718
1857
1900
1828
2169
2118
2191
2179
2402
2367
2416
2471
2559
2605
2717
2615
2672
2789
2739
2839
2814
2739
2815
2835
2789
2771
2815
2918
3044
3071
2991
2982
2937
2943
3091
2967
3071
3003
3121
10000
2855
2791
2429
2453
2317
1971
1963
1875
1787
1517
1397
1413
1398
1246
1112
1062
1020
1049
880
960
928
806
832
832
688
608
624
644
682
610
499
506
584
496
432
464
480
404
256
208
322
299
392
272
298
228
220
320
244
104
10000
290
329
619
731
810
824
1115
1264
1377
1372
1502
1781
1818
1683
1972
2014
2042
2087
2402
2355
2352
2475
2395
2448
2512
2687
2659
2783
2815
2707
2759
2867
2711
2845
2813
2834
2797
3007
2967
3031
2903
2851
3135
2959
3001
3066
3103
3053
2991
3011
10000
3056
2768
2637
2448
2123
2161
1947
1941
1673
1650
1683
1462
1510
1284
1232
1056
1011
1021
848
890
976
848
746
674
608
720
608
583
705
624
613
444
460
434
464
401
368
352
384
352
422
304
236
320
280
152
227
178
248
176
10000
144
392
544
720
832
975
1084
1278
1392
1570
1689
1680
1829
1885
1887
2059
2143
2237
2224
2381
2433
2385
2407
2509
2611
2557
2559
2642
2799
2847
2767
2650
2943
2803
2839
2835
2887
3095
3015
2975
3043
2981
2879
3025
3015
3015
3047
3175
3063
2979
10000
2992
2839
2543
2363
2195
2128
1923
1867
1679
1513
1584
1296
1280
1440
1262
1042
1124
833
834
944
749
768
656
820
818
688
549
538
624
548
538
612
488
430
418
424
340
420
304
372
320
204
380
240
276
308
321
224
178
308
10000
144
364
498
720
820
986
963
1168
1424
1508
1473
1669
1732
1869
1982
1911
2175
2231
2271
2269
2326
2455
2535
2350
2510
2585
2707
2765
2689
2640
2647
2751
2835
2813
2853
2839
2943
2925
2975
2967
2863
3055
2919
3061
2999
3095
3058
3051
3199
3035
10000
3071
2800
2468
2414
2129
2102
1905
1846
1735
1636
1456
1472
1427
1290
1040
1152
1101
890
956
962
847
858
857
800
720
773
468
644
544
540
434
388
560
432
416
336
328
450
384
368
338
299
300
277
208
304
166
176
212
104
10000
200
464
592
656
924
1008
1130
1298
1408
1484
1519
1744
1853
1933
1951
2174
2117
2263
2330
2352
2303
2371
2443
2559
2623
2559
2647
2594
2763
2757
2885
2800
2887
2795
2863
2967
2911
2925
2935
2927
3167
3007
3055
3063
3046
3151
3039
3151
2939
3095
10000
2971
2813
2673
2359
2369
2013
2017
1872
1733
1601
1534
1364
1344
1269
1252
1112
1122
1027
896
864
1014
908
768
738
713
588
668
528
774
640
640
504
432
344
472
392
496
412
384
390
330
402
218
314
165
289
272
224
184
314
10000
256
444
568
792
890
960
1187
1254
1344
1488
1563
1640
1834
2002
1951
1967
2202
2283
2297
2314
2365
2327
2431
2446
2549
2611
2559
2597
2741
2779
2738
2646
2917
2781
2901
2831
2833
2835
3039
3119
2991
2967
3093
3007
2959
3043
2955
3059
2998
3031
10000
3047
2811
2533
2402
2279
2147
1902
1825
1698
1594
1502
1470
1339
1309
1162
1104
1074
1136
1019
880
902
772
816
752
748
561
576
576
545
490
498
408
456
496
496
450
464
384
368
432
344
344
294
342
304
280
171
240
116
186
10000
176
304
595
624
800
850
1116
1286
1404
1438
1650
1789
1800
2034
1979
1999
2192
2218
2213
2285
2404
2419
2487
2471
2704
2518
2757
2631
2590
2736
2635
2671
2895
2695
2929
3003
2897
2895
2866
2923
2886
2887
3023
3056
3015
3055
2928
2943
3167
3015
10000
2831
2823
2433
2439
2143
2133
2091
1813
1750
1647
1502
1456
1392
1307
1260
1068
1061
997
956
883
838
899
704
741
707
617
544
568
624
576
582
473
410
416
410
401
432
328
360
352
364
244
228
256
312
288
244
266
192
194
10000
240
388
480
592
706
864
1050
1229
1286
1530
1535
1776
1820
1956
1963
1969
2179
2213
2299
2380
2351
2271
2491
2483
2507
2625
2623
2650
2719
2639
2763
2687
2651
2759
2767
2878
2965
2822
2943
2878
2935
2898
2939
3053
2990
3007
3167
3071
3123
3011
10000
2957
2727
2641
2469
2242
2007
1966
1886
1586
1623
1478
1480
1347
1322
1248
1109
1017
1064
961
866
899
758
760
755
640
768
608
425
560
593
480
400
508
400
289
464
412
304
256
324
244
176
336
256
258
194
260
212
196
152
10000
192
280
507
710
768
902
1007
1241
1402
1443
1532
1733
1755
1842
1808
2039
2160
2177
2222
2294
2373
2481
2544
2559
2532
2470
2615
2735
2704
2695
2770
3015
2615
2803
2903
2867
2877
2859
2965
2943
2901
2991
2962
3071
2939
3093
3111
2959
2960
3063
10000
2931
2726
2448
2555
2193
2139
2003
1958
1743
1520
1640
1407
1152
1192
1248
1078
1104
953
978
880
811
873
754
736
784
704
642
592
576
511
554
554
440
533
498
384
452
320
368
314
210
300
376
329
256
240
232
218
180
240
10000
256
320
480
728
916
1000
1166
1297
1334
1526
1620
1718
1834
1777
1994
1999
2157
2288
2431
2294
2379
2549
2435
2599
2620
2598
2539
2734
2731
2927
2864
2799
2759
2943
2839
2822
2897
2922
2959
3035
2925
3023
3120
2967
3119
2933
3007
3025
3057
2879
10000
3043
2715
2594
2315
2271
2007
1969
1909
1643
1687
1428
1360
1364
1232
1217
1170
1031
952
942
940
880
790
736
700
642
784
594
508
560
496
484
602
448
464
398
336
346
330
424
322
330
342
396
184
272
304
329
240
230
192
10000
112
310
473
756
816
1015
1088
1238
1393
1535
1634
1557
1794
1831
2086
1973
2160
2256
2278
2339
2367
2326
2637
2451
2465
2589
2559
2654
2719
2795
2791
2835
2855
2771
2943
2821
2823
2931
2917
3061
3027
2995
2967
3093
3059
3051
3070
3024
3119
3163
10000
3071
2865
2583
2475
2229
2101
1933
1831
1791
1619
1559
1509
1421
1260
1232
1049
1162
1013
993
1026
828
808
762
736
779
677
752
624
672
529
544
694
500
481
494
432
400
388
230
336
320
388
307
373
324
236
296
198
320
176
10000
389
392
549
729
869
1065
1132
1344
1333
1535
1634
1707
1813
2027
2019
2139
2159
2237
2309
2319
2402
2531
2559
2662
2679
2598
2727
2703
2815
2635
2791
2823
2768
2923
2803
2917
3071
2917
3071
3039
3071
3089
2907
3039
3057
3127
3027
3059
3267
3071
10000
2991
2751
2559
2383
2352
2018
2022
1831
1696
1664
1568
1365
1424
1282
1168
1099
976
1040
957
972
875
848
754
781
688
720
769
652
616
624
573
476
460
376
498
448
336
406
353
348
400
464
232
448
304
323
328
102
210
256
10000
196
281
633
737
912
1021
1086
1284
1488
1466
1661
1777
1854
1949
2101
2067
2135
2255
2279
2302
2506
2468
2558
2559
2539
2650
2775
2727
2719
2737
2815
2879
2803
2815
2837
2775
2923
2909
2915
2979
3023
3071
3037
3099
3120
3135
2959
3115
2963
3254
10000
2951
2719
2599
2371
2181
2066
1933
1831
1822
1610
1452
1472
1390
1283
1236
1192
1200
1070
1008
849
822
861
784
724
728
647
577
670
458
656
496
545
384
372
441
476
341
464
324
398
408
324
280
