260
384
284
360
177
288
234
10000
148
442
584
746
852
1004
1136
1224
1361
1585
1590
1627
1834
2026
1999
2122
2192
2192
2239
2415
2398
2450
2531
2586
2499
2559
2722
2755
2659
2783
2723
2815
2947
2815
2895
2874
2949
2829
2959
2839
3037
3007
2919
2935
3025
2929
2893
3055
3187
3007
10000
2851
2737
2544
2501
2145
2153
1975
1802
1779
1649
1512
1418
1331
1329
1326
1120
1104
1100
908
832
922
768
734
743
708
678
641
640
640
550
482
528
453
417
532
426
406
392
384
378
310
472
320
163
256
172
144
321
240
258
10000
184
322
576
732
860
976
1090
1251
1328
1421
1611
1724
1767
1866
1921
1963
2118
2159
2255
2377
2401
2367
2591
2675
2491
2603
2607
2707
2787
2703
2725
2714
2719
2911
3024
2906
2847
2833
2999
2947
3023
3070
2943
3111
2955
3043
3023
3143
3071
3067
10000
2835
2723
2549
2251
2303
2137
1967
1830
1808
1557
1647
1422
1395
1308
1212
1097
1036
1054
916
917
904
850
804
814
772
628
641
656
508
558
368
578
554
560
377
440
304
336
320
394
288
240
232
292
234
293
336
162
288
308
10000
297
496
496
640
945
848
1232
1187
1393
1472
1648
1792
1745
1959
2027
2061
2112
2267
2265
2311
2374
2477
2493
2535
2635
2635
2653
2768
2655
2735
2735
2722
2815
2871
2911
2966
2851
2963
2931
2999
2959
2863
3155
3067
3095
3051
3059
3251
3095
3107
10000
2973
2771
2524
2341
2303
2146
1934
1878
1740
1712
1557
1495
1367
1262
1243
1152
1058
1104
968
864
772
924
810
792
781
688
624
505
628
532
497
674
456
478
560
344
402
368
400
428
368
304
225
405
256
284
280
332
272
320
10000
240
560
647
809
918
944
1181
1143
1296
1488
1604
1633
1754
1935
2047
2099
2183
2247
2357
2314
2330
2559
2461
2629
2434
2743
2627
2707
2679
2741
2778
2791
2771
2884
2829
2927
2923
2815
2911
3059
2958
3047
3031
2923
3141
2990
3107
3057
3090
3199
10000
2943
2768
2557
2413
2165
2102
2023
1818
1728
1632
1630
1348
1418
1264
1254
1106
1146
1042
976
816
994
852
934
897
770
724
704
633
652
640
416
576
496
443
434
442
432
330
400
276
345
378
258
272
345
276
320
288
306
268
10000
196
464
472
729
864
933
1130
1264
1396
1586
1695
1725
1798
1842
2026
2047
2094
2199
2254
2350
2335
2384
2479
2458
2591
2534
2625
2770
2781
2735
2833
2743
2847
2767
2915
2839
2879
2863
2982
3039
2896
3019
3019
2895
2997
2993
2895
3127
3056
3167
10000
2799
2639
2559
2399
2303
2073
1943
1935
1692
1628
1616
1391
1456
1364
1244
1152
1149
1008
946
859
928
825
730
752
725
593
624
668
664
473
496
473
508
448
468
496
338
416
288
416
262
209
240
306
417
288
256
176
288
144
10000
132
368
472
624
800
932
1060
1248
1330
1415
1590
1714
1834
1808
1891
2031
2177
2299
2287
2358
2395
2337
2517
2559
2470
2503
2539
2623
2783
2735
2733
2766
2723
2863
2811
2891
3035
2935
2991
2890
2960
2911
2943
3135
2910
3043
3039
3159
2903
2975
10000
2815
2779
2559
2511
2135
2125
1898
1783
1791
1760
1535
1465
1395
1454
1212
1220
1078
1056
1046
937
784
913
778
692
728
704
564
664
585
576
612
564
439
441
450
377
424
372
389
392
266
352
212
325
216
312
320
278
352
256
10000
208
336
564
656
854
930
1113
1296
1362
1517
1576
1643
1792
1817
1975
2086
2143
2256
2287
2356
2303
2387
2483
2469
2557
2599
2609
2559
2751
2669
2739
2845
2800
2862
2835
2898
2911
2875
3015
3095
2879
2951
2949
3024
2979
2982
3091
2939
3115
3045
10000
2893
2738
2463
2325
2257
2031
1926
1809
1758
1649
1488
1392
1249
1286
1171
965
1158
1018
960
880
816
848
757
636
657
722
592
624
520
441
484
436
410
469
424
336
361
208
396
328
257
336
160
160
345
53
185
192
208
70
10000
240
410
534
786
834
912
1104
1170
1296
1482
1554
1678
1692
1863
2000
1955
2035
2187
2173
2319
2297
2369
2402
2587
2559
2627
2591
2739
2523
2663
2623
2743
2751
2782
2897
2907
2931
2879
2943
2963
2895
3006
2917
2947
2979
2962
2966
2887
3118
3099
10000
3071
2683
2447
2379
2326
2098
2002
1847
1642
1456
1475
1459
1307
1220
1136
1013
950
944
986
865
752
834
760
770
608
768
592
594
470
416
464
480
406
406
362
397
336
392
280
324
224
144
320
272
96
264
176
201
256
244
10000
128
304
448
661
740
901
1097
1322
1424
1339
1615
1718
1803
1818
2102
1895
2118
2203
2258
2291
2405
2395
2545
2384
2529
2543
2590
2629
2694
2775
2807
2813
2715
2791
2799
2897
2865
2923
2851
2869
2923
2929
3051
3147
2975
3051
3126
3035
3188
3071
10000
2911
2815
2508
2311
2243
2032
1950
1840
1781
1559
1487
1331
1419
1408
1121
1068
1004
1028
1002
910
848
680
656
654
598
630
595
652
533
640
448
506
416
360
384
356
432
428
342
302
338
268
240
136
288
258
148
348
164
153
10000
128
368
592
784
936
970
1131
1250
1359
1362
1647
1743
1760
1893
1877
2001
2147
2097
2263
2315
2354
2403
2555
2447
2627
2663
2639
2679
2853
2691
2799
2767
2757
2783
2931
2831
2898
2983
2761
2925
2935
2995
3005
3139
2865
3151
3071
3003
3159
3088
10000
2967
2769
2448
2320
2171
2089
2019
1970
1724
1535
1600
1526
1423
1395
1243
1164
1097
998
1002
944
919
800
860
821
752
616
748
662
486
506
585
472
466
448
456
376
384
464
256
272
192
320
224
172
242
169
181
192
129
256
10000
128
352
474
552
779
984
1104
1319
1243
1527
1723
1786
1795
1814
1998
2157
2183
2163
2337
2315
2395
2442
2507
2535
2667
2635
2636
2603
2689
2709
2768
2800
2775
2835
2763
2847
2935
3047
2942
3047
3031
2887
3021
2979
3135
2899
2995
2939
2999
2963
10000
3055
2783
2512
2367
2227
2107
2065
1873
1729
1760
1473
1488
1286
1266
1284
896
1110
940
924
838
784
848
816
726
704
588
692
708
613
419
610
480
544
432
466
454
424
368
400
268
289
256
310
288
264
256
240
384
282
165
10000
201
288
549
624
882
1036
920
1237
1338
1429
1534
1683
1835
1870
1953
2019
2187
2123
2251
2217
2455
2414
2327
2471
2541
2678
2742
2669
2711
2823
2701
2669
2751
2882
2915
2879
2863
2863
2832
2923
2927
2947
2994
3006
2947
2962
3039
2951
3025
3053
10000
2766
2551
2531
2354
2151
2082
1877
1895
1653
1653
1552
1504
1285
1360
1092
1110
1050
1002
971
830
858
854
738
762
688
562
472
524
592
486
456
448
528
416
422
384
344
358
235
304
304
346
308
264
128
194
170
196
144
256
10000
98
370
480
624
832
864
1030
1255
1411
1401
1666
1707
1854
1891
1983
2071
2127
2079
2141
2311
2289
2419
2362
2499
2559
2615
2594
2735
2735
2533
2543
2861
2815
2686
2971
2843
2911
2927
2927
2981
2975
2959
3051
2919
2931
3056
3143
3059
2975
3071
10000
2895
2759
2519
2463
2263
2091
1871
1759
1759
1603
1475
1392
1288
1308
1226
1102
1032
1073
979
856
908
832
724
704
642
678
768
578
670
650
386
564
528
560
502
408
434
368
384
308
368
336
400
280
320
262
208
274
164
109
10000
274
448
596
604
806
998
1198
1268
1307
1491
1534
1632
1900
1920
2001
2080
2239
2151
2320
2303
2321
2451
2512
2480
2705
2554
2523
2807
2723
2751
2695
2726
2791
2847
2771
2891
2951
2855
2819
3011
3047
2935
2959
3039
3111
2979
3039
3062
3057
3091
10000
2960
2823
2619
2416
2335
2059
1922
1878
1791
1607
1610
1379
1452
1298
1152
1029
1072
1066
989
940
937
804
834
736
816
704
774
564
628
480
468
596
465
498
406
388
432
352
384
336
304
256
346
264
320
314
204
230
272
204
10000
248
320
600
608
940
1056
1050
1216
1472
1584
1610
1729
1846
1966
2055
2097
2160
2175
2389
2215
2448
2608
2513
2619
2726
2603
2607
2646
2747
2751
2706
2725
2822
2846
2847
2735
2805
2805
2949
2883
2959
2971
2899
3039
2929
2959
3054
3071
3165
3005
10000
3025
2737
2441
2479
2241
2010
1969
1950
1711
1693
1514
1483
1398
1232
1280
1207
995
1032
998
928
853
880
696
768
752
704
688
688
720
524
560
482
502
481
400
507
364
328
378
400
340
320
304
288
304
224
240
304
345
199
10000
212
324
540
752
822
928
1037
1333
1216
1504
1597
1707
1724
1872
1865
2002
2167
2203
2256
2368
2353
2378
2399
2527
2583
2682
2623
2715
2703
2727
2882
2791
2843
2807
2909
2875
2959
2807
2963
2999
2927
3062
3023
3154
3007
2963
2992
3135
3115
3067
10000
2895
2695
2587
2352
22
2315
2438
2511
2479
2546
2559
2654
2543
2687
2807
2899
2801
2907
2662
2831
2718
2903
2797
2823
2803
2899
2879
2923
3155
2983
2951
2928
2975
3045
10000
2981
2637
2531
2493
2271
2177
2031
2043
1757
1737
1578
1520
1448
1369
1312
1250
1295
1104
1097
981
898
875
820
728
769
648
656
656
558
560
616
530
472
404
464
541
404
430
398
488
293
240
364
352
364
289
352
300
145
176
10000
232
489
588
712
880
976
1062
1240
1291
1566
1704
1670
1813
1766
1914
2091
2195
2122
2203
2175
2291
2367
2453
2515
2510
2498
2507
2538
2703
2619
2641
2767
2687
2831
2823
2891
2768
2902
2915
2903
2973
2794
2951
3027
2879
3095
2933
2963
3071
2967
10000
2803
2755
2527
2470
2311
2075
2231
1936
1856
1669
1535
1467
1358
1304
1283
1155
1152
1104
1009
976
921
880
824
842
640
686
656
816
464
650
603
647
553
490
484
448
538
456
368
400
389
300
275
400
281
432
336
304
284
261
10000
240
480
528
554
683
932
1280
1222
1315
1424
1409
1648
1642
1788
1890
1968
2224
2186
2239
2259
2399
2379
2525
2273
2493
2559
2615
2527
2690
2762
2721
2815
2739
2806
2823
2879
2943
2851
2915
2942
2897
2832
2965
2981
2927
2863
2951
2987
3095
2979
10000
2963
2809
2474
2352
2327
2085
1988
1904
1638
1598
1577
1555
1426
1373
1237
1169
1152
1064
1076
1098
970
858
876
820
793
704
684
771
640
564
460
640
440
468
560
420
404
378
444
368
400
304
454
302
400
184
464
295
336
336
10000
192
432
642
752
794
913
1110
1290
1268
1443
1535
1707
1663
1732
1931
2097
1919
2273
2215
2253
2323
2279
2461
2529
2525
2435
2559
2667
2587
2599
2759
2835
2730
2806
2827
2879
2960
3011
2875
2897
2894
2971
2995
2947
3071
3059
3025
3118
3027
3071
10000
2925
2771
2559
2383
2195
2288
1999
1851
1829
1718
1591
1453
1535
1395
1258
1232
1158
1088
1002
1056
842
1013
784
914
752
848
710
688
533
630
641
401
533
450
540
422
400
504
324
339
304
320
272
352
416
342
268
277
345
272
10000
160
368
597
768
960
1008
1039
1392
1430
1405
1604
1729
1712
1926
1989
1991
2211
2192
2270
2303
2346
2365
2302
2497
2647
2491
2629
2626
2615
2727
2767
2615
2658
2802
2859
2847
2741
2927
2851
2966
2934
3015
2863
2967
3023
3071
2975
3027
2963
3039
10000
2842
2609
2559
2387
2331
2217
2027
1881
1685
1646
1565
1524
1478
1304
1320
1141
1096
932
1084
900
896
922
779
709
811
724
668
581
672
624
576
557
626
433
528
384
474
424
290
392
368
372
344
306
328
272
352
313
297
160
10000
288
384
528
682
962
976
1015
1232
1222
1436
1435
1825
1781
1941
1963
1955
1937
2042
2114
2155
2254
2283
2318
2391
2386
2481
2531
2671
2637
2654
2627
2758
2675
2790
2813
2855
3071
2875
2961
2903
2991
2891
2911
2931
3031
3039
3103
3031
3122
3099
10000
2847
2672
2511
2341
2303
2195
1957
1789
1630
1603
1574
1574
1456
1274
1234
1261
1140
1015
997
938
981
841
809
737
752
832
723
673
660
596
570
608
528
400
537
499
482
508
248
336
354
346
328
320
312
354
192
178
293
194
10000
217
476
576
684
874
1008
1065
1185
1298
1419
1664
1553
1712
1810
1858
1942
2127
2210
2307
2275
2317
2463
2364
2533
2465
2609
2559
2619
2742
2611
2783
2727
2774
2803
2795
2691
2805
2751
2823
2815
2879
2871
2847
3027
2995
3047
3143
2895
2993
3030
10000
2911
2823
2559
2374
2251
2130
2005
1983
1906
1673
1462
1535
1421
1290
1273
1173
1145
1029
866
992
947
822
814
755
662
777
620
730
508
592
632
562
448
424
530
441
450
480
432
354
332
225
369
256
114
274
368
238
304
288
10000
276
496
690
920
862
1040
1050
1336
1344
1566
1494
1712
1808
1664
1872
1904
2147
1948
2245
2221
2350
2382
2251
2503
2527
2508
2655
2629
2630
2623
2767
2751
2742
2743
2903
2770
2887
2859
2943
2847
3035
2751
2879
2915
3013
3011
3093
2999
3055
3071
10000
2871
2667
2499
2433
2277
2239
1904
1893
1817
1618
1577
1465
1455
1317
1261
1244
1214
1198
880
960
873
758
667
562
484
492
320
470
356
372
234
192
228
400
384
218
245
176
288
272
244
220
112
256
178
206
209
372
402
460
10000
40
522
636
704
784
1003
1152
1456
1390
1514
1556
1737
1719
1857
2078
2027
2269
2207
2235
2323
2307
2386
2451
2475
2495
2655
2674
2662
2687
2747
2723
2743
2823
2843
2894
2847
2847
2705
2847
2931
2835
2935
2897
3023
3015
2931
3071
3047
3119
3069
10000
2821
2661
2503
2423
2160
1851
1861
1823
1851
1686
1717
1574
1526
1442
1234
1181
1104
1150
996
1010
836
875
786
774
800
704
682
608
596
372
256
372
422
208
388
320
216
320
256
304
176
288
234
240
320
80
292
172
240
138
10000
108
1152
1435
1687
1907
2016
2023
2112
2180
2326
2255
2359
2399
2303
2475
2605
2623
2625
2451
2623
2703
2691
2719
2771
2791
2731
2875
2727
2791
2871
2929
2783
2827
2815
2911
2943
2812
2911
3071
2893
2927
2907
3095
2999
2835
3059
3199
3127
3071
3047
10000
1440
1917
1590
1468
1393
1200
1206
1104
1040
938
1126
808
961
848
887
890
723
672
624
608
528
570
589
630
609
572
488
480
501
457
377
400
436
530
256
464
437
432
280
472
280
332
400
293
260
322
290
236
282
64
10000
176
1129
1535
1850
1810
2057
2041
2195
2055
2325
1811
1870
2030
1915
1837
1951
2071
2128
2255
2247
2373
2453
2431
2419
2591
2549
2559
2625
2707
2757
2639
2686
2723
2861
2800
2800
2783
2847
2815
2942
3011
3031
3101
3215
3038
3047
2865
2870
3111
3157
10000
2931
2835
2531
2351
2159
2187
1903
1869
1825
1703
1567
1376
1392
1376
1198
1152
1073
1041
996
1072
1008
907
796
762
776
697
688
624
700
560
522
564
480
544
417
420
395
365
498
458
302
338
288
336
208
274
368
291
176
184
10000
26
786
784
706
1232
1307
1056
1249
1230
1533
1411
1666
1795
1844
1846
1963
2171
2067
2259
2331
2287
2319
2391
2399
2586
2519
2480
2609
2589
2535
2687
2742
2838
2923
2785
2741
2800
2815
2847
2943
2866
2847
2899
2991
2983
2963
2959
2999
3071
3151
10000
2899
2695
2459
2363
2375
2066
2001
1881
1702
1703
1745
1447
1408
1350
1293
1200
1080
976
967
977
950
850
880
732
835
720
715
656
764
584
505
576
608
565
461
593
496
496
464
355
256
312
428
216
284
280
229
272
384
268
10000
201
296
559
752
852
880
1053
1211
1241
1360
1635
1585
1788
1872
1874
1978
2143
2223
2159
2285
2454
2415
2361
2411
2459
2499
2627
2482
2671
2767
2699
2855
2789
2691
2711
2773
2827
2754
2911
3069
3011
2855
3059
3023
2907
2991
3011
2989
2879
2903
10000
2927
2847
2559
2607
2213
2095
1984
1900
1871
1697
1767
1535
1499
1347
1360
1057
1245
1057
993
956
977
861
832
848
779
768
768
768
736
528
654
432
728
448
576
256
392
492
376
388
260
416
320
378
352
352
362
400
256
329
10000
224
465
682
624
912
908
1040
1222
1398
1449
1667
1728
1726
1883
2030
1998
1999
2253
2142
2229
2416
2366
2425
2545
2639
2607
2559
2639
2559
2625
2641
2768
2909
2867
2843
2767
2951
2839
2931
3035
3110
3124
2878
2917
2885
2871
2931
2993
2983
2959
10000
2965
2743
2559
2433
2347
2047
2026
2002
1679
1734
1585
1494
1427
1330
1296
1241
1209
1090
992
1098
936
952
832
818
716
752
796
592
642
544
661
552
504
568
514
368
496
304
320
387
405
352
402
320
354
272
234
272
272
168
10000
197
236
440
689
784
869
1035
1244
1365
1450
1555
1715
1782
1966
1979
2103
2166
2171
2128
2446
2237
2333
2447
2455
2543
2671
2685
2663
2555
2863
2732
2819
2690
2823
2832
2935
2898
2835
2919
2915
2839
2961
2851
2879
3007
3029
2927
3063
3135
2987
10000
2800
2735
2514
2512
2243
2124
1972
1933
1947
1774
1561
1465
1448
1414
1274
1136
1077
1127
963
900
948
851
940
788
768
786
794
688
628
452
576
570
480
656
598
324
412
416
330
441
274
264
304
336
394
320
356
336
325
129
10000
145
406
624
642
896
905
1076
1197
1271
1284
1475
1669
1712
1871
1888
2011
2030
2023
2167
2246
2277
2459
2322
2433
2449
2483
2547
2512
2624
2773
2740
2605
2628
2655
2823
2787
2879
2981
2759
2829
2871
2907
2991
2851
3026
2992
2875
2993
2924
3015
10000
2962
2647
2589
2413
2251
2241
1975
1936
1727
1656
1583
1553
1228
1281
1199
1253
1133
1126
1006
917
979
896
912
840
771
688
684
760
618
584
646
497
557
464
496
408
384
354
388
392
464
384
312
300
356
268
232
204
203
272
10000
260
402
522
688
930
874
960
1188
1360
1508
1637
1650
1786
1872
1814
2042
2093
2145
2113
2207
2295
2375
2367
2559
2493
2559
2512
2591
2672
2704
2823
2811
2884
2788
2787
2887
2871
2943
2863
2871
2933
2927
2981
2931
2997
3237
2979
3023
2965
2983
10000
2898
2755
2509
2331
2303
1955
2017
1936
1685
1634
1600
1479
1621
1386
1300
1172
1160
1126
1085
992
880
910
839
784
752
628
628
704
704
581
544
464
496
653
397
478
394
404
517
396
386
289
256
384
368
330
321
176
346
288
10000
176
376
622
629
913
1036
1111
1230
1520
1424
1684
1683
1712
1867
1890
1874
2134
2154
2263
2191
2399
2366
2323
2608
2547
2559
2475
2583
2651
2695
2735
2865
2699
2714
2943
2831
2905
2859
2855
2991
3039
3007
2957
2975
3153
3037
3120
2947
3071
3039
10000
2971
2686
2638
2289
2224
2160
1962
1954
1817
1597
1664
1657
1357
1374
1264
1177
1130
965
998
992
993
952
915
833
745
800
810
802
692
624
388
560
592
462
544
432
496
545
416
322
292
288
332
406
288
240
384
310
336
112
10000
218
468
496
656
880
968
1043
1161
1397
1454
1639
1627
1766
1979
1886
2064
2114
2177
2189
2352
2333
2427
2484
2455
2431
2528
2735
2543
2694
2718
2774
2737
2814
2799
2733
2723
2815
2879
2899
3027
3025
3070
2943
2939
2895
2879
3027
2930
2983
2895
10000
2919
2859
2679
2535
2256
2119
2047
1894
1787
1857
1535
1623
1456
1356
1139
1197
1179
1118
997
990
842
832
837
827
816
645
754
619
748
608
490
592
493
508
528
393
448
387
392
346
324
354
454
288
196
178
418
308
276
208
10000
292
396
542
769
752
877
1074
1370
1390
1452
1442
1733
1843
1793
2023
1906
2062
2128
2223
2257
2255
2239
2343
2427
2591
2509
2667
2605
2673
2640
2815
2779
2725
2787
2831
2798
2871
2755
3023
2851
3003
2963
3003
2911
3057
2963
2991
3024
3071
3023
10000
2903
2791
2487
2389
2255
2015
1940
1835
1876
1728
1657
1491
1425
1335
1275
1056
1160
1113
902
960
836
757
858
832
816
756
768
620
697
624
624
466
656
496
428
428
456
417
460
395
440
358
336
300
354
192
244
320
299
192
10000
180
384
501
724
832
1070
1188
1092
1396
1421
1582
1722
1738
1766
1968
1936
2224
2191
2320
2288
2385
2378
2531
2490
2463
2687
2615
2698
2687
2749
2691
2639
2799
2743
2783
2863
2803
2851
2815
2929
2967
2919
2851
3071
2867
2943
2907
2979
2992
3025
10000
2957
2854
2479
2401
2251
2087
1994
1808
1808
1806
1613
1572
1392
1303
1182
1250
1173
928
1065
1076
955
874
729
848
828
801
695
640
636
544
608
581
608
484
448
370
520
488
488
348
324
384
370
236
354
238
314
260
256
292
10000
329
484
436
805
870
1010
1248
1243
1360
1440
1670
1567
1855
1714
1847
2001
1979
2112
2192
2159
2247
2499
2435
2551
2551
2503
2511
2587
2605
2687
2679
2631
2911
2883
2955
2802
2895
2899
2975
3094
2887
2961
2987
2955
2992
2839
3007
3035
2911
3123
10000
3039
2839
2443
2381
2279
2043
1973
1909
1776
1728
1645
1535
1393
1323
1264
1193
1244
1040
1144
995
944
780
832
734
704
698
774
661
661
576
680
616
578
426
560
560
544
404
388
306
357
313
302
336
268
344
256
240
336
260
10000
180
372
592
656
722
1008
1088
1264
1394
1487
1664
1703
1840
1897
1969
2015
2226
2196
2231
2167
2345
2416
2495
2498
2595
2535
2599
2639
2627
2765
2611
2747
2766
2866
2805
2831
2719
2791
2895
2865
2938
3023
2939
3056
2943
3039
3051
2975
2983
3199
10000
2787
2733
2671
2449
2282
2039
2036
1907
1717
1648
1570
1535
1392
1286
1178
1211
1138
1173
1060
960
853
875
784
774
754
763
678
686
726
640
608
576
521
462
576
492
416
401
386
353
340
370
352
277
288
304
226
325
321
256
10000
224
388
440
721
757
972
1164
1196
1370
1488
1557
1826
1858
1827
1955
2043
2146
2160
2055
2288
2207
2357
2556
2539
2503
2511
2605
2749
2615
2823
2761
2747
2815
2815
2739
2839
2879
2983
2869
2870
2939
2959
2919
2951
3043
2879
2971
2993
2928
3024
10000
2831
2736
2651
2335
2259
2159
2043
1794
1795
1593
1487
1413
1315
1335
1264
1106
1114
1137
990
1001
915
934
817
688
760
688
688
672
673
547
650
608
581
484
496
484
488
365
392
320
320
321
280
422
280
212
218
273
266
197
10000
221
428
466
720
762
944
1136
1181
1280
1405
1694
1694
1741
1855
1983
1915
2076
2167
2146
2214
2245
2303
2515
2539
2407
2461
2503
2591
2643
2775
2641
2719
2672
2773
2747
2759
2836
2801
2763
2815
2986
2870
3007
3031
2911
3007
2999
3071
2983
3025
10000
2981
2799
2486
2467
2297
2209
1932
1886
1813
1749
1552
1472
1354
1388
1297
1177
1109
1168
1030
904
992
784
945
772
923
833
736
668
560
608
640
502
552
474
521
416
496
480
282
418
352
384
273
320
340
330
368
272
304
240
10000
144
433
569
704
834
947
1108
1216
1312
1517
1465
1643
1681
1834
1902
1951
2203
2171
2222
2167
2199
2429
2343
2495
2607
2559
2675
2651
2627
2651
2655
2668
2559
2727
2768
2855
2827
2773
2935
2981
2931
2997
2987
2967
3019
3023
2959
3045
3023
2987
10000
2895
2823
2421
2386
2290
2142
1899
1891
1850
1719
1535
1535
1380
1352
1164
1173
1166
1092
1028
1032
1012
896
800
900
704
752
610
596
690
585
650
556
500
427
588
439
389
366
348
521
323
300
280
272
272
288
176
208
182
192
10000
82
346
496
620
868
928
1120
1113
1341
1392
1464
1667
1875
1886
1841
1919
2095
2145
2197
2303
2255
2433
2371
2395
2454
2543
2583
2603
2675
2549
2647
2640
2923
2751
2743
2941
2863
2751
2919
2865
2851
2814
2851
2887
2879
2979
2973
2963
3003
2982
10000
2843
2898
2625
2247
2327
2118
2025
1840
1710
1774
1714
1610
1502
1328
1353
1042
1114
1052
940
1066
858
833
772
680
832
811
688
501
640
502
560
508
456
406
414
533
496
424
448
395
329
332
400
304
264
330
229
136
224
289
10000
112
473
509
724
814
984
1186
1304
1312
1461
1599
1664
1774
1860
1811
1925
2069
2224
2251
2238
2267
2343
2367
2455
2526
2691
2513
2559
2653
2715
2559
2791
2815
2833
2791
2694
2838
2815
2943
2801
3057
2926
3121
3015
3151
3007
3005
2992
2963
2999
10000
2959
2679
2543
2457
2245
2090
2094
1985
1798
1728
1633
1382
1401
1328
1261
1237
1158
1027
956
964
960
936
916
902
664
710
832
701
502
690
576
546
576
500
530
588
488
485
428
421
480
364
408
420
256
197
342
320
326
176
10000
210
312
557
656
880
908
1069
1104
1360
1501
1519
1686
1775
1896
1872
1920
2159
2199
2177
2369
2379
2501
2481
2448
2495
2669
2608
2671
2450
2610
2677
2826
2687
2770
2810
2791
2815
2838
2903
2967
2975
2877
3051
3099
3109
3155
2923
3121
2929
2957
10000
2929
2822
2537
2513
2381
2041
2009
1840
1680
1622
1479
1425
1324
1303
1296
1297
974
1136
912
976
884
784
795
673
752
713
774
656
592
612
530
480
745
666
448
448
464
400
423
354
373
240
360
233
276
217
240
288
242
300
10000
310
370
570
688
851
976
1104
1058
1316
1500
1628
1632
1686
1855
1877
1961
2079
2162
2224
2176
2370
2419
2459
2471
2425
2512
2609
2587
2643
2637
2679
2877
2755
2823
2743
2823
2801
2847
2879
2853
2879
3003
2864
2967
2989
3055
2943
3055
3121
3053
10000
2801
2799
2519
2283
2130
2064
1973
1856
1919
1778
1584
1428
1400
1346
1201
1195
1174
1040
992
1043
977
826
816
835
781
632
813
652
750
593
563
668
536
400
491
468
368
456
436
320
280
305
288
396
240
248
352
272
300
261
10000
288
320
649
608
808
890
1072
1260
1221
1472
1650
1718
1861
1894
1968
1989
2087
2071
2209
2295
2295
2278
2495
2449
2448
2511
2659
2589
2687
2635
2719
2639
2715
2795
2783
2775
2834
2876
2961
2879
2879
2935
3025
2982
2963
2915
3063
2983
2995
3007
10000
2811
2783
2493
2495
2223
2213
1945
1878
1712
1653
1630
1523
1331
1358
1347
1210
1121
1138
986
971
1020
832
768
748
724
732
688
580
656
640
508
556
498
592
465
496
480
432
412
328
336
313
292
356
352
324
294
268
292
208
10000
128
522
608
762
712
1012
1017
1245
1276
1554
1510
1645
1840
1903
1984
2047
2013
2182
2289
2335
2431
2335
2350
2475
2480
2557
2650
2640
2678
2607
2704
2719
2755
2827
2919
2815
2899
2923
2989
2871
3031
2987
2897
2975
3071
3013
2917
3135
2986
3031
10000
2989
2659
2512
2353
2283
2091
1916
1905
1781
1559
1597
1472
1398
1342
1381
1114
1072
1072
1008
968
973
918
926
932
928
660
674
656
592
604
537
624
493
544
448
464
386
328
353
369
396
344
428
298
236
176
373
234
236
304
10000
107
330
552
710
752
1155
960
1084
1401
1358
1691
1667
1779
1867
1904
2018
2130
2142
2173
2127
2116
2365
2431
2455
2467
2543
2651
2627
2614
2623
2747
2767
2831
2799
2559
2903
2757
2832
2999
2971
3007
2963
2955
3005
2955
3183
3167
3135
2983
3107
10000
2998
2759
2559
2501
2230
2196
2069
1870
1808
1666
1649
1534
1374
1312
1188
1216
1202
1138
970
957
925
872
838
752
724
814
714
614
574
576
528
608
416
402
476
593
458
384
448
490
356
336
426
353
340
290
217
322
192
240
10000
176
476
535
726
816
910
993
1172
1386
1346
1553
1594
1638
1744
1970
2032
1987
2068
2183
2163
2399
2401
2490
2357
2527
2559
2486
2547
2639
2734
2682
2687
2737
2801
2870
2895
2827
2871
2935
2933
2959
2864
2975
2863
2987
3126
3039
2959
3053
2943
10000
2943
2759
2535
2315
2261
2153
1911
1833
1792
1664
1506
1431
1373
1357
1358
1109
1041
1079
1152
1038
921
885
861
896
772
725
685
632
656
656
526
601
464
448
492
540
464
376
480
272
258
292
292
336
240
248
300
296
160
278
10000
304
516
418
713
781
917
1054
1331
1376
1502
1667
1643
1737
1873
1895
1914
2123
2162
2206
2218
2289
2307
2379
2530
2539
2695
2559
2707
2645
2719
2679
2775
2738
2749
2831
2751
2823
2871
2839
2975
2855
2955
2879
2979
3035
3013
2971
3053
2919
3059
10000
2928
2739
2495
2422
2315
2213
1968
1766
1777
1680
1587
1517
1476
1389
1392
1244
1140
994
1013
974
876
880
821
784
584
669
696
588
592
540
640
564
521
464
504
458
496
370
214
416
400
339
256
324
384
304
312
288
237
232
10000
313
433
484
796
974
986
1202
1209
1280
1392
1535
1553
1758
1906
1936
1884
2039
2134
2199
2267
2271
2257
2340
2503
2553
2506
2559
2519
2527
2741
2691
2805
2687
2759
3035
2895
2935
2895
3063
2846
2963
3011
2959
2959
2863
2963
2895
2987
3071
2991
10000
2919
2705
2544
2375
2320
2145
2014
1875
1730
1640
1617
1462
1431
1244
1260
1175
1081
1152
1048
1122
923
832
908
813
729
693
752
656
625
618
540
576
484
593
378
448
480
368
394
424
416
321
384
299
320
276
224
275
260
188
10000
184
396
553
720
872
868
1057
1124
1174
1534
1585
1696
1674
1895
1959
1989
2071
2081
2151
2181
2326
2383
2341
2523
2533
2513
2627
2629
2704
2673
2683
2727
2707
2791
2791
2855
2815
2871
2858
2931
2929
2829
2865
3024
2867
2980
2915
3018
3039
3071
10000
2903
2835
2547
2411
2290
2159
1965
2025
1701
1665
1646
1445
1358
1520
1362
1177
1066
1090
1146
974
836
880
886
760
704
912
730
662
576
600
482
576
460
480
592
582
524
522
452
416
377
368
408
320
294
304
257
194
313
216
10000
162
528
657
592
704
896
1034
1181
1350
1334
1515
1627
1687
1814
1872
1966
2086
2109
2288
2231
2387
2331
2370
2480
2503
2525
2641
2585
2655
2667
2867
2785
2749
2943
2799
2883
2831
2935
2957
2799
2925
2895
2993
2993
2995
3135
2902
3071
3089
3035
10000
2879
2839
2558
2454
2211
2243
2009
1907
1733
1686
1644
1482
1492
1280
1197
1286
1160
972
1014
1036
962
827
742
944
752
720
704
755
597
584
592
496
516
432
520
368
508
408
324
322
236
328
292
360
224
236
168
304
192
320
10000
194
392
624
733
864
963
1138
1216
1360
1424
1582
1675
1767
1876
1894
1973
2000
2129
2195
2277
2331
2361
2445
2431
2583
2554
2647
2639
2587
2630
2653
2643
2747
2787
2847
2782
2897
2897
2919
2895
2951
2887
2799
2983
3021
3007
2846
3055
3023
3093
10000
2893
2769
2559
2442
2338
2242
2000
1829
1789
1639
1712
1535
1449
1296
1284
1288
1152
1111
992
954
864
838
908
672
747
749
672
670
640
552
476
644
528
586
410
364
562
464
448
400
352
388
320
268
426
368
368
296
304
272
10000
257
496
560
732
816
998
1156
1200
1380
1472
1600
1619
1714
1871
1882
2019
2112
2157
2275
2218
2303
2451
2399
2535
2477
2512
2559
2515
2618
2773
2815
2927
2838
2837
2911
2797
2837
2960
2960
2867
3026
3015
2947
2903
2863
2927
2886
3063
3015
3071
10000
2931
2771
2416
2495
2242
2229
2175
1903
1730
1706
1504
1399
1472
1373
1295
1229
1111
980
1037
1059
912
866
848
800
828
640
621
812
656
688
691
630
498
480
496
552
384
448
388
405
410
344
384
384
298
384
280
256
260
256
10000
280
406
614
586
912
939
1077
1189
1398
1489
1495
1572
1638
1808
1935
1917
2155
2101
2159
2269
2191
2466
2559
2435
2525
2507
2517
2685
2559
2638
2679
2747
2779
2801
2919
2815
2827
2923
2975
2923
2963
3039
2990
3007
3006
3088
2943
3037
3051
3091
10000
3011
2770
2497
2387
2261
2191
1929
1881
1867
1739
1632
1504
1328
1355
1213
1192
1130
1008
962
960
962
896
768
781
748
593
826
621
730
552
618
586
544
594
454
353
362
416
338
364
368
352
289
336
284
198
276
256
276
224
10000
208
324
544
656
912
930
944
1267
1296
1495
1511
1653
1744
1857
1871
1979
2060
2221
2160
2299
2371
2353
2413
2487
2479
2559
2623
2675
2706
2743
2597
2777
2787
2899
2895
2943
2931
2949
2927
2991
2933
3023
2935
2863
2983
3007
2993
3071
3055
2955
10000
2907
2767
2439
2419
2151
2037
2062
1874
1765
1774
1608
1535
1347
1276
1350
1270
1264
1125
1008
934
868
896
842
836
835
752
749
727
564
656
536
618
624
560
497
470
440
337
485
352
368
336
421
324
244
288
328
178
232
256
10000
260
384
612
676
797
936
1008
1193
1360
1335
1616
1613
1764
1847
1923
1978
2064
2189
2267
2141
2453
2399
2455
2527
2547
2523
2618
2591
2773
2621
2655
2655
2839
2723
2823
2853
2867
2845
2960
2879
2891
2919
2967
2961
3047
2878
2998
2997
3071
2951
10000
2959
2711
2491
2476
2395
2205
1963
1833
1881
1733
1662
1450
1473
1296
1260
1216
1120
1156
1041
1052
916
861
850
805
832
756
624
661
553
608
499
570
576
510
448
374
440
357
336
344
400
404
294
308
356
256
216
288
320
262
10000
230
432
576
636
800
1032
1141
1232
1382
1488
1502
1681
1756
1886
1900
2070
2055
2107
2165
2290
2399
2269
2394
2449
2583
2559
2631
2657
2711
2615
2807
2770
2871
2863
2935
2941
2960
2879
2926
2971
2847
3005
3095
2903
3007
2993
3147
2951
2951
3007
10000
2955
2736
2527
2353
2309
2116
1924
1869
1917
1678
1617
1522
1396
1370
1246
1344
1130
1107
1072
892
982
967
878
928
688
744
742
593
601
561
660
576
486
532
372
549
474
464
480
372
272
292
300
400
280
310
234
208
217
304
10000
240
411
544
709
848
928
976
1168
1235
1377
1535
1793
1701
1820
1935
2055
2047
2192
2128
2243
2335
2352
2438
2343
2403
2586
2626
2639
2662
2779
2687
2673
2651
2797
2923
2992
2927
2865
2843
2862
2967
2938
2855
2895
3005
3058
3038
3103
2997
3071
10000
2923
2795
2589
2379
2398
2128
2023
1968
1739
1662
1584
1535
1336
1341
1266
1194
1162
1050
992
885
874
942
817
846
752
619
721
675
720
691
616
532
560
624
544
496
500
338
364
355
344
288
322
354
320
272
256
336
217
320
10000
160
484
576
668
713
1028
1216
1193
1330
1419
1535
1791
1840
1754
1942
2125
2094
2042
2283
2243
2325
2269
2399
2421
2512
2542
2687
2608
2635
2765
2811
2781
2801
2863
2800
2898
2929
2811
2894
2927
2919
2815
2967
3011
3011
3039
2965
3121
2961
2990
10000
2775
2801
2519
2325
2287
2206
1894
1846
1743
1760
1701
1581
1376
1322
1293
1208
1149
1120
912
1078
982
904
860
834
848
748
689
752
564
545
530
448
588
594
480
502
546
464
432
406
400
362
410
321
336
281
272
304
196
170
10000
256
432
520
681
801
996
1021
1148
1378
1472
1610
1618
1779
1910
2014
2102
2095
2143
2302
2365
2327
2411
2386
2453
2559
2641
2617
2546
2623
2736
2672
2807
2800
2898
2869
2855
2767
2878
2997
2883
2959
2957
2886
3071
2903
2887
2979
3127
3135
3121
10000
2995
2862
2599
2371
2322
2211
1999
1863
1894
1690
1466
1584
1469
1328
1328
1216
1058
1045
922
998
871
846
836
748
792
666
706
722
625
561
716
490
536
562
432
456
424
488
394
360
452
321
368
264
400
304
304
432
234
407
10000
304
448
556
624
822
846
1089
1217
1239
1419
1693
1604
1655
1897
1968
1937
2047
2185
2070
2177
2246
2271
2379
2499
2511
2559
2437
2719
2727
2618
2875
2835
2731
2879
2773
2806
2951
2831
2857
2919
3007
3035
2975
3019
3071
2992
2951
2951
3107
2927
10000
2806
2883
2550
2323
2266
2115
2027
1937
1737
1648
1575
1500
1376
1337
1330
1092
1090
1188
1030
968
928
1006
802
928
832
726
770
704
684
584
540
528
464
396
384
544
400
406
345
336
400
336
368
368
256
392
320
308
220
218
10000
364
386
518
781
848
864
1030
1165
1359
1485
1561
1630
1798
1904
1933
1959
2203
2145
2254
2267
2298
2390
2417
2390
2559
2496
2615
2671
2709
2639
2703
2663
2831
2673
2815
2850
2855
2915
2899
2871
2891
3011
3089
2943
2999
2995
3093
3120
2982
3051
10000
2951
2759
2623
2431
2375
2167
2043
2007
1741
1710
1634
1650
1441
1493
1411
1246
1094
1090
1046
944
832
884
816
852
756
596
683
629
664
576
593
488
505
560
592
474
304
384
304
420
442
212
224
357
336
340
288
256
218
209
10000
208
320
592
745
811
960
1120
1192
1257
1518
1588
1616
1635
1879
1883
1953
1995
2182
2175
2252
2287
2367
2419
2479
2497
2559
2631
2778
2623
2711
2739
2693
2827
2865
2767
2963
2867
2845
2903
2975
3023
2897
2903
2957
3035
2947
3007
3031
3175
3047
10000
2995
2783
2493
2427
2308
2066
2001
1849
1838
1744
1623
1456
1400
1319
1216
1168
1227
1112
1008
912
972
864
873
810
716
732
720
622
633
646
460
533
392
484
468
432
374
352
416
256
416
312
313
256
332
256
258
304
224
288
10000
224
476
452
746
802
912
988
1062
1354
1419
1623
1695
1722
1754
1872
1963
2119
2070
2198
2246
2318
2385
2378
2423
2445
2519
2639
2595
2535
2625
2623
2714
2659
2738
2917
2843
2861
2843
2887
2827
2895
2907
2899
2923
2863
2783
2993
3071
2943
2915
10000
2959
2803
2478
2403
2163
2023
2077
1904
1786
1696
1663
1535
1489
1328
1245
1280
1168
1088
972
948
829
856
818
775
871
700
725
798
624
562
562
592
560
572
528
400
340
384
426
386
320
320
396
280
304
384
308
256
128
340
10000
208
416
602
778
836
929
1072
1211
1280
1452
1535
1584
1757
1853
1929
1951
1999
2147
2116
2170
2306
2311
2465
2503
2491
2519
2551
2627
2623
2775
2669
2751
2739
2755
2853
2803
2907
2847
2983
3015
2943
3095
2928
3027
2871
3039
3031
3023
2959
2995
10000
2959
2597
2463
2359
2249
2161
2083
1872
1728
1639
1505
1473
1425
1370
1200
1150
1141
1040
928
896
984
911
896
801
757
640
652
560
592
544
560
508
400
541
518
441
480
404
498
432
336
256
376
280
354
242
224
212
272
192
10000
200
384
524
640
870
944
1066
1241
1259
1457
1490
1690
1949
1970
1967
2130
2031
2288
2327
2333
2386
2551
2463
2559
2627
2671
2544
2695
2709
2706
2739
2683
2887
2901
2736
2735
2925
2895
3007
2935
2815
3045
2999
2960
2881
3107
2929
3058
3055
2991
10000
3015
2710
2619
2451
2198
2201
1982
1837
1744
1657
1606
1499
1380
1301
1232
1073
1100
1080
982
1003
931
848
788
692
733
732
594
683
560
470
480
384
588
536
432
357
496
464
396
400
278
186
193
226
234
212
240
192
204
220
10000
208
418
550
720
860
1052
1120
1276
1458
1563
1637
1722
1825
1943
1825
2143
2155
2243
2311
2299
2322
2421
2525
2431
2459
2621
2658
2709
2699
2707
2779
2803
2815
2830
2833
2871
2917
3025
2928
2919
2982
3039
2975
3057
2899
3029
2965
2995
3153
3121
10000
3003
2737
2543
2356
2241
2094
1967
1802
1821
1614
1519
1530
1368
1206
1236
1207
1072
1066
960
992
906
931
712
554
672
733
610
644
612
534
518
496
449
442
416
461
461
308
364
410
280
324
325
242
298
256
288
224
176
232
10000
224
308
448
648
874
993
1212
1068
1247
1472
1731
1643
1761
1805
1991
1968
2223
2192
2175
2363
2385
2463
2509
2602
2710
2523
2559
2655
2651
2831
2811
2759
2851
2815
2763
2800
2851
2941
2899
2943
2925
3059
2951
3167
3175
2875
3175
2963
3135
3003
10000
2943
2763
2510
2346
2214
2113
1895
1855
1757
1696
1473
1533
1389
1326
1161
1157
1072
1061
804
978
898
809
842
744
716
705
746
481
590
562
464
442
320
356
396
368
480
368
306
336
336
320
336
200
240
256
170
305
196
160
10000
140
384
496
813
893
864
1046
1223
1374
1392
1502
1603
1808
1878
1979
2031
2129
2171
2204
2331
2366
2423
2509
2587
2545
2587
2627
2651
2767
2755
2831
2723
2839
2879
2929
2903
2855
2919
2963
3037
2957
3071
2959
3051
3042
3071
3038
3071
3123
3151
10000
2895
2655
2485
2352
2225
2032
2034
1851
1795
1552
1473
1535
1382
1344
1067
1081
1091
992
1093
873
944
826
784
609
696
693
662
588
635
521
400
518
570
402
464
342
304
432
361
308
368
170
272
245
238
240
256
224
324
112
10000
180
386
404
704
714
997
999
1286
1328
1413
1600
1611
1712
1872
1919
2079
2192
2251
2307
2279
2387
2502
2497
2500
2545
2623
2613
2663
2737
2823
2679
2769
2704
2907
2718
2807
2943
2832
2935
3013
2983
3165
3067
3091
3043
3137
3238
3171
3115
3055
10000
3019
2751
2502
2367
2235
2190
1931
1778
1774
1569
1563
1360
1334
1273
1182
1154
944
1072
892
788
784
836
722
786
661
762
614
560
733
544
484
657
483
496
432
498
354
412
256
240
370
320
312
256
346
257
192
113
176
144
10000
312
408
468
665
960
912
1187
1285
1280
1535
1615
1718
1811
2031
2033
1927
2127
2209
2174
2343
2431
2405
2339
2519
2613
2497
2695
2613
2704
2767
2835
2783
2750
2823
2927
2823
2885
2975
3011
3021
3030
2955
2987
3007
2931
3047
3135
3007
3051
3087
10000
2986
2783
2598
2385
2223
2107
1904
1860
1775
1655
1468
1394
1316
1364
1264
1186
1123
1168
881
974
791
778
848
705
800
736
724
616
675
528
448
576
530
578
464
372
394
400
424
313
256
282
218
304
266
298
281
128
264
282
10000
97
298
653
666
844
1006
1184
1345
1393
1458
1449
1791
1639
1840
2009
2192
2223
2269
2199
2399
2313
2331
2559
2466
2555
2559
2559
2641
2614
2806
2799
2832
2855
2815
2835
2991
2851
2839
3025
2903
2927
2955
2973
2975
2922
3179
3051
3019
3023
3123
10000
2991
2807
2603
2335
2256
2117
1951
1781
1726
1584
1524
1479
1294
1089
1189
1152
1136
989
1104
896
912
875
752
868
760
688
592
682
576
496
522
420
484
492
432
496
400
368
358
425
393
240
165
432
293
310
226
304
212
210
10000
176
368
578
756
942
973
1095
1235
1340
1443
1472
1686
1773
1885
1945
2103
2267
2026
2243
2399
2347
2362
2530
2509
2523
2671
2603
2739
2645
2693
2885
2705
2867
2963
2887
2839
2959
2971
2867
2861
3026
2955
3089
3039
2967
3071
2939
2891
3179
3139
10000
2911
2923
2614
2375
2288
2110
2074
1808
1759
1591
1535
1405
1366
1297
1296
1098
1040
1003
978
843
940
820
838
690
691
528
690
633
634
516
608
456
458
416
336
384
425
432
356
388
306
256
304
342
288
402
282
200
192
244
10000
196
272
576
768
804
1008
1178
1285
1299
1520
1684
1664
1835
1969
2047
2087
2135
2179
2259
2349
2480
2418
2499
2611
2559
2677
2655
2671
2669
2871
2751
2743
2903
2715
2769
2829
2751
2915
3039
2943
2983
3039
2866
3027
3135
3063
2959
2973
3147
3175
10000
2895
2703
2515
2431
2224
2151
2033
1786
1841
1535
1590
1484
1323
1261
1232
1134
1072
978
934
820
966
876
832
656
653
741
681
579
624
500
464
528
482
400
432
372
416
328
400
256
366
300
300
240
272
333
213
229
208
288
10000
225
368
576
771
848
908
1104
1234
1486
1404
1679
1646
1810
1858
2064
2146
2222
2192
2231
2307
2307
2431
2475
2559
2618
2490
2681
2663
2683
2735
2847
2805
2903
2769
2789
2864
2897
2993
2847
2843
2879
3019
3071
2927
3025
2991
3029
3051
3047
2929
10000
2862
2703
2523
2311
2245
2047
2000
1723
1769
1591
1506
1358
1296
1251
1121
1146
1169
1002
858
953
841
755
866
784
720
669
696
694
589
534
540
562
436
408
402
416
456
448
325
404
336
342
240
344
168
192
368
92
257
196
10000
208
384
474
611
796
960
1000
1245
1367
1600
1643
1711
1883
1954
1885
1968
2155
2097
2254
2373
2346
2495
2327
2603
2559
2557
2707
2698
2731
2766
2781
2791
2799
2935
2927
2745
2897
2925
2863
3031
2843
2925
3143
3055
3071
3023
3057
3051
3037
3127
10000
2847
2743
2531
2247
2223
2075
1874
1872
1645
1697
1501
1424
1346
1285
1249
1088
1066
928
940
784
739
736
796
731
643
656
520
660
684
576
484
450
576
390
376
416
384
292
362
416
330
338
282
144
306
276
224
208
176
98
10000
236
372
586
661
848
960
1105
1127
1392
1488
1557
1647
1821
1968
1937
1953
2145
2130
2314
2221
2309
2423
2431
2519
2546
2649
2607
2638
2695
2775
2783
2682
2803
2815
2807
2895
2851
2911
3103
2883
2983
3005
2995
3101
3179
2959
3071
3091
3120
3069
10000
2863
2743
2413
2379
2178
2163
1953
1842
1674
1638
1564
1426
1284
1308
1220
1102
1057
1088
878
953
960
840
839
710
785
784
560
489
576
656
368
528
368
576
502
453
385
630
433
290
440
208
308
338
304
298
328
132
268
208
10000
84
352
560
720
881
908
1033
1168
1328
1352
1660
1735
1854
1809
1983
2063
2113
2131
2331
2270
2222
2269
2515
2559
2535
2543
2641
2727
2827
2679
2789
2751
2821
2864
2899
2749
2743
2799
2859
2987
3037
2943
3103
3015
3111
3089
3067
3071
3051
3207
10000
3059
2687
2643
2366
2339
2139
1971
1871
1742
1535
1639
1457
1408
1312
1256
1164
1107
1116
960
904
914
745
821
800
648
834
592
581
560
402
506
464
508
505
410
456
308
400
370
369
364
416
212
296
320
256
304
345
260
268
10000
227
394
553
730
793
1000
1222
1301
1440
1562
1529
1723
1965
1874
2026
2134
2187
2171
2257
2338
2457
2467
2591
2544
2608
2640
2661
2707
2829
2704
2767
2863
2855
2927
2855
2971
3035
3071
3095
2941
3063
3023
2974
3023
3131
3023
3087
3103
3143
3271
10000
2935
2735
2703
2398
2275
2139
1962
1993
1726
1731
1520
1502
1456
1330
1344
1339
1180
1197
1147
934
916
836
750
800
657
736
713
769
668
656
640
678
571
518
468
577
421
432
462
490
384
410
388
428
368
506
240
330
480
302
10000
256
477
582
804
972
1082
1137
1344
1379
1622
1610
1886
1860
1983
1995
2243
2171
2300
2334
2445
2516
2545
2595
2608
2773
2673
2609
2783
2879
2851
2807
2895
2963
2795
2935
2927
2829
3151
2963
2971
3027
3057
3211
3015
3071
3171
3199
3185
3127
3183
10000
3071
2835
2603
2370
2282
2103
2015
1984
1733
1626
1584
1483
1402
1338
1232
1189
1206
1060
982
838
960
842
952
876
761
811
626
705
746
520
624
612
553
548
604
560
480
473
435
525
524
397
458
410
344
420
410
416
208
336
10000
257
388
617
901
912
1117
1323
1400
1535
1588
1737
1882
1940
2135
2092
2086
2215
2288
2355
2480
2545
2613
2763
2747
2719
2653
2789
2611
2943
2927
2903
2951
2919
2942
3101
3151
3019
2931
3007
3071
3067
3023
3087
3191
3159
3151
3089
3206
3311
3199
10000
3069
2923
2687
2494
2223
2339
2070
2021
1782
1710
1673
1570
1584
1226
1372
1204
1163
1202
1005
1110
1009
752
816
922
704
740
742
734
740
728
616
586
549
498
483
510
460
404
352
320
440
320
364
328
240
304
186
320
176
226
10000
169
474
550
808
869
1056
1201
1325
1515
1565
1743
1739
1910
1917
1959
2191
2194
2367
2275
2326
2391
2398
2559
2659
2669
2667
2715
2545
2775
2610
2807
2886
2951
2788
2791
2813
2879
2843
2959
2959
2958
3067
3021
2822
2975
2967
3007
3159
3087
3159
10000
2799
2757
2599
2383
2219
2112
1950
1772
1823
1632
1535
1471
1392
1184
1145
1241
1065
978
938
929
945
938
816
800
849
685
624
728
531
568
522
528
432
420
461
362
394
396
388
520
373
352
292
304
396
396
168
256
288
292
10000
276
406
653
688
1008
1016
976
1268
1436
1530
1755
1655
1741
1904
2039
2122
2191
2250
2247
2246
2419
2477
2544
2595
2627
2679
2655
2767
2739
2864
2723
2815
3024
2843
2895
2943
2894
2845
2929
2966
2958
2959
3177
2999
3207
3035
3131
3131
3211
3278
10000
3107
2679
2659
2431
2262
2226
2021
1818
1851
1616
1596
1516
1483
1464
1104
1122
1139
1166
972
930
1044
944
928
680
772
784
704
642
656
672
606
622
520
458
585
400
566
464
422
548
304
357
322
400
344
308
256
340
336
361
10000
308
400
530
880
960
969
1274
1365
1494
1535
1728
1564
1857
1950
2063
2175
2234
2407
2481
2420
2510
2663
2512
2658
2846
2739
2853
2832
2767
2864
2959
2947
3059
3031
3058
3006
3027
3179
3199
3213
3071
3187
3311
3275
3219
3135
3375
3215
3277
3255
10000
3195
2999
2837
2675
2539
2355
2061
2109
2047
1847
1777
1744
1783
1701
1491
1488
1444
1357
1313
1168
1162
1164
1181
1192
964
1008
950
997
944
916
708
855
893
849
848
816
769
672
721
613
784
758
577
654
698
608
629
608
688
624
10000
464
744
1077
971
1309
1282
1570
1786
1827
1942
1999
2192
2192
2231
2407
2365
2546
2597
2763
2754
2693
2809
2800
3093
2993
3019
2967
3133
3174
3159
2995
3229
3235
3175
3189
3287
3203
3363
3367
3467
3217
3443
3335
3415
3347
3410
3357
3467
3423
3357
10000
3335
3217
2891
2599
2511
2414
2205
2162
2011
2038
1808
1662
1664
1525
1505
1473
1410
1168
1244
1244
1110
993
1121
1040
928
946
754
918
912
749
724
837
784
755
672
645
506
736
534
428
586
579
562
560
626
496
416
528
384
462
10000
576
572
729
816
1090
1280
1301
1600
1666
1781
1971
2038
2145
2097
2288
2319
2301
2442
2595
2539
2672
2795
2607
2743
2789
2831
2743
2961
3003
2955
3055
2993
3123
3021
3091
3103
3153
3107
3127
3167
3119
3271
3215
3039
3263
3315
3195
3423
3285
3215
10000
3111
2821
2639
2499
2431
2223
2161
2059
1815
1831
1596
1636
1452
1405
1237
1178
1223
1104
1010
1076
976
918
1114
858
848
880
856
777
656
688
621
496
560
634
688
652
508
509
481
532
545
490
540
428
348
444
296
411
400
392
10000
384
552
662
886
944
1037
1310
1346
1469
1624
1715
1887
1935
2035
2103
2086
2283
2442
2463
2437
2543
2607
2559
2559
2675
2682
2807
2815
2799
2943
2981
2867
2909
2975
2923
2939
2943
2987
3023
2975
3063
3093
3139
2979
3223
3126
3263
3119
3239
3249
10000
3095
2855
2613
2502
2357
2152
2061
1863
1834
1650
1631
1616
1381
1298
1261
1265
1174
1120
1132
973
936
750
870
805
853
664
694
736
656
656
694
560
576
565
515
384
384
408
468
390
392
441
336
370
452
376
322
348
330
376
10000
208
440
614
810
917
1063
1120
1313
1469
1568
1600
1763
1849
1953
2133
2099
2203
2276
2366
2486
2480
2445
2501
2471
2559
2607
2741
2687
2795
2781
2815
2759
2815
2806
2927
2939
2886
2832
2941
3039
2943
2995
2975
3011
3055
3131
3151
3147
3141
2966
10000
2959
2726
2598
2416
2215
2146
1882
1889
1726
1535
1552
1453
1314
1083
1238
1094
1091
1121
1037
805
800
848
688
752
713
592
697
640
558
564
552
392
402
416
336
364
229
282
266
304
352
243
280
178
240
210
212
212
144
16
10000
146
380
370
716
817
848
1062
1148
1213
1450
1488
1702
1686
1799
1989
1893
2081
2007
2258
2299
2339
2210
2306
2543
2391
2547
2615
2695
2551
2737
2687
2919
2687
2677
2823
2873
2625
2800
2759
2871
2861
2853
2959
2839
2855
2901
2955
2863
2997
2915
10000
2773
2655
2367
2256
2129
1979
1783
1735
1666
1370
1312
1377
1074
1097
1061
1030
890
862
777
726
642
617
454
454
594
496
538
334
465
320
289
282
208
220
344
201
214
192
138
2
104
128
144
160
256
82
86
26
20
36
10000
73
144
384
529
656
820
848
1056
1216
1216
1312
1459
1614
1647
1765
1820
2017
1919
2067
2127
2125
2242
2261
2259
2301
2465
2559
2511
2599
2675
2535
2723
2559
2658
2695
2745
2771
2704
2655
2783
2847
2891
2891
2847
3011
2927
2911
2915
2943
2747
10000
2807
2591
2521
2270
1981
2058
1833
1710
1535
1533
1392
1365
1224
1162
1034
944
1115
708
800
756
729
576
624
569
592
554
374
433
424
336
432
428
296
240
328
376
216
323
288
268
160
256
48
114
176
116
168
134
98
90
10000
0
176
392
528
694
825
1066
946
1212
1333
1257
1488
1616
1732
1712
1862
1840
2042
1978
2174
2271
2256
2416
2327
2450
2415
2383
2389
2503
2512
2663
2663
2641
2705
2749
2735
2686
2838
2803
2853
2859
2815
2815
2783
2927
2795
2910
2800
2833
2822
10000
2645
2673
2423
2161
2064
1852
1770
1567
1569
1424
1338
1140
1141
1210
952
916
880
786
764
721
608
616
522
554
565
460
396
386
336
356
216
212
288
232
180
108
128
107
244
140
128
96
112
0
36
96
90
12
42
180
10000
0
204
288
474
600
780
880
1006
1088
1288
1405
1453
1636
1712
1897
1829
2005
2010
2118
2193
2279
2274
2353
2387
2367
2475
2412
2618
2607
2449
2607
2651
2675
2638
2699
2737
2866
2751
2813
2803
2767
2735
2799
2879
2911
2895
2943
2731
2997
2963
10000
2871
2559
2511
2311
2061
1921
1876
1803
1488
1552
1475
1456
1308
1121
1091
1072
1072
929
936
752
801
720
616
696
644
568
464
592
566
552
466
421
474
304
400
336
346
160
368
300
276
308
288
152
322
304
36
140
130
88
10000
176
340
416
688
864
811
1104
1189
1296
1360
1497
1670
1726
1792
1808
1870
2039
2096
2231
2277
2337
2270
2463
2442
2559
2559
2630
2599
2597
2611
2645
2829
2807
2719
2815
2886
2899
2751
2831
2877
2979
2821
2994
2871
3036
2979
2919
3138
3101
2967
10000
2813
2667
2461
2343
2202
2062
1935
1891
1759
1568
1383
1456
1274
1157
1227
1118
1053
973
884
957
816
736
786
779
678
688
618
460
423
456
419
508
464
432
496
296
240
336
292
276
324
391
240
242
262
234
128
168
288
72
10000
84
308
448
640
694
896
1101
1156
1447
1525
1645
1648
1761
1875
1933
2064
2229
2210
2254
2237
2334
2351
2529
2498
2599
2593
2623
2559
2767
2663
2773
2831
2835
2998
2879
2903
2859
2911
2947
2865
2810
3043
3023
3089
3127
3089
3127
3167
3103
2992
10000
3071
2823
2513
2414
2317
2234
2009
1899
1764
1675
1618
1476
1467
1251
1182
1120
1053
1104
1032
996
816
828
704
762
750
688
720
736
592
596
584
594
524
544
562
549
349
436
474
478
392
296
314
372
352
304
432
340
280
454
10000
144
481
750
809
858
1035
1040
1360
1454
1584
1680
1865
1899
2073
2047
2257
2255
2353
2311
2459
2479
2654
2634
2657
2815
2815
2911
2815
2895
2928
3047
2862
2919
3015
3055
3022
3023
3103
3057
3183
3156
3203
3249
3221
3367
3283
3215
3309
3247
3229
10000
3043
2938
2651
2615
2447
2431
2011
2029
1842
1785
1726
1712
1437
1413
1420
1314
1223
1188
1177
1120
971
912
972
1001
819
800
821
818
786
720
628
692
661
628
560
544
626
465
560
384
752
560
506
395
456
305
384
368
392
342
10000
384
626
693
987
1155
1241
1253
1410
1680
1743
1867
1978
2143
2192
2249
2241
2354
2486
2497
2479
2559
2671
2702
2705
2930
2796
2783
2815
2799
2999
3059
3103
3123
2983
3027
2947
3211
2899
3071
3143
3071
3179
3247
3063
3338
3311
3215
3217
3251
3271
10000
3199
2864
2795
2559
2549
2261
2063
2045
2064
1808
1589
1615
